1737826921251 0.3359375 1
1737826921666 0.3671875 2
1737826922077 0.3984375 3
1737826922487 0.3359375 4
1737826922902 0.3828125 5
1737826923314 0.4765625 6
1737826923730 0.515625 7
1737826924142 0.5 8
1737826924552 0.5 9
1737826924967 0.515625 10
1737826925378 0.5703125 11
1737826925796 0.5859375 12
1737826926209 0.5546875 13
1737826926625 0.515625 14
1737826927038 0.609375 15
1737826927450 0.6875 16
1737826927868 0.6328125 17
1737826928284 0.6484375 18
1737826928706 0.609375 19
1737826929119 0.6171875 20
1737826929534 0.609375 21
1737826929948 0.703125 22
1737826930362 0.6953125 23
1737826930779 0.6796875 24
1737826931194 0.671875 25
1737826931611 0.6875 26
1737826932024 0.6484375 27
1737826932437 0.734375 28
1737826932855 0.6484375 29
1737826933272 0.7578125 30
1737826933691 0.6484375 31
1737826934106 0.7109375 32
1737826934519 0.6796875 33
1737826934939 0.6875 34
1737826935353 0.765625 35
1737826935772 0.734375 36
1737826936186 0.7734375 37
1737826936602 0.703125 38
1737826937018 0.7578125 39
1737826937432 0.7265625 40
1737826937854 0.7265625 41
1737826938266 0.75 42
1737826938684 0.6875 43
1737826939099 0.7421875 44
1737826939514 0.6953125 45
1737826939937 0.8203125 46
1737826940352 0.71875 47
1737826940773 0.78125 48
1737826941190 0.765625 49
1737826941617 0.7890625 50
1737826942035 0.734375 51
1737826942455 0.7265625 52
1737826942874 0.8046875 53
