1737826921248 0.1702127659574468 1
1737826921663 0.2978723404255319 2
1737826922074 0.35294117647058826 3
1737826922485 0.425 4
1737826922900 0.4888888888888889 5
1737826923311 0.625 6
1737826923727 0.5853658536585366 7
1737826924139 0.660377358490566 8
1737826924549 0.717391304347826 9
1737826924964 0.8571428571428571 10
1737826925376 0.8541666666666666 11
1737826925793 0.9090909090909091 12
1737826926207 0.7727272727272727 13
1737826926623 0.6739130434782609 14
1737826927036 0.7209302325581395 15
1737826927448 0.8048780487804879 16
1737826927866 0.7058823529411765 17
1737826928281 0.6585365853658537 18
1737826928703 0.6739130434782609 19
1737826929117 0.5957446808510638 20
1737826929531 0.6491228070175439 21
1737826929946 0.8809523809523809 22
1737826930359 0.7857142857142857 23
1737826930777 0.8780487804878049 24
1737826931192 0.7631578947368421 25
1737826931609 0.717391304347826 26
1737826932022 0.660377358490566 27
1737826932434 0.7222222222222222 28
1737826932853 0.7346938775510204 29
1737826933269 0.782608695652174 30
1737826933689 0.6888888888888889 31
1737826934104 0.8367346938775511 32
1737826934517 0.7547169811320755 33
1737826934937 0.8205128205128205 34
1737826935350 0.975609756097561 35
1737826935770 0.9183673469387755 36
1737826936184 0.875 37
1737826936600 0.75 38
1737826937015 0.8333333333333334 39
1737826937429 0.7111111111111111 40
1737826937851 0.75 41
1737826938264 0.6521739130434783 42
1737826938682 0.7380952380952381 43
1737826939097 0.7857142857142857 44
1737826939512 0.7333333333333333 45
1737826939934 0.8409090909090909 46
1737826940349 0.6944444444444444 47
1737826940770 0.8043478260869565 48
1737826941187 0.7857142857142857 49
1737826941614 0.8333333333333334 50
1737826942033 0.8913043478260869 51
1737826942451 0.8444444444444444 52
1737826942871 0.8285714285714286 53
