1737826921246 0.25806451612903225 1
1737826921660 0.3218390804597701 2
1737826922072 0.3711340206185567 3
1737826922483 0.3541666666666667 4
1737826922898 0.43137254901960786 5
1737826923309 0.5454545454545454 6
1737826923725 0.5 7
1737826924137 0.5785123966942148 8
1737826924547 0.55 9
1737826924962 0.6222222222222222 10
1737826925374 0.6456692913385826 11
1737826925790 0.5607476635514018 12
1737826926204 0.5964912280701754 13
1737826926621 0.5535714285714286 14
1737826927033 0.6078431372549019 15
1737826927446 0.7252747252747253 16
1737826927864 0.6923076923076923 17
1737826928279 0.7012987012987013 18
1737826928701 0.6666666666666666 19
1737826929115 0.6222222222222222 20
1737826929529 0.6666666666666666 21
1737826929943 0.7789473684210526 22
1737826930357 0.66 23
1737826930774 0.7058823529411765 24
1737826931189 0.6304347826086957 25
1737826931606 0.6804123711340206 26
1737826932019 0.6796116504854369 27
1737826932432 0.6842105263157895 28
1737826932850 0.7128712871287128 29
1737826933267 0.7741935483870968 30
1737826933686 0.7126436781609196 31
1737826934101 0.7884615384615384 32
1737826934514 0.7476635514018691 33
1737826934934 0.6881720430107527 34
1737826935348 0.7920792079207921 35
1737826935768 0.8035714285714286 36
1737826936181 0.7865168539325843 37
1737826936597 0.6666666666666666 38
1737826937012 0.7954545454545454 39
1737826937427 0.7191011235955056 40
1737826937849 0.7951807228915663 41
1737826938262 0.7058823529411765 42
1737826938679 0.7209302325581395 43
1737826939094 0.825 44
1737826939509 0.7674418604651163 45
1737826939932 0.8604651162790697 46
1737826940347 0.7575757575757576 47
1737826940768 0.7789473684210526 48
1737826941184 0.75 49
1737826941611 0.7777777777777778 50
1737826942030 0.780952380952381 51
1737826942450 0.7755102040816326 52
1737826942869 0.7945205479452054 53
