1737826921239 0.3125 1
1737826921654 0.5142857142857142 2
1737826922066 0.5365853658536586 3
1737826922477 0.3541666666666667 4
1737826922891 0.39215686274509803 5
1737826923303 0.5 6
1737826923719 0.5396825396825397 7
1737826924130 0.4423076923076923 8
1737826924541 0.5555555555555556 9
1737826924956 0.5833333333333334 10
1737826925368 0.7073170731707317 11
1737826925784 0.7948717948717948 12
1737826926198 0.6086956521739131 13
1737826926614 0.5217391304347826 14
1737826927027 0.6724137931034483 15
1737826927439 0.6428571428571429 16
1737826927858 0.5434782608695652 17
1737826928272 0.5454545454545454 18
1737826928694 0.6037735849056604 19
1737826929108 0.6046511627906976 20
1737826929522 0.5192307692307693 21
1737826929937 0.6491228070175439 22
1737826930351 0.8 23
1737826930768 0.7058823529411765 24
1737826931183 0.7317073170731707 25
1737826931599 0.7380952380952381 26
1737826932013 0.7333333333333333 27
1737826932425 0.7083333333333334 28
1737826932844 0.6037735849056604 29
1737826933260 0.7254901960784313 30
1737826933680 0.6153846153846154 31
1737826934095 0.7111111111111111 32
1737826934508 0.6086956521739131 33
1737826934928 0.74 34
1737826935342 0.813953488372093 35
1737826935761 0.75 36
1737826936175 0.7586206896551724 37
1737826936590 0.7413793103448276 38
1737826937006 0.7017543859649122 39
1737826937421 0.6415094339622641 40
1737826937842 0.6825396825396826 41
1737826938255 0.7021276595744681 42
1737826938673 0.6326530612244898 43
1737826939088 0.6829268292682927 44
1737826939503 0.6944444444444444 45
1737826939925 0.9047619047619048 46
1737826940340 0.6545454545454545 47
1737826940762 0.8157894736842105 48
1737826941178 0.8378378378378378 49
1737826941605 0.8297872340425532 50
1737826942024 0.6888888888888889 51
1737826942444 0.6666666666666666 52
1737826942863 0.7924528301886793 53
