1737826921257 1.1038728952407837 1
1737826921671 1.0923410654067993 2
1737826922082 1.0904439687728882 3
1737826922493 1.090697169303894 4
1737826922907 1.0902233123779297 5
1737826923319 1.067819356918335 6
1737826923734 1.073744535446167 7
1737826924148 1.0674903392791748 8
1737826924557 1.0684590339660645 9
1737826924972 1.0566662549972534 10
1737826925383 1.0393884181976318 11
1737826925801 1.0455142259597778 12
1737826926214 1.0363996028900146 13
1737826926630 1.0428746938705444 14
1737826927043 1.001615047454834 15
1737826927455 1.0043995380401611 16
1737826927874 1.0075198411941528 17
1737826928290 0.9951305985450745 18
1737826928711 0.9824970364570618 19
1737826929124 0.9813998937606812 20
1737826929539 0.9694395661354065 21
1737826929954 0.9319435358047485 22
1737826930367 0.9203225374221802 23
1737826930785 0.9392350912094116 24
1737826931199 0.928750216960907 25
1737826931617 0.9103478193283081 26
1737826932029 0.9103103280067444 27
1737826932442 0.8751405477523804 28
1737826932861 0.9094071388244629 29
1737826933277 0.8444405794143677 30
1737826933696 0.9127800464630127 31
1737826934111 0.8635538220405579 32
1737826934524 0.8777848482131958 33
1737826934945 0.8657925128936768 34
1737826935358 0.8210002779960632 35
1737826935778 0.8444788455963135 36
1737826936191 0.8164799213409424 37
1737826936608 0.8562524318695068 38
1737826937023 0.8061487078666687 39
1737826937437 0.8425577878952026 40
1737826937859 0.836321234703064 41
1737826938272 0.8119691610336304 42
1737826938689 0.8655213713645935 43
1737826939104 0.8160648345947266 44
1737826939519 0.8414466381072998 45
1737826939942 0.7710626721382141 46
1737826940357 0.8328268527984619 47
1737826940778 0.795303225517273 48
1737826941194 0.799688458442688 49
1737826941622 0.7838492393493652 50
1737826942040 0.8131892085075378 51
1737826942460 0.8314081430435181 52
