1737826921254 0.38482511043548584 1
1737826921668 0.3824348747730255 2
1737826922079 0.39872750639915466 3
1737826922490 0.3442460298538208 4
1737826922905 0.37604057788848877 5
1737826923316 0.4470045864582062 6
1737826923732 0.5920154452323914 7
1737826924145 0.5690045356750488 8
1737826924554 0.5560560822486877 9
1737826924969 0.5239017605781555 10
1737826925381 0.5337681770324707 11
1737826925799 0.7112035751342773 12
1737826926212 0.6148033142089844 13
1737826926628 0.5596453547477722 14
1737826927040 0.6417034268379211 15
1737826927453 0.7221645712852478 16
1737826927871 0.6374595761299133 17
1737826928286 0.6882284283638 18
1737826928708 0.599687397480011 19
1737826929122 0.6170173287391663 20
1737826929537 0.6135931611061096 21
1737826929951 0.7453749775886536 22
1737826930365 0.7229885458946228 23
1737826930782 0.7047427296638489 24
1737826931197 0.6956419944763184 25
1737826931614 0.6902894973754883 26
1737826932027 0.6292929649353027 27
1737826932440 0.7361111640930176 28
1737826932858 0.6494184136390686 29
1737826933274 0.7638158798217773 30
1737826933694 0.6472384333610535 31
1737826934108 0.6998076438903809 32
1737826934522 0.676002562046051 33
1737826934942 0.7080864906311035 34
1737826935355 0.80020672082901 35
1737826935775 0.741428554058075 36
1737826936189 0.8084290623664856 37
1737826936605 0.7137930989265442 38
1737826937021 0.7808746695518494 39
1737826937435 0.7465832829475403 40
1737826937856 0.7275132536888123 41
1737826938269 0.752357542514801 42
1737826938687 0.6933519244194031 43
1737826939102 0.7484084963798523 44
1737826939516 0.7023885250091553 45
1737826939939 0.8225107789039612 46
1737826940354 0.7362696528434753 47
1737826940776 0.7837931513786316 48
1737826941192 0.7702615261077881 49
1737826941619 0.7923786044120789 50
1737826942038 0.7668235898017883 51
1737826942456 0.7628032565116882 52
1737826942876 0.8068251609802246 53
