1737826921242 0.42016806722689076 1
1737826921657 0.3225806451612903 2
1737826922069 0.3055555555555556 3
1737826922479 0.25 4
1737826922894 0.23728813559322035 5
1737826923305 0.2 6
1737826923721 0.2962962962962963 7
1737826924133 0.2608695652173913 8
1737826924544 0.24489795918367346 9
1737826924958 0.12 10
1737826925370 0.13333333333333333 11
1737826925787 0.417910447761194 12
1737826926201 0.3050847457627119 13
1737826926616 0.36666666666666664 14
1737826927029 0.35555555555555557 15
1737826927442 0.5671641791044776 16
1737826927860 0.5405405405405406 17
1737826928275 0.547945205479452 18
1737826928697 0.43478260869565216 19
1737826929111 0.5555555555555556 20
1737826929525 0.5 21
1737826929940 0.5079365079365079 22
1737826930353 0.6153846153846154 23
1737826930770 0.6506024096385542 24
1737826931185 0.7105263157894737 25
1737826931602 0.64 26
1737826932016 0.46153846153846156 27
1737826932428 0.7391304347826086 28
1737826932847 0.46153846153846156 29
1737826933263 0.6575342465753424 30
1737826933683 0.5263157894736842 31
1737826934098 0.5538461538461539 32
1737826934510 0.5588235294117647 33
1737826934930 0.59375 34
1737826935344 0.6865671641791045 35
1737826935764 0.5846153846153846 36
1737826936178 0.6666666666666666 37
1737826936593 0.5882352941176471 38
1737826937009 0.6666666666666666 39
1737826937423 0.7105263157894737 40
1737826937845 0.5396825396825397 41
1737826938258 0.7674418604651163 42
1737826938676 0.6419753086419753 43
1737826939090 0.7157894736842105 44
1737826939506 0.6526315789473685 45
1737826939928 0.759493670886076 46
1737826940343 0.6813186813186813 47
1737826940764 0.7529411764705882 48
1737826941181 0.7472527472527473 49
1737826941608 0.7297297297297297 50
1737826942026 0.6470588235294118 51
1737826942446 0.5846153846153846 52
1737826942865 0.7619047619047619 53
