1737826921255 0.35355520248413086 1
1737826921670 0.37063226103782654 2
1737826922080 0.39534690976142883 3
1737826922491 0.34583333134651184 4
1737826922906 0.37430718541145325 5
1737826923317 0.4515993297100067 6
1737826923733 0.5192939043045044 7
1737826924147 0.47996458411216736 8
1737826924555 0.48754310607910156 9
1737826924970 0.5084415674209595 10
1737826925382 0.5365554690361023 11
1737826925800 0.6330839991569519 12
1737826926213 0.5736578106880188 13
1737826926629 0.5184972882270813 14
1737826927041 0.5736433863639832 15
1737826927454 0.6947476863861084 16
1737826927872 0.6438589096069336 17
1737826928288 0.6613562107086182 18
1737826928710 0.6067515015602112 19
1737826929123 0.634818971157074 20
1737826929538 0.5968723893165588 21
1737826929952 0.7129823565483093 22
1737826930366 0.6894410252571106 23
1737826930783 0.6888992190361023 24
1737826931198 0.6764542460441589 25
1737826931615 0.6851621270179749 26
1737826932028 0.6321897506713867 27
1737826932441 0.7420228123664856 28
1737826932859 0.652233898639679 29
1737826933275 0.7631554007530212 30
1737826933695 0.6485223770141602 31
1737826934110 0.6950419545173645 32
1737826934523 0.676572322845459 33
1737826934943 0.6835382580757141 34
1737826935357 0.7670021653175354 35
1737826935776 0.7208660244941711 36
1737826936190 0.7619265913963318 37
1737826936606 0.6975557804107666 38
1737826937022 0.7529358863830566 39
1737826937436 0.7352826595306396 40
1737826937858 0.708117663860321 41
1737826938270 0.7568650245666504 42
1737826938688 0.6927708983421326 43
1737826939103 0.7416148781776428 44
1737826939518 0.6929681301116943 45
1737826939941 0.8245206475257874 46
1737826940356 0.7194865345954895 47
1737826940777 0.7824699878692627 48
1737826941193 0.7666149139404297 49
1737826941620 0.7861788272857666 50
1737826942039 0.7356979250907898 51
1737826942458 0.7331132292747498 52
1737826942878 0.8074886202812195 53
