1737826921237 0.26666666666666666 1
1737826921653 0.47368421052631576 2
1737826922065 0.5057471264367817 3
1737826922475 0.38636363636363635 4
1737826922890 0.42105263157894735 5
1737826923302 0.5416666666666666 6
1737826923717 0.6415094339622641 7
1737826924129 0.5168539325842697 8
1737826924540 0.5747126436781609 9
1737826924954 0.5915492957746479 10
1737826925366 0.6904761904761905 11
1737826925783 0.7560975609756098 12
1737826926197 0.6746987951807228 13
1737826926612 0.5714285714285714 14
1737826927025 0.7155963302752294 15
1737826927438 0.7346938775510204 16
1737826927856 0.6410256410256411 17
1737826928271 0.6792452830188679 18
1737826928693 0.6808510638297872 19
1737826929107 0.6842105263157895 20
1737826929521 0.6067415730337079 21
1737826929936 0.7551020408163265 22
1737826930349 0.7912087912087912 23
1737826930767 0.676056338028169 24
1737826931182 0.6818181818181818 25
1737826931597 0.7380952380952381 26
1737826932012 0.75 27
1737826932424 0.7727272727272727 28
1737826932842 0.7111111111111111 29
1737826933258 0.8222222222222222 30
1737826933679 0.6881720430107527 31
1737826934094 0.735632183908046 32
1737826934507 0.691358024691358 33
1737826934926 0.7474747474747475 34
1737826935341 0.7954545454545454 35
1737826935760 0.759493670886076 36
1737826936174 0.822429906542056 37
1737826936589 0.8037383177570093 38
1737826937005 0.7843137254901961 39
1737826937419 0.7472527472527473 40
1737826937841 0.7818181818181819 41
1737826938254 0.7764705882352941 42
1737826938672 0.6966292134831461 43
1737826939086 0.691358024691358 44
1737826939501 0.6666666666666666 45
1737826939924 0.8351648351648352 46
1737826940339 0.7272727272727273 47
1737826940760 0.8157894736842105 48
1737826941177 0.8051948051948052 49
1737826941604 0.8478260869565217 50
1737826942023 0.7469879518072289 51
1737826942443 0.7741935483870968 52
1737826942862 0.8484848484848485 53
