1737826921252 0.3149664103984833 1
1737826921667 0.3727013170719147 2
1737826922078 0.39414557814598083 3
1737826922489 0.3301767408847809 4
1737826922904 0.36323776841163635 5
1737826923315 0.42904043197631836 6
1737826923731 0.47926855087280273 7
1737826924143 0.45207861065864563 8
1737826924553 0.4565368592739105 9
1737826924968 0.4445904791355133 10
1737826925380 0.4898262917995453 11
1737826925797 0.5782518982887268 12
1737826926211 0.5254248976707458 13
1737826926627 0.4972222149372101 14
1737826927039 0.5596650242805481 15
1737826927452 0.675710916519165 16
1737826927869 0.6246246695518494 17
1737826928285 0.6428297162055969 18
1737826928707 0.5941000580787659 19
1737826929121 0.6206627488136292 20
1737826929535 0.5911360383033752 21
1737826929950 0.6806619763374329 22
1737826930363 0.6888644695281982 23
1737826930781 0.6775136590003967 24
1737826931196 0.6742597222328186 25
1737826931612 0.6861691474914551 26
1737826932026 0.630383312702179 27
1737826932438 0.732022762298584 28
1737826932857 0.6285069584846497 29
1737826933273 0.7513167262077332 30
1737826933692 0.6423771381378174 31
1737826934107 0.6926466822624207 32
1737826934520 0.6659483909606934 33
1737826934940 0.6764655709266663 34
1737826935354 0.7580336928367615 35
1737826935774 0.7158935070037842 36
1737826936187 0.7585378289222717 37
1737826936603 0.6862134337425232 38
1737826937019 0.748811662197113 39
1737826937433 0.7256267070770264 40
1737826937855 0.7055605053901672 41
1737826938268 0.7499315738677979 42
1737826938685 0.6865115165710449 43
1737826939100 0.7440491318702698 44
1737826939515 0.695580005645752 45
1737826939938 0.8183745741844177 46
1737826940353 0.7220557332038879 47
1737826940774 0.782559335231781 48
1737826941191 0.7674825191497803 49
1737826941618 0.7851111888885498 50
1737826942037 0.724999725818634 51
1737826942456 0.7114397883415222 52
1737826942875 0.8016367554664612 53
