1737826921243 0.30864197530864196 1
1737826921658 0.2830188679245283 2
1737826922070 0.2682926829268293 3
1737826922480 0.375 4
1737826922895 0.35 5
1737826923307 0.35714285714285715 6
1737826923722 0.8 7
1737826924134 0.75 8
1737826924545 0.6666666666666666 9
1737826924960 0.5 10
1737826925371 0.375 11
1737826925788 0.9333333333333333 12
1737826926202 0.75 13
1737826926618 0.6875 14
1737826927030 0.7272727272727273 15
1737826927443 0.8636363636363636 16
1737826927861 0.6896551724137931 17
1737826928277 0.7692307692307693 18
1737826928698 0.5357142857142857 19
1737826929112 0.5952380952380952 20
1737826929526 0.6363636363636364 21
1737826929941 0.8888888888888888 22
1737826930355 0.8 23
1737826930772 0.8181818181818182 24
1737826931186 0.8181818181818182 25
1737826931603 0.6857142857142857 26
1737826932017 0.45454545454545453 27
1737826932429 0.85 28
1737826932848 0.6521739130434783 29
1737826933264 0.8 30
1737826933684 0.5882352941176471 31
1737826934099 0.6428571428571429 32
1737826934512 0.6785714285714286 33
1737826934932 0.7916666666666666 34
1737826935346 0.92 35
1737826935765 0.76 36
1737826936179 0.9523809523809523 37
1737826936594 0.8 38
1737826937010 0.88 39
1737826937425 0.8709677419354839 40
1737826937846 0.6538461538461539 41
1737826938259 0.7857142857142857 42
1737826938677 0.7428571428571429 43
1737826939092 0.6938775510204082 44
1737826939507 0.6078431372549019 45
1737826939929 0.6818181818181818 46
1737826940344 0.7209302325581395 47
1737826940765 0.7804878048780488 48
1737826941182 0.7555555555555555 49
1737826941609 0.8181818181818182 50
1737826942028 0.9166666666666666 51
1737826942448 0.9047619047619048 52
1737826942867 0.8648648648648649 53
