1737826921250 0.3359375 1
1737826921664 0.3671875 2
1737826922076 0.3984375 3
1737826922486 0.3359375 4
1737826922901 0.3828125 5
1737826923313 0.4765625 6
1737826923728 0.515625 7
1737826924141 0.5 8
1737826924551 0.5 9
1737826924965 0.515625 10
1737826925377 0.5703125 11
1737826925794 0.5859375 12
1737826926208 0.5546875 13
1737826926624 0.515625 14
1737826927037 0.609375 15
1737826927449 0.6875 16
1737826927867 0.6328125 17
1737826928283 0.6484375 18
1737826928704 0.609375 19
1737826929118 0.6171875 20
1737826929532 0.609375 21
1737826929947 0.703125 22
1737826930361 0.6953125 23
1737826930778 0.6796875 24
1737826931193 0.671875 25
1737826931610 0.6875 26
1737826932023 0.6484375 27
1737826932436 0.734375 28
1737826932854 0.6484375 29
1737826933270 0.7578125 30
1737826933690 0.6484375 31
1737826934105 0.7109375 32
1737826934518 0.6796875 33
1737826934938 0.6875 34
1737826935352 0.765625 35
1737826935771 0.734375 36
1737826936185 0.7734375 37
1737826936601 0.703125 38
1737826937016 0.7578125 39
1737826937431 0.7265625 40
1737826937853 0.7265625 41
1737826938265 0.75 42
1737826938683 0.6875 43
1737826939098 0.7421875 44
1737826939513 0.6953125 45
1737826939936 0.8203125 46
1737826940351 0.71875 47
1737826940772 0.78125 48
1737826941188 0.765625 49
1737826941616 0.7890625 50
1737826942034 0.734375 51
1737826942453 0.7265625 52
1737826942873 0.8046875 53
