1737826921247 0.5333333333333333 1
1737826921662 0.35 2
1737826922073 0.391304347826087 3
1737826922484 0.30357142857142855 4
1737826922899 0.38596491228070173 5
1737826923310 0.4838709677419355 6
1737826923726 0.43636363636363634 7
1737826924138 0.5147058823529411 8
1737826924548 0.44594594594594594 9
1737826924963 0.4883720930232558 10
1737826925375 0.5189873417721519 11
1737826925792 0.40540540540540543 12
1737826926206 0.4857142857142857 13
1737826926622 0.4696969696969697 14
1737826927034 0.5254237288135594 15
1737826927447 0.66 16
1737826927865 0.6792452830188679 17
1737826928280 0.75 18
1737826928702 0.6595744680851063 19
1737826929116 0.6511627906976745 20
1737826929530 0.6851851851851852 21
1737826929945 0.6981132075471698 22
1737826930358 0.5689655172413793 23
1737826930776 0.5901639344262295 24
1737826931191 0.5370370370370371 25
1737826931607 0.6470588235294118 26
1737826932021 0.7 27
1737826932433 0.65 28
1737826932852 0.6923076923076923 29
1737826933268 0.7659574468085106 30
1737826933688 0.7380952380952381 31
1737826934103 0.7454545454545455 32
1737826934516 0.7407407407407407 33
1737826934936 0.5925925925925926 34
1737826935349 0.6666666666666666 35
1737826935769 0.7142857142857143 36
1737826936182 0.7142857142857143 37
1737826936598 0.6 38
1737826937014 0.7608695652173914 39
1737826937428 0.7272727272727273 40
1737826937850 0.8461538461538461 41
1737826938263 0.7692307692307693 42
1737826938681 0.7045454545454546 43
1737826939095 0.868421052631579 44
1737826939511 0.8048780487804879 45
1737826939933 0.8809523809523809 46
1737826940348 0.8333333333333334 47
1737826940769 0.7551020408163265 48
1737826941186 0.717391304347826 49
1737826941612 0.7291666666666666 50
1737826942032 0.6949152542372882 51
1737826942451 0.7169811320754716 52
1737826942870 0.7631578947368421 53
