1737826921245 0.6578947368421053 1
1737826921659 0.375 2
1737826922071 0.3548387096774194 3
1737826922481 0.1875 4
1737826922896 0.1794871794871795 5
1737826923308 0.1388888888888889 6
1737826923724 0.18181818181818182 7
1737826924135 0.15789473684210525 8
1737826924546 0.15 9
1737826924961 0.06818181818181818 10
1737826925372 0.08108108108108109 11
1737826925789 0.2692307692307692 12
1737826926203 0.19148936170212766 13
1737826926619 0.25 14
1737826927032 0.23529411764705882 15
1737826927444 0.4222222222222222 16
1737826927862 0.4444444444444444 17
1737826928278 0.425531914893617 18
1737826928699 0.36585365853658536 19
1737826929113 0.5208333333333334 20
1737826929527 0.4117647058823529 21
1737826929942 0.35555555555555557 22
1737826930356 0.5 23
1737826930773 0.54 24
1737826931188 0.627906976744186 25
1737826931604 0.6 26
1737826932018 0.46875 27
1737826932430 0.6538461538461539 28
1737826932849 0.35714285714285715 29
1737826933265 0.5581395348837209 30
1737826933685 0.47619047619047616 31
1737826934100 0.4864864864864865 32
1737826934513 0.475 33
1737826934933 0.475 34
1737826935347 0.5476190476190477 35
1737826935766 0.475 36
1737826936180 0.5128205128205128 37
1737826936596 0.46511627906976744 38
1737826937011 0.5365853658536586 39
1737826937426 0.6 40
1737826937847 0.4594594594594595 41
1737826938260 0.75 42
1737826938678 0.5652173913043478 43
1737826939093 0.7391304347826086 44
1737826939508 0.7045454545454546 45
1737826939930 0.8571428571428571 46
1737826940345 0.6458333333333334 47
1737826940767 0.7272727272727273 48
1737826941183 0.7391304347826086 49
1737826941610 0.6585365853658537 50
1737826942029 0.5 51
1737826942449 0.4318181818181818 52
1737826942868 0.6808510638297872 53
