1737826921240 0.23255813953488372 1
1737826921656 0.43902439024390244 2
1737826922067 0.4782608695652174 3
1737826922478 0.425 4
1737826922892 0.45454545454545453 5
1737826923304 0.5909090909090909 6
1737826923720 0.7906976744186046 7
1737826924132 0.6216216216216216 8
1737826924542 0.5952380952380952 9
1737826924957 0.6 10
1737826925369 0.6744186046511628 11
1737826925785 0.7209302325581395 12
1737826926200 0.7567567567567568 13
1737826926615 0.631578947368421 14
1737826927028 0.7647058823529411 15
1737826927440 0.8571428571428571 16
1737826927859 0.78125 17
1737826928274 0.9 18
1737826928695 0.7804878048780488 19
1737826929110 0.7878787878787878 20
1737826929524 0.7297297297297297 21
1737826929939 0.9024390243902439 22
1737826930352 0.782608695652174 23
1737826930769 0.6486486486486487 24
1737826931184 0.6382978723404256 25
1737826931600 0.7380952380952381 26
1737826932014 0.7674418604651163 27
1737826932427 0.85 28
1737826932845 0.8648648648648649 29
1737826933262 0.9487179487179487 30
1737826933682 0.7804878048780488 31
1737826934096 0.7619047619047619 32
1737826934509 0.8 33
1737826934929 0.7551020408163265 34
1737826935343 0.7777777777777778 35
1737826935763 0.7692307692307693 36
1737826936176 0.8979591836734694 37
1737826936592 0.8775510204081632 38
1737826937007 0.8888888888888888 39
1737826937422 0.8947368421052632 40
1737826937844 0.9148936170212766 41
1737826938257 0.868421052631579 42
1737826938675 0.775 43
1737826939089 0.7 44
1737826939504 0.6410256410256411 45
1737826939927 0.7755102040816326 46
1737826940342 0.8181818181818182 47
1737826940763 0.8157894736842105 48
1737826941180 0.775 49
1737826941606 0.8666666666666667 50
1737826942025 0.8157894736842105 51
1737826942445 0.9230769230769231 52
1737826942864 0.9130434782608695 53
