1737824918091 0.359375 1
1737824918506 0.3203125 2
1737824918919 0.46875 3
1737824919335 0.390625 4
1737824919751 0.421875 5
1737824920166 0.4609375 6
1737824920581 0.53125 7
1737824920997 0.484375 8
1737824921411 0.46875 9
1737824921827 0.5703125 10
1737824922242 0.6015625 11
1737824922680 0.453125 12
1737824923120 0.5 13
1737824923537 0.578125 14
1737824923956 0.6953125 15
1737824924399 0.6484375 16
1737824924831 0.6484375 17
1737824925274 0.640625 18
1737824925693 0.6171875 19
1737824926109 0.6015625 20
1737824926524 0.65625 21
1737824926938 0.734375 22
1737824927354 0.671875 23
1737824927771 0.65625 24
1737824928187 0.6875 25
1737824928624 0.703125 26
1737824929060 0.6875 27
1737824929477 0.734375 28
1737824929898 0.640625 29
1737824930313 0.734375 30
1737824930734 0.6484375 31
1737824931150 0.734375 32
1737824931568 0.734375 33
1737824931984 0.703125 34
1737824932402 0.796875 35
1737824932844 0.7265625 36
1737824933262 0.78125 37
1737824933678 0.7265625 38
1737824934146 0.78125 39
1737824934608 0.7421875 40
1737824935021 0.75 41
1737824935440 0.75 42
1737824935857 0.6875 43
1737824936274 0.7421875 44
1737824936690 0.7109375 45
1737824937105 0.796875 46
1737824937523 0.71875 47
1737824937954 0.765625 48
1737824938369 0.8046875 49
1737824938854 0.7890625 50
1737824939346 0.75 51
1737824939803 0.7265625 52
1737824940246 0.8125 53
1737824940666 0.7265625 54
1737824941083 0.78125 55
1737824941500 0.7265625 56
1737824941916 0.75 57
1737824942336 0.7421875 58
1737824942755 0.7421875 59
1737824943187 0.6953125 60
1737824943605 0.6953125 61
1737824944023 0.7890625 62
1737824944441 0.765625 63
1737824944873 0.7421875 64
1737824945304 0.7890625 65
1737824945736 0.765625 66
1737824946154 0.6796875 67
1737824946574 0.734375 68
1737824947008 0.765625 69
1737824947464 0.8046875 70
1737824947893 0.78125 71
1737824948310 0.8125 72
1737824948727 0.78125 73
1737824949146 0.7890625 74
1737824949566 0.640625 75
1737824949982 0.7890625 76
1737824950402 0.7578125 77
1737824950820 0.765625 78
1737824951239 0.734375 79
1737824951657 0.75 80
1737824952075 0.734375 81
1737824952506 0.8125 82
1737824952922 0.8203125 83
1737824953345 0.7890625 84
1737824953762 0.7265625 85
1737824954189 0.7421875 86
1737824954609 0.7109375 87
1737824955026 0.8046875 88
1737824955444 0.7265625 89
1737824955862 0.7265625 90
1737824956282 0.796875 91
1737824956701 0.7734375 92
1737824957116 0.7578125 93
1737824957535 0.796875 94
1737824957953 0.7578125 95
1737824958371 0.7578125 96
1737824958790 0.828125 97
1737824959208 0.7578125 98
1737824959638 0.796875 99
1737824960106 0.7890625 100
1737824960566 0.7265625 101
1737824960985 0.7578125 102
1737824961404 0.7421875 103
1737824961823 0.75 104
1737824962241 0.7578125 105
1737824962685 0.734375 106
1737824963130 0.8046875 107
1737824963579 0.75 108
1737824964027 0.7734375 109
1737824964472 0.8046875 110
1737824964919 0.796875 111
1737824965352 0.78125 112
1737824965782 0.765625 113
1737824966216 0.765625 114
1737824966652 0.7265625 115
1737824967096 0.7890625 116
1737824967536 0.78125 117
1737824967958 0.7890625 118
1737824968392 0.75 119
1737824968811 0.828125 120
1737824969258 0.78125 121
1737824969700 0.78125 122
1737824970116 0.7109375 123
1737824970534 0.7890625 124
1737824970956 0.765625 125
1737824971378 0.7578125 126
1737824971809 0.7421875 127
1737824972242 0.734375 128
1737824972674 0.7421875 129
1737824973107 0.828125 130
1737824973527 0.734375 131
1737824973945 0.7734375 132
1737824974361 0.6953125 133
1737824974780 0.7421875 134
1737824975199 0.78125 135
1737824975618 0.734375 136
1737824976036 0.7734375 137
1737824976457 0.78125 138
1737824976875 0.734375 139
1737824977292 0.734375 140
1737824977711 0.7734375 141
1737824978144 0.8046875 142
1737824978604 0.6796875 143
1737824979065 0.7734375 144
1737824979525 0.6953125 145
1737824979945 0.75 146
1737824980364 0.734375 147
1737824980783 0.7109375 148
1737824981247 0.796875 149
1737824981722 0.796875 150
1737824982186 0.796875 151
1737824982623 0.7421875 152
1737824983071 0.7109375 153
1737824983540 0.8203125 154
1737824983997 0.8046875 155
1737824984443 0.78125 156
1737824984862 0.8046875 157
1737824985280 0.7734375 158
1737824985724 0.8515625 159
1737824986198 0.765625 160
1737824986645 0.84375 161
1737824987063 0.7890625 162
1737824987481 0.7734375 163
1737824987899 0.796875 164
1737824988318 0.7421875 165
1737824988737 0.71875 166
1737824989155 0.75 167
1737824989572 0.78125 168
1737824990003 0.75 169
1737824990469 0.859375 170
1737824990944 0.7890625 171
1737824991396 0.734375 172
1737824991827 0.765625 173
1737824992283 0.8203125 174
1737824992750 0.8203125 175
1737824993196 0.84375 176
1737824993641 0.71875 177
1737824994080 0.7578125 178
1737824994525 0.8203125 179
1737824994978 0.765625 180
1737824995421 0.7890625 181
1737824995875 0.8125 182
1737824996333 0.765625 183
1737824996760 0.828125 184
1737824997177 0.7578125 185
1737824997596 0.8125 186
1737824998016 0.75 187
1737824998444 0.8046875 188
1737824998863 0.7734375 189
1737824999279 0.8671875 190
1737824999697 0.859375 191
1737825000128 0.765625 192
1737825000548 0.765625 193
1737825000965 0.8359375 194
1737825001384 0.78125 195
1737825001803 0.8046875 196
1737825002224 0.796875 197
1737825002642 0.78125 198
1737825003076 0.734375 199
1737825003539 0.8515625 200
1737825003994 0.8359375 201
1737825004410 0.8046875 202
1737825004828 0.8203125 203
1737825005245 0.8046875 204
1737825005664 0.78125 205
1737825006084 0.859375 206
1737825006505 0.8125 207
1737825006922 0.796875 208
1737825007339 0.8046875 209
1737825007758 0.6796875 210
1737825008178 0.8203125 211
1737825008596 0.7734375 212
1737825009013 0.8359375 213
1737825009428 0.7890625 214
1737825009845 0.765625 215
1737825010273 0.765625 216
1737825010691 0.703125 217
1737825011112 0.859375 218
1737825011529 0.8125 219
1737825011946 0.7265625 220
1737825012362 0.828125 221
1737825012780 0.8203125 222
1737825013199 0.7421875 223
1737825013617 0.8125 224
1737825014038 0.7734375 225
1737825014456 0.8125 226
1737825014874 0.8203125 227
1737825015291 0.8125 228
1737825015708 0.8125 229
1737825016123 0.765625 230
1737825016540 0.7890625 231
1737825016959 0.796875 232
1737825017376 0.8125 233
1737825017793 0.7734375 234
1737825018216 0.7734375 235
1737825018636 0.78125 236
1737825019052 0.765625 237
1737825019470 0.7109375 238
1737825019887 0.8359375 239
1737825020304 0.8046875 240
1737825020725 0.7578125 241
1737825021143 0.78125 242
1737825021564 0.7421875 243
1737825021981 0.8046875 244
1737825022397 0.796875 245
1737825022816 0.8046875 246
1737825023231 0.8046875 247
1737825023648 0.765625 248
1737825024063 0.8046875 249
1737825024481 0.8125 250
1737825024898 0.765625 251
1737825025317 0.828125 252
1737825025736 0.7890625 253
1737825026155 0.8671875 254
1737825026575 0.71875 255
1737825026993 0.734375 256
1737825027411 0.828125 257
1737825027830 0.765625 258
1737825028247 0.8046875 259
1737825028664 0.8046875 260
1737825029081 0.78125 261
1737825029499 0.8125 262
1737825029916 0.75 263
1737825030332 0.8203125 264
1737825030751 0.8359375 265
1737825031168 0.8125 266
1737825031585 0.8125 267
1737825032002 0.734375 268
1737825032420 0.765625 269
1737825032837 0.84375 270
1737825033258 0.78125 271
1737825033675 0.7734375 272
1737825034092 0.703125 273
1737825034511 0.828125 274
1737825034940 0.8203125 275
1737825035361 0.828125 276
1737825035782 0.8125 277
1737825036199 0.796875 278
1737825036617 0.71875 279
1737825037034 0.765625 280
1737825037449 0.765625 281
1737825037864 0.765625 282
1737825038281 0.7734375 283
1737825038699 0.8125 284
1737825039116 0.8046875 285
1737825039535 0.7890625 286
1737825039951 0.71875 287
1737825040372 0.75 288
1737825040789 0.75 289
1737825041207 0.8046875 290
1737825041624 0.765625 291
1737825042041 0.78125 292
1737825042460 0.7421875 293
1737825042877 0.828125 294
1737825043295 0.75 295
1737825043714 0.75 296
1737825044132 0.828125 297
1737825044551 0.796875 298
1737825044968 0.828125 299
1737825045383 0.7734375 300
1737825045800 0.8125 301
1737825046220 0.75 302
1737825046638 0.7734375 303
1737825047054 0.796875 304
1737825047472 0.7109375 305
1737825047890 0.71875 306
1737825048306 0.84375 307
1737825048724 0.859375 308
1737825049143 0.84375 309
1737825049560 0.75 310
1737825049979 0.8046875 311
1737825050397 0.8046875 312
1737825050816 0.8046875 313
1737825051234 0.7734375 314
1737825051650 0.8203125 315
1737825052065 0.8125 316
1737825052483 0.8359375 317
1737825052902 0.7265625 318
1737825053319 0.7578125 319
1737825053738 0.8359375 320
1737825054155 0.75 321
1737825054573 0.828125 322
1737825054992 0.84375 323
1737825055412 0.8359375 324
1737825055837 0.7734375 325
1737825056255 0.796875 326
1737825056673 0.828125 327
1737825057089 0.7734375 328
1737825057508 0.8515625 329
1737825057925 0.84375 330
1737825058341 0.8125 331
1737825058759 0.765625 332
1737825059176 0.7890625 333
1737825059593 0.8203125 334
1737825060014 0.796875 335
1737825060432 0.859375 336
1737825060849 0.7890625 337
1737825061266 0.7421875 338
1737825061686 0.7890625 339
1737825062103 0.8046875 340
1737825062527 0.7421875 341
1737825062950 0.828125 342
1737825063366 0.828125 343
1737825063784 0.7734375 344
1737825064201 0.8515625 345
1737825064617 0.8359375 346
1737825065034 0.734375 347
1737825065451 0.7421875 348
1737825065868 0.765625 349
1737825066285 0.7734375 350
1737825066701 0.796875 351
1737825067120 0.7578125 352
1737825067540 0.8046875 353
1737825067958 0.7734375 354
1737825068379 0.796875 355
1737825068801 0.7109375 356
1737825069216 0.734375 357
1737825069634 0.8671875 358
1737825070051 0.8125 359
1737825070469 0.84375 360
1737825070886 0.8046875 361
1737825071301 0.7890625 362
1737825071719 0.75 363
1737825072133 0.765625 364
1737825072551 0.7734375 365
1737825072968 0.7421875 366
1737825073386 0.8203125 367
1737825073805 0.7578125 368
1737825074225 0.7578125 369
1737825074642 0.8203125 370
1737825075059 0.8203125 371
1737825075477 0.84375 372
1737825075895 0.8203125 373
1737825076313 0.796875 374
1737825076730 0.8828125 375
1737825077151 0.7734375 376
1737825077569 0.796875 377
1737825077987 0.75 378
1737825078404 0.796875 379
1737825078823 0.8125 380
1737825079236 0.7421875 381
1737825079654 0.8046875 382
1737825080070 0.8125 383
1737825080487 0.765625 384
1737825080910 0.796875 385
1737825081330 0.8515625 386
1737825081747 0.75 387
1737825082164 0.828125 388
1737825082585 0.8125 389
1737825083004 0.84375 390
1737825083424 0.7890625 391
1737825083842 0.8125 392
1737825084261 0.7578125 393
1737825084678 0.8125 394
1737825085096 0.859375 395
1737825085517 0.828125 396
1737825085964 0.7578125 397
1737825086379 0.796875 398
1737825086797 0.8046875 399
1737825087214 0.84375 400
1737825087631 0.7890625 401
1737825088049 0.8046875 402
1737825088465 0.7734375 403
1737825088885 0.8046875 404
1737825089303 0.796875 405
1737825089720 0.8515625 406
1737825090139 0.8046875 407
1737825090559 0.75 408
1737825090976 0.828125 409
1737825091395 0.8046875 410
1737825091814 0.7421875 411
1737825092231 0.8046875 412
1737825092650 0.7578125 413
1737825093067 0.84375 414
1737825093481 0.7734375 415
1737825093902 0.796875 416
1737825094321 0.8203125 417
1737825094738 0.859375 418
1737825095158 0.828125 419
1737825095577 0.796875 420
1737825095993 0.7578125 421
1737825096412 0.84375 422
1737825096845 0.8359375 423
1737825097263 0.7578125 424
1737825097681 0.75 425
1737825098098 0.84375 426
1737825098518 0.7578125 427
1737825098941 0.875 428
1737825099357 0.8203125 429
1737825099780 0.7890625 430
1737825100198 0.765625 431
1737825100616 0.8125 432
1737825101030 0.8046875 433
1737825101448 0.7890625 434
1737825101866 0.8203125 435
1737825102286 0.8203125 436
1737825102706 0.8203125 437
1737825103123 0.7890625 438
1737825103541 0.8046875 439
1737825103960 0.765625 440
1737825104380 0.828125 441
1737825104798 0.8046875 442
1737825105215 0.7734375 443
1737825105634 0.78125 444
1737825106054 0.8125 445
1737825106471 0.765625 446
1737825106889 0.734375 447
1737825107305 0.7578125 448
1737825107723 0.7578125 449
1737825108139 0.859375 450
1737825108557 0.8203125 451
1737825108974 0.734375 452
1737825109391 0.734375 453
1737825109809 0.7890625 454
1737825110226 0.8046875 455
1737825110643 0.84375 456
1737825111060 0.8359375 457
1737825111476 0.8671875 458
1737825111894 0.8359375 459
1737825112311 0.8046875 460
1737825112729 0.7734375 461
1737825113144 0.796875 462
1737825113562 0.8125 463
1737825113980 0.8515625 464
1737825114395 0.71875 465
1737825114814 0.7734375 466
1737825115231 0.7734375 467
1737825115656 0.78125 468
1737825116073 0.7890625 469
1737825116493 0.8515625 470
1737825116911 0.765625 471
1737825117327 0.765625 472
1737825117745 0.765625 473
1737825118164 0.828125 474
1737825118580 0.78125 475
1737825118998 0.71875 476
1737825119415 0.7421875 477
1737825119834 0.8671875 478
1737825120251 0.8125 479
1737825120668 0.8359375 480
1737825121088 0.78125 481
1737825121505 0.7578125 482
1737825121920 0.734375 483
1737825122337 0.765625 484
1737825122761 0.8046875 485
1737825123178 0.8515625 486
1737825123597 0.8203125 487
1737825124013 0.75 488
1737825124433 0.7890625 489
1737825124850 0.8125 490
1737825125267 0.8359375 491
1737825125688 0.84375 492
1737825126106 0.75 493
1737825126524 0.765625 494
1737825126970 0.7890625 495
1737825127398 0.765625 496
1737825127819 0.8359375 497
1737825128237 0.7578125 498
1737825128654 0.84375 499
1737825129079 0.7578125 500
1737825129507 0.796875 501
1737825129927 0.734375 502
1737825130374 0.796875 503
1737825130832 0.7734375 504
1737825131261 0.8125 505
1737825131683 0.8203125 506
1737825132099 0.7890625 507
1737825132518 0.8203125 508
1737825132938 0.765625 509
1737825133398 0.8125 510
1737825133837 0.8515625 511
1737825134255 0.7734375 512
1737825134686 0.7890625 513
1737825135164 0.8359375 514
1737825135622 0.7890625 515
1737825136088 0.8046875 516
1737825136556 0.8046875 517
1737825137012 0.828125 518
1737825137451 0.859375 519
1737825137895 0.859375 520
1737825138343 0.78125 521
1737825138830 0.8359375 522
1737825139259 0.8203125 523
1737825139681 0.828125 524
1737825140226 0.7578125 525
1737825140758 0.78125 526
1737825141219 0.78125 527
1737825141671 0.734375 528
1737825142167 0.78125 529
1737825142597 0.7890625 530
1737825143037 0.8203125 531
1737825143455 0.78125 532
1737825143927 0.7421875 533
1737825144404 0.8359375 534
1737825144859 0.7734375 535
1737825145323 0.765625 536
1737825145796 0.8203125 537
1737825146212 0.7578125 538
1737825146628 0.859375 539
1737825147102 0.7890625 540
1737825147591 0.7890625 541
1737825148036 0.7578125 542
1737825148452 0.7734375 543
1737825148872 0.765625 544
1737825149287 0.8515625 545
1737825149714 0.828125 546
1737825150154 0.796875 547
1737825150578 0.8828125 548
1737825150998 0.7890625 549
1737825151414 0.8125 550
1737825151832 0.8046875 551
1737825152251 0.765625 552
1737825152739 0.8046875 553
1737825153236 0.8203125 554
1737825153682 0.8125 555
1737825154127 0.84375 556
1737825154546 0.8046875 557
1737825154985 0.8046875 558
1737825155467 0.7734375 559
1737825155940 0.8359375 560
1737825156356 0.7578125 561
1737825156774 0.8046875 562
1737825157192 0.7578125 563
1737825157611 0.828125 564
1737825158028 0.859375 565
1737825158495 0.78125 566
1737825158959 0.828125 567
1737825159420 0.7890625 568
1737825159885 0.828125 569
1737825160320 0.78125 570
1737825160770 0.8203125 571
1737825161220 0.8203125 572
1737825161709 0.8359375 573
1737825162151 0.8359375 574
1737825162592 0.8046875 575
1737825163031 0.8125 576
1737825163470 0.859375 577
1737825163909 0.8046875 578
1737825164365 0.84375 579
1737825164783 0.75 580
1737825165220 0.796875 581
1737825165684 0.8046875 582
1737825166158 0.796875 583
1737825166616 0.8125 584
1737825167041 0.765625 585
1737825167461 0.8125 586
1737825167892 0.78125 587
1737825168308 0.7890625 588
1737825168727 0.8671875 589
1737825169145 0.7890625 590
1737825169565 0.8359375 591
1737825169981 0.7734375 592
1737825170395 0.8515625 593
1737825170814 0.828125 594
1737825171229 0.828125 595
1737825171647 0.7578125 596
1737825172064 0.78125 597
1737825172482 0.7890625 598
1737825172901 0.828125 599
1737825173319 0.8203125 600
1737825173739 0.828125 601
1737825174157 0.8125 602
1737825174575 0.765625 603
1737825174991 0.765625 604
1737825175406 0.7734375 605
1737825175832 0.8046875 606
1737825176248 0.8515625 607
1737825176667 0.7890625 608
1737825177086 0.7734375 609
1737825177505 0.828125 610
1737825177923 0.796875 611
1737825178340 0.765625 612
1737825178758 0.8671875 613
1737825179175 0.8125 614
1737825179600 0.7890625 615
1737825180058 0.796875 616
1737825180515 0.84375 617
1737825180934 0.765625 618
1737825181351 0.8203125 619
1737825181500 0.8108108108108109 620
1737825198294 0.8203125 621
1737825198722 0.8359375 622
1737825199145 0.796875 623
1737825199595 0.828125 624
1737825200023 0.8515625 625
1737825200448 0.875 626
1737825200876 0.7890625 627
1737825201302 0.8515625 628
1737825201734 0.828125 629
1737825202158 0.828125 630
1737825202583 0.8359375 631
1737825203009 0.828125 632
1737825203436 0.8359375 633
1737825203862 0.875 634
1737825204290 0.8125 635
1737825204717 0.828125 636
1737825205143 0.84375 637
1737825205566 0.7734375 638
1737825205993 0.8125 639
1737825206417 0.7421875 640
1737825206837 0.8203125 641
1737825207260 0.84375 642
1737825207683 0.8125 643
1737825208108 0.8203125 644
1737825208535 0.7890625 645
1737825208963 0.8515625 646
1737825209387 0.7421875 647
1737825209817 0.875 648
1737825210242 0.78125 649
1737825210667 0.8125 650
1737825211120 0.78125 651
1737825211563 0.8125 652
1737825212012 0.7890625 653
1737825212449 0.8125 654
1737825212881 0.859375 655
1737825213308 0.796875 656
1737825213732 0.828125 657
1737825214157 0.8125 658
1737825214583 0.84375 659
1737825215007 0.8203125 660
1737825215433 0.78125 661
1737825215860 0.8515625 662
1737825216281 0.796875 663
1737825216707 0.7890625 664
1737825217127 0.828125 665
1737825217547 0.890625 666
1737825217972 0.7890625 667
1737825218392 0.8359375 668
1737825218814 0.8046875 669
1737825219233 0.8515625 670
1737825219652 0.8203125 671
1737825220081 0.7734375 672
1737825220524 0.84375 673
1737825220970 0.8359375 674
1737825221416 0.8515625 675
1737825221843 0.8125 676
1737825222268 0.875 677
1737825222689 0.8125 678
1737825223109 0.8046875 679
1737825223531 0.7890625 680
1737825223955 0.828125 681
1737825224377 0.875 682
1737825224798 0.8203125 683
1737825225219 0.7890625 684
1737825225639 0.828125 685
1737825226060 0.828125 686
1737825226489 0.7578125 687
1737825226956 0.8046875 688
1737825227388 0.8203125 689
1737825227818 0.84375 690
1737825228248 0.8203125 691
1737825228671 0.8515625 692
1737825229094 0.8515625 693
1737825229516 0.875 694
1737825229951 0.75 695
1737825230388 0.859375 696
1737825230818 0.8359375 697
1737825231248 0.78125 698
1737825231675 0.8203125 699
1737825232097 0.7578125 700
1737825232522 0.7734375 701
1737825232945 0.90625 702
1737825233363 0.828125 703
1737825233786 0.8515625 704
1737825234225 0.8125 705
1737825234661 0.8203125 706
1737825235086 0.8046875 707
1737825235511 0.875 708
1737825235945 0.7890625 709
1737825236366 0.8203125 710
1737825236820 0.8125 711
1737825237261 0.859375 712
1737825237723 0.8515625 713
1737825238170 0.875 714
1737825238592 0.8125 715
1737825239012 0.8515625 716
1737825239434 0.8828125 717
1737825239857 0.828125 718
1737825240276 0.875 719
1737825240696 0.8125 720
1737825241119 0.8046875 721
1737825241546 0.84375 722
1737825241974 0.8359375 723
1737825242428 0.796875 724
1737825242870 0.8359375 725
1737825243301 0.828125 726
1737825243733 0.875 727
1737825244160 0.78125 728
1737825244590 0.8359375 729
1737825245011 0.8671875 730
1737825245439 0.828125 731
1737825245864 0.8671875 732
1737825246290 0.8671875 733
1737825246706 0.8359375 734
1737825247125 0.796875 735
1737825247543 0.828125 736
1737825247961 0.890625 737
1737825248377 0.8828125 738
1737825248793 0.7890625 739
1737825249216 0.8828125 740
1737825249646 0.828125 741
1737825250071 0.859375 742
1737825250496 0.828125 743
1737825250940 0.8203125 744
1737825251373 0.8359375 745
1737825251808 0.8125 746
1737825252231 0.7890625 747
1737825252661 0.7734375 748
1737825253088 0.75 749
1737825253531 0.8828125 750
1737825253960 0.75 751
1737825254385 0.8125 752
1737825254816 0.8125 753
1737825255239 0.7890625 754
1737825255660 0.7734375 755
1737825256086 0.796875 756
1737825256513 0.8515625 757
1737825256938 0.84375 758
1737825257364 0.8203125 759
1737825257787 0.8359375 760
1737825258208 0.8359375 761
1737825258635 0.8671875 762
1737825259058 0.7890625 763
1737825259480 0.875 764
1737825259905 0.75 765
1737825260329 0.8046875 766
1737825260751 0.796875 767
1737825261172 0.8125 768
1737825261593 0.84375 769
1737825262032 0.8125 770
1737825262466 0.890625 771
1737825262900 0.8359375 772
1737825263322 0.75 773
1737825263739 0.8359375 774
1737825264164 0.875 775
1737825264627 0.8359375 776
1737825265113 0.890625 777
1737825265534 0.8125 778
1737825265956 0.8828125 779
1737825266377 0.8125 780
1737825266797 0.8515625 781
1737825267245 0.8671875 782
1737825267700 0.828125 783
1737825268134 0.828125 784
1737825268564 0.8125 785
1737825268990 0.828125 786
1737825269409 0.8125 787
1737825269829 0.78125 788
1737825270246 0.84375 789
1737825270669 0.8828125 790
1737825271096 0.859375 791
1737825271521 0.78125 792
1737825271944 0.7890625 793
1737825272364 0.890625 794
1737825272787 0.84375 795
1737825273210 0.84375 796
1737825273646 0.7578125 797
1737825274069 0.78125 798
1737825274494 0.8359375 799
1737825274914 0.8203125 800
1737825275334 0.8515625 801
1737825275757 0.8359375 802
1737825276180 0.828125 803
1737825276604 0.8359375 804
1737825277023 0.7890625 805
1737825277466 0.8984375 806
1737825277951 0.859375 807
1737825278430 0.859375 808
1737825278929 0.8359375 809
1737825279448 0.875 810
1737825279943 0.8671875 811
1737825280437 0.828125 812
1737825280931 0.8203125 813
1737825281429 0.859375 814
1737825281918 0.84375 815
1737825282421 0.796875 816
1737825282906 0.828125 817
1737825283388 0.859375 818
1737825283876 0.8125 819
1737825284362 0.8359375 820
1737825284842 0.8828125 821
1737825285321 0.8125 822
1737825285807 0.8359375 823
1737825286285 0.84375 824
1737825286776 0.8046875 825
1737825287270 0.859375 826
1737825287755 0.8203125 827
1737825288255 0.84375 828
1737825288756 0.875 829
1737825289265 0.8203125 830
1737825289752 0.8984375 831
1737825290271 0.859375 832
1737825290759 0.84375 833
1737825291232 0.8203125 834
1737825291719 0.78125 835
1737825292214 0.8125 836
1737825292764 0.7578125 837
1737825293257 0.890625 838
1737825293753 0.890625 839
1737825294257 0.7890625 840
1737825294760 0.8984375 841
1737825295245 0.84375 842
1737825295746 0.7734375 843
1737825296228 0.84375 844
1737825296725 0.8515625 845
1737825297213 0.859375 846
1737825297712 0.859375 847
1737825298199 0.8203125 848
1737825298687 0.8203125 849
1737825299184 0.828125 850
1737825299682 0.84375 851
1737825300167 0.8515625 852
1737825300651 0.859375 853
1737825301151 0.8515625 854
1737825301677 0.84375 855
1737825302161 0.8515625 856
1737825302645 0.8203125 857
1737825303120 0.7890625 858
1737825303624 0.8359375 859
1737825304142 0.828125 860
1737825304642 0.8046875 861
1737825305162 0.8046875 862
1737825305654 0.75 863
1737825306127 0.8046875 864
1737825306613 0.8359375 865
1737825307101 0.8671875 866
1737825307607 0.859375 867
1737825308093 0.78125 868
1737825308600 0.859375 869
1737825309076 0.8125 870
1737825309554 0.84375 871
1737825310016 0.859375 872
1737825310431 0.8671875 873
1737825310863 0.8359375 874
1737825311310 0.7578125 875
1737825311735 0.71875 876
1737825312196 0.8515625 877
1737825312670 0.8125 878
1737825313143 0.859375 879
1737825313585 0.8125 880
1737825314060 0.796875 881
1737825314502 0.8671875 882
1737825314941 0.8515625 883
1737825315375 0.8515625 884
1737825315792 0.84375 885
1737825316210 0.78125 886
1737825316629 0.8125 887
1737825317045 0.8125 888
1737825317462 0.8046875 889
1737825317892 0.8359375 890
1737825318309 0.8203125 891
1737825318725 0.8125 892
1737825319142 0.765625 893
1737825319561 0.8671875 894
1737825320024 0.8515625 895
1737825320516 0.84375 896
1737825320994 0.828125 897
1737825321429 0.859375 898
1737825321913 0.765625 899
1737825322397 0.84375 900
1737825322867 0.859375 901
1737825323285 0.8515625 902
1737825323714 0.8671875 903
1737825324142 0.8125 904
1737825324600 0.8359375 905
1737825325132 0.828125 906
1737825325560 0.796875 907
1737825325988 0.8125 908
1737825326426 0.8359375 909
1737825326864 0.8828125 910
1737825327281 0.7578125 911
1737825327699 0.8203125 912
1737825328119 0.8203125 913
1737825328568 0.8125 914
1737825329002 0.8203125 915
1737825329431 0.84375 916
1737825329900 0.859375 917
1737825330368 0.8125 918
1737825330819 0.828125 919
1737825331270 0.8359375 920
1737825331721 0.8671875 921
1737825332178 0.8203125 922
1737825332629 0.828125 923
1737825333084 0.8203125 924
1737825333526 0.7578125 925
1737825333954 0.7734375 926
1737825334427 0.875 927
1737825334846 0.8828125 928
1737825335274 0.8671875 929
1737825335743 0.7890625 930
1737825336191 0.8359375 931
1737825336609 0.84375 932
1737825337027 0.890625 933
1737825337441 0.859375 934
1737825337859 0.84375 935
1737825338278 0.84375 936
1737825338695 0.8671875 937
1737825339115 0.71875 938
1737825339535 0.8671875 939
1737825339951 0.875 940
1737825340369 0.8046875 941
1737825340788 0.8515625 942
1737825341245 0.859375 943
1737825341752 0.828125 944
1737825342189 0.8671875 945
1737825342611 0.828125 946
1737825343062 0.828125 947
1737825343570 0.8046875 948
1737825344052 0.859375 949
1737825344476 0.8515625 950
1737825344892 0.828125 951
1737825345308 0.8046875 952
1737825345725 0.8046875 953
1737825346158 0.859375 954
1737825346665 0.8515625 955
1737825347115 0.8984375 956
1737825347534 0.828125 957
1737825347952 0.7890625 958
1737825348369 0.859375 959
1737825348785 0.8671875 960
1737825349203 0.8359375 961
1737825349623 0.859375 962
1737825350040 0.828125 963
1737825350459 0.8203125 964
1737825350879 0.8984375 965
1737825351296 0.8515625 966
1737825351767 0.78125 967
1737825352212 0.78125 968
1737825352677 0.8203125 969
1737825353202 0.84375 970
1737825353681 0.859375 971
1737825354126 0.8125 972
1737825354573 0.828125 973
1737825355012 0.796875 974
1737825355431 0.8359375 975
1737825355870 0.7890625 976
1737825356316 0.796875 977
1737825356778 0.875 978
1737825357234 0.7734375 979
1737825357679 0.84375 980
1737825358099 0.875 981
1737825358540 0.8359375 982
1737825359012 0.7890625 983
1737825359429 0.78125 984
1737825359910 0.828125 985
1737825360370 0.7578125 986
1737825360811 0.84375 987
1737825361252 0.8515625 988
1737825361668 0.7734375 989
1737825362139 0.84375 990
1737825362602 0.8359375 991
1737825363065 0.828125 992
1737825363481 0.8359375 993
1737825363898 0.8046875 994
1737825364315 0.90625 995
1737825364735 0.8046875 996
1737825365152 0.8359375 997
1737825365569 0.7734375 998
1737825365988 0.8671875 999
1737825366404 0.8125 1000
1737825366822 0.828125 1001
1737825367237 0.84375 1002
1737825367654 0.8203125 1003
1737825368070 0.796875 1004
1737825368488 0.796875 1005
1737825368906 0.8671875 1006
1737825369322 0.7890625 1007
1737825369741 0.8515625 1008
1737825370205 0.8515625 1009
1737825370625 0.796875 1010
1737825371050 0.8203125 1011
1737825371545 0.8046875 1012
1737825372024 0.859375 1013
1737825372533 0.828125 1014
1737825373001 0.8671875 1015
1737825373419 0.859375 1016
1737825373840 0.8359375 1017
1737825374257 0.8203125 1018
1737825374675 0.8359375 1019
1737825375156 0.859375 1020
1737825375638 0.8125 1021
1737825376134 0.7734375 1022
1737825376608 0.8203125 1023
1737825377055 0.8203125 1024
1737825377500 0.7734375 1025
1737825377968 0.8359375 1026
1737825378445 0.8203125 1027
1737825378893 0.8203125 1028
1737825379351 0.875 1029
1737825379771 0.828125 1030
1737825380196 0.8203125 1031
1737825380613 0.828125 1032
1737825381085 0.8046875 1033
1737825381606 0.875 1034
1737825382088 0.8125 1035
1737825382571 0.8203125 1036
1737825383055 0.8515625 1037
1737825383536 0.8515625 1038
1737825384006 0.8359375 1039
1737825384472 0.8203125 1040
1737825384966 0.828125 1041
1737825385446 0.8671875 1042
1737825385875 0.8515625 1043
1737825386291 0.7890625 1044
1737825386709 0.78125 1045
1737825387124 0.8671875 1046
1737825387541 0.7890625 1047
1737825387958 0.921875 1048
1737825388374 0.8515625 1049
1737825388796 0.8515625 1050
1737825389212 0.84375 1051
1737825389633 0.8359375 1052
1737825390054 0.8203125 1053
1737825390473 0.8359375 1054
1737825390891 0.84375 1055
1737825391309 0.8515625 1056
1737825391728 0.8671875 1057
1737825392145 0.8203125 1058
1737825392562 0.859375 1059
1737825392981 0.8046875 1060
1737825393400 0.8359375 1061
1737825393818 0.859375 1062
1737825394234 0.8359375 1063
1737825394651 0.78125 1064
1737825395068 0.8515625 1065
1737825395484 0.8125 1066
1737825395903 0.7734375 1067
1737825396320 0.8203125 1068
1737825396737 0.84375 1069
1737825397163 0.8828125 1070
1737825397581 0.859375 1071
1737825397998 0.7890625 1072
1737825398418 0.8046875 1073
1737825398836 0.8203125 1074
1737825399260 0.8515625 1075
1737825399676 0.8828125 1076
1737825400094 0.859375 1077
1737825400512 0.875 1078
1737825400928 0.859375 1079
1737825401346 0.8203125 1080
1737825401762 0.828125 1081
1737825402181 0.859375 1082
1737825402599 0.8046875 1083
1737825403016 0.8671875 1084
1737825403432 0.7890625 1085
1737825403850 0.8515625 1086
1737825404267 0.8125 1087
1737825404685 0.8359375 1088
1737825405103 0.8671875 1089
1737825405521 0.8828125 1090
1737825405935 0.8125 1091
1737825406354 0.8125 1092
1737825406773 0.7734375 1093
1737825407189 0.828125 1094
1737825407608 0.8046875 1095
1737825408024 0.7734375 1096
1737825408438 0.8046875 1097
1737825408857 0.875 1098
1737825409273 0.8359375 1099
1737825409692 0.8671875 1100
1737825410107 0.859375 1101
1737825410525 0.8125 1102
1737825410940 0.78125 1103
1737825411360 0.8515625 1104
1737825411778 0.859375 1105
1737825412198 0.8671875 1106
1737825412617 0.8359375 1107
1737825413034 0.8046875 1108
1737825413452 0.8515625 1109
1737825413871 0.859375 1110
1737825414289 0.859375 1111
1737825414705 0.875 1112
1737825415122 0.8046875 1113
1737825415539 0.8046875 1114
1737825415955 0.84375 1115
1737825416370 0.8046875 1116
1737825416788 0.875 1117
1737825417205 0.8046875 1118
1737825417624 0.8984375 1119
1737825418045 0.8359375 1120
1737825418464 0.828125 1121
1737825418884 0.8125 1122
1737825419304 0.8671875 1123
1737825419723 0.796875 1124
1737825420140 0.8125 1125
1737825420558 0.859375 1126
1737825420974 0.8125 1127
1737825421390 0.8515625 1128
1737825421807 0.8046875 1129
1737825422225 0.875 1130
1737825422650 0.8828125 1131
1737825423072 0.8046875 1132
1737825423492 0.828125 1133
1737825423910 0.8515625 1134
1737825424330 0.8515625 1135
1737825424748 0.8984375 1136
1737825425165 0.84375 1137
1737825425585 0.84375 1138
1737825426002 0.8359375 1139
1737825426421 0.84375 1140
1737825426851 0.8046875 1141
1737825427269 0.8515625 1142
1737825427687 0.8671875 1143
1737825428103 0.875 1144
1737825428522 0.84375 1145
1737825428938 0.8515625 1146
1737825429353 0.828125 1147
1737825429771 0.78125 1148
1737825430189 0.84375 1149
1737825430607 0.8203125 1150
1737825431023 0.84375 1151
1737825431438 0.828125 1152
1737825431856 0.8203125 1153
1737825432271 0.8671875 1154
1737825432689 0.8359375 1155
1737825433109 0.8359375 1156
1737825433526 0.8671875 1157
1737825433942 0.796875 1158
1737825434360 0.875 1159
1737825434777 0.8203125 1160
1737825435195 0.828125 1161
1737825435612 0.8125 1162
1737825436030 0.84375 1163
1737825436446 0.8203125 1164
1737825436863 0.8828125 1165
1737825437278 0.828125 1166
1737825437696 0.8359375 1167
1737825438113 0.890625 1168
1737825438529 0.8046875 1169
1737825438947 0.828125 1170
1737825439365 0.8203125 1171
1737825439786 0.765625 1172
1737825440202 0.8671875 1173
1737825440621 0.8046875 1174
1737825441038 0.8359375 1175
1737825441455 0.84375 1176
1737825441873 0.8359375 1177
1737825442289 0.84375 1178
1737825442705 0.8125 1179
1737825443122 0.8203125 1180
1737825443541 0.765625 1181
1737825443957 0.859375 1182
1737825444373 0.8125 1183
1737825444790 0.859375 1184
1737825445207 0.890625 1185
1737825445626 0.84375 1186
1737825446043 0.8515625 1187
1737825446462 0.859375 1188
1737825446881 0.890625 1189
1737825447299 0.875 1190
1737825447719 0.8359375 1191
1737825448136 0.875 1192
1737825448553 0.84375 1193
1737825448971 0.828125 1194
1737825449387 0.828125 1195
1737825449806 0.8125 1196
1737825450223 0.90625 1197
1737825450643 0.8203125 1198
1737825451061 0.875 1199
1737825451478 0.828125 1200
1737825451894 0.84375 1201
1737825452310 0.875 1202
1737825452729 0.84375 1203
1737825453149 0.828125 1204
1737825453568 0.765625 1205
1737825453987 0.84375 1206
1737825454403 0.8046875 1207
1737825454821 0.8359375 1208
1737825455238 0.8671875 1209
1737825455657 0.8359375 1210
1737825456074 0.8515625 1211
1737825456491 0.8046875 1212
1737825456909 0.8984375 1213
1737825457327 0.84375 1214
1737825457745 0.8828125 1215
1737825458162 0.8125 1216
1737825458580 0.8203125 1217
1737825458997 0.84375 1218
1737825459416 0.8359375 1219
1737825459831 0.828125 1220
1737825460250 0.8671875 1221
1737825460672 0.8671875 1222
1737825461089 0.8671875 1223
1737825461504 0.828125 1224
1737825461924 0.828125 1225
1737825462340 0.859375 1226
1737825462758 0.8671875 1227
1737825463175 0.8046875 1228
1737825463592 0.8359375 1229
1737825464007 0.859375 1230
1737825464425 0.8359375 1231
1737825464843 0.7890625 1232
1737825465259 0.859375 1233
1737825465681 0.796875 1234
1737825466098 0.828125 1235
1737825466517 0.8046875 1236
1737825466933 0.8515625 1237
1737825467351 0.75 1238
1737825467770 0.8828125 1239
1737825467911 0.8918918918918919 1240
1737825483571 0.8515625 1241
1737825483988 0.8515625 1242
1737825484405 0.796875 1243
1737825484821 0.84375 1244
1737825485238 0.859375 1245
1737825485658 0.8984375 1246
1737825486074 0.8515625 1247
1737825486489 0.859375 1248
1737825486905 0.8046875 1249
1737825487324 0.84375 1250
1737825487740 0.8515625 1251
1737825488158 0.8671875 1252
1737825488576 0.859375 1253
1737825488993 0.8671875 1254
1737825489410 0.8515625 1255
1737825489829 0.8359375 1256
1737825490246 0.890625 1257
1737825490663 0.8671875 1258
1737825491079 0.7890625 1259
1737825491494 0.7578125 1260
1737825491910 0.8828125 1261
1737825492326 0.859375 1262
1737825492746 0.84375 1263
1737825493161 0.8359375 1264
1737825493577 0.828125 1265
1737825493993 0.8671875 1266
1737825494409 0.7734375 1267
1737825494826 0.8984375 1268
1737825495241 0.8046875 1269
1737825495660 0.8125 1270
1737825496077 0.796875 1271
1737825496493 0.8359375 1272
1737825496909 0.8125 1273
1737825497324 0.859375 1274
1737825497742 0.859375 1275
1737825498158 0.8203125 1276
1737825498578 0.8671875 1277
1737825499004 0.84375 1278
1737825499425 0.890625 1279
1737825499843 0.8671875 1280
1737825500259 0.84375 1281
1737825500675 0.890625 1282
1737825501091 0.8125 1283
1737825501508 0.8515625 1284
1737825501923 0.8671875 1285
1737825502341 0.8828125 1286
1737825502759 0.8203125 1287
1737825503176 0.859375 1288
1737825503592 0.796875 1289
1737825504011 0.890625 1290
1737825504428 0.859375 1291
1737825504849 0.8046875 1292
1737825505266 0.859375 1293
1737825505683 0.8515625 1294
1737825506099 0.8828125 1295
1737825506516 0.859375 1296
1737825506931 0.90625 1297
1737825507347 0.8125 1298
1737825507765 0.8828125 1299
1737825508183 0.8359375 1300
1737825508603 0.8515625 1301
1737825509020 0.890625 1302
1737825509435 0.84375 1303
1737825509860 0.84375 1304
1737825510277 0.8671875 1305
1737825510694 0.84375 1306
1737825511134 0.7734375 1307
1737825511613 0.859375 1308
1737825512051 0.8515625 1309
1737825512545 0.8671875 1310
1737825513030 0.8203125 1311
1737825513508 0.890625 1312
1737825513926 0.8515625 1313
1737825514344 0.921875 1314
1737825514763 0.8125 1315
1737825515181 0.875 1316
1737825515600 0.8359375 1317
1737825516020 0.8046875 1318
1737825516436 0.8125 1319
1737825516854 0.8125 1320
1737825517272 0.8515625 1321
1737825517691 0.90625 1322
1737825518105 0.859375 1323
1737825518522 0.890625 1324
1737825518940 0.8671875 1325
1737825519359 0.8359375 1326
1737825519776 0.8203125 1327
1737825520196 0.890625 1328
1737825520616 0.8046875 1329
1737825521034 0.8671875 1330
1737825521451 0.8515625 1331
1737825521869 0.859375 1332
1737825522287 0.8671875 1333
1737825522706 0.8828125 1334
1737825523122 0.8359375 1335
1737825523542 0.8828125 1336
1737825523960 0.90625 1337
1737825524378 0.8359375 1338
1737825524796 0.90625 1339
1737825525213 0.8671875 1340
1737825525630 0.8125 1341
1737825526047 0.875 1342
1737825526463 0.859375 1343
1737825526878 0.859375 1344
1737825527293 0.8671875 1345
1737825527708 0.8828125 1346
1737825528128 0.8828125 1347
1737825528547 0.8125 1348
1737825528962 0.8515625 1349
1737825529378 0.8515625 1350
1737825529799 0.8671875 1351
1737825530217 0.8828125 1352
1737825530634 0.8359375 1353
1737825531050 0.8671875 1354
1737825531467 0.8203125 1355
1737825531884 0.890625 1356
1737825532301 0.90625 1357
1737825532719 0.8984375 1358
1737825533136 0.828125 1359
1737825533553 0.921875 1360
1737825533969 0.859375 1361
1737825534386 0.90625 1362
1737825534803 0.8203125 1363
1737825535222 0.8515625 1364
1737825535641 0.8671875 1365
1737825536059 0.84375 1366
1737825536476 0.828125 1367
1737825536894 0.8125 1368
1737825537311 0.8046875 1369
1737825537728 0.875 1370
1737825538144 0.8359375 1371
1737825538561 0.8359375 1372
1737825538983 0.8125 1373
1737825539401 0.8515625 1374
1737825539820 0.8046875 1375
1737825540248 0.84375 1376
1737825540667 0.875 1377
1737825541129 0.8203125 1378
1737825541603 0.84375 1379
1737825542078 0.84375 1380
1737825542537 0.8671875 1381
1737825542977 0.875 1382
1737825543418 0.8515625 1383
1737825543857 0.890625 1384
1737825544294 0.8203125 1385
1737825544733 0.8671875 1386
1737825545171 0.828125 1387
1737825545612 0.8671875 1388
1737825546035 0.8828125 1389
1737825546455 0.84375 1390
1737825546874 0.8984375 1391
1737825547291 0.8046875 1392
1737825547709 0.8046875 1393
1737825548124 0.859375 1394
1737825548541 0.875 1395
1737825548959 0.875 1396
1737825549375 0.890625 1397
1737825549795 0.8515625 1398
1737825550213 0.875 1399
1737825550632 0.78125 1400
1737825551051 0.8828125 1401
1737825551470 0.921875 1402
1737825551889 0.921875 1403
1737825552305 0.84375 1404
1737825552722 0.8046875 1405
1737825553139 0.8046875 1406
1737825553557 0.8359375 1407
1737825553977 0.8359375 1408
1737825554397 0.8515625 1409
1737825554817 0.8828125 1410
1737825555235 0.8984375 1411
1737825555654 0.78125 1412
1737825556074 0.859375 1413
1737825556492 0.90625 1414
1737825556910 0.859375 1415
1737825557332 0.828125 1416
1737825557750 0.796875 1417
1737825558166 0.8359375 1418
1737825558585 0.8671875 1419
1737825559001 0.8359375 1420
1737825559417 0.84375 1421
1737825559836 0.8671875 1422
1737825560254 0.8671875 1423
1737825560680 0.8828125 1424
1737825561122 0.8125 1425
1737825561544 0.8984375 1426
1737825561973 0.8515625 1427
1737825562389 0.859375 1428
1737825562807 0.84375 1429
1737825563225 0.9296875 1430
1737825563700 0.8828125 1431
1737825564140 0.828125 1432
1737825564596 0.890625 1433
1737825565105 0.8984375 1434
1737825565535 0.859375 1435
1737825566001 0.859375 1436
1737825566483 0.890625 1437
1737825566937 0.875 1438
1737825567414 0.8203125 1439
1737825567902 0.859375 1440
1737825568351 0.8828125 1441
1737825568796 0.84375 1442
1737825569247 0.8828125 1443
1737825569692 0.890625 1444
1737825570133 0.8203125 1445
1737825570581 0.890625 1446
1737825571012 0.859375 1447
1737825571459 0.8828125 1448
1737825571899 0.859375 1449
1737825572386 0.828125 1450
1737825572804 0.8828125 1451
1737825573277 0.875 1452
1737825573718 0.8671875 1453
1737825574173 0.84375 1454
1737825574644 0.796875 1455
1737825575097 0.859375 1456
1737825575515 0.8203125 1457
1737825575936 0.9296875 1458
1737825576355 0.8828125 1459
1737825576773 0.8203125 1460
1737825577188 0.8984375 1461
1737825577604 0.859375 1462
1737825578022 0.828125 1463
1737825578440 0.8515625 1464
1737825578857 0.9140625 1465
1737825579277 0.8984375 1466
1737825579696 0.875 1467
1737825580114 0.875 1468
1737825580533 0.8984375 1469
1737825580953 0.8359375 1470
1737825581372 0.8671875 1471
1737825581790 0.875 1472
1737825582211 0.890625 1473
1737825582629 0.859375 1474
1737825583048 0.890625 1475
1737825583467 0.8515625 1476
1737825583884 0.8359375 1477
1737825584299 0.8046875 1478
1737825584718 0.8359375 1479
1737825585134 0.875 1480
1737825585551 0.8359375 1481
1737825585976 0.828125 1482
1737825586395 0.8359375 1483
1737825586813 0.84375 1484
1737825587231 0.828125 1485
1737825587648 0.859375 1486
1737825588064 0.921875 1487
1737825588480 0.7734375 1488
1737825588897 0.8828125 1489
1737825589315 0.890625 1490
1737825589733 0.875 1491
1737825590150 0.828125 1492
1737825590567 0.8671875 1493
1737825590986 0.8984375 1494
1737825591404 0.7734375 1495
1737825591830 0.7578125 1496
1737825592247 0.875 1497
1737825592664 0.8359375 1498
1737825593079 0.8515625 1499
1737825593497 0.8359375 1500
1737825593918 0.8515625 1501
1737825594335 0.8828125 1502
1737825594755 0.84375 1503
1737825595174 0.8828125 1504
1737825595592 0.8671875 1505
1737825596010 0.859375 1506
1737825596429 0.8671875 1507
1737825596848 0.84375 1508
1737825597271 0.859375 1509
1737825597694 0.875 1510
1737825598114 0.84375 1511
1737825598537 0.859375 1512
1737825598955 0.84375 1513
1737825599372 0.859375 1514
1737825599792 0.921875 1515
1737825600209 0.859375 1516
1737825600629 0.875 1517
1737825601046 0.8828125 1518
1737825601462 0.8046875 1519
1737825601880 0.8671875 1520
1737825602295 0.8515625 1521
1737825602717 0.8515625 1522
1737825603141 0.8828125 1523
1737825603558 0.828125 1524
1737825603974 0.859375 1525
1737825604389 0.8828125 1526
1737825604806 0.8125 1527
1737825605220 0.859375 1528
1737825605636 0.859375 1529
1737825606053 0.890625 1530
1737825606473 0.859375 1531
1737825606890 0.890625 1532
1737825607309 0.828125 1533
1737825607729 0.828125 1534
1737825608144 0.875 1535
1737825608562 0.859375 1536
1737825608981 0.875 1537
1737825609398 0.8359375 1538
1737825609824 0.84375 1539
1737825610241 0.8671875 1540
1737825610659 0.8828125 1541
1737825611078 0.859375 1542
1737825611494 0.875 1543
1737825611913 0.8359375 1544
1737825612332 0.7890625 1545
1737825612751 0.8203125 1546
1737825613169 0.8828125 1547
1737825613590 0.90625 1548
1737825614007 0.890625 1549
1737825614421 0.828125 1550
1737825614839 0.8984375 1551
1737825615257 0.8515625 1552
1737825615675 0.90625 1553
1737825616092 0.8828125 1554
1737825616508 0.859375 1555
1737825616927 0.890625 1556
1737825617347 0.90625 1557
1737825617768 0.75 1558
1737825618185 0.8671875 1559
1737825618603 0.875 1560
1737825619022 0.8203125 1561
1737825619439 0.859375 1562
1737825619862 0.8671875 1563
1737825620280 0.8671875 1564
1737825620697 0.84375 1565
1737825621117 0.8515625 1566
1737825621536 0.8515625 1567
1737825621956 0.8359375 1568
1737825622381 0.8984375 1569
1737825622803 0.875 1570
1737825623222 0.8515625 1571
1737825623640 0.7890625 1572
1737825624057 0.8515625 1573
1737825624475 0.8515625 1574
1737825624893 0.84375 1575
1737825625314 0.9140625 1576
1737825625733 0.8125 1577
1737825626149 0.7890625 1578
1737825626566 0.875 1579
1737825626985 0.8828125 1580
1737825627400 0.8359375 1581
1737825627818 0.875 1582
1737825628234 0.8671875 1583
1737825628651 0.84375 1584
1737825629066 0.8828125 1585
1737825629485 0.8828125 1586
1737825629903 0.796875 1587
1737825630322 0.796875 1588
1737825630740 0.8359375 1589
1737825631160 0.828125 1590
1737825631576 0.921875 1591
1737825631993 0.84375 1592
1737825632408 0.7890625 1593
1737825632829 0.8203125 1594
1737825633244 0.8515625 1595
1737825633664 0.8125 1596
1737825634080 0.7578125 1597
1737825634499 0.859375 1598
1737825634917 0.7890625 1599
1737825635333 0.875 1600
1737825635753 0.8828125 1601
1737825636171 0.84375 1602
1737825636590 0.8046875 1603
1737825637010 0.8125 1604
1737825637429 0.859375 1605
1737825637847 0.8203125 1606
1737825638264 0.8828125 1607
1737825638681 0.8515625 1608
1737825639096 0.8203125 1609
1737825639514 0.859375 1610
1737825639930 0.8359375 1611
1737825640349 0.859375 1612
1737825640766 0.8203125 1613
1737825641185 0.828125 1614
1737825641604 0.8828125 1615
1737825642020 0.8125 1616
1737825642437 0.84375 1617
1737825642855 0.828125 1618
1737825643270 0.84375 1619
1737825643686 0.8359375 1620
1737825644106 0.8359375 1621
1737825644523 0.90625 1622
1737825644940 0.8515625 1623
1737825645358 0.8359375 1624
1737825645777 0.8828125 1625
1737825646195 0.9140625 1626
1737825646613 0.828125 1627
1737825647031 0.890625 1628
1737825647449 0.890625 1629
1737825647865 0.8515625 1630
1737825648284 0.8359375 1631
1737825648701 0.8515625 1632
1737825649120 0.9296875 1633
1737825649537 0.84375 1634
1737825649954 0.90625 1635
1737825650372 0.828125 1636
1737825650791 0.8359375 1637
1737825651211 0.8359375 1638
1737825651631 0.859375 1639
1737825652049 0.890625 1640
1737825652469 0.8359375 1641
1737825652888 0.8515625 1642
1737825653306 0.828125 1643
1737825653723 0.8515625 1644
1737825654136 0.8203125 1645
1737825654556 0.890625 1646
1737825654972 0.859375 1647
1737825655388 0.8515625 1648
1737825655807 0.90625 1649
1737825656223 0.828125 1650
1737825656641 0.8359375 1651
1737825657061 0.84375 1652
1737825657477 0.8125 1653
1737825657896 0.9140625 1654
1737825658315 0.859375 1655
1737825658734 0.8515625 1656
1737825659152 0.8984375 1657
1737825659569 0.890625 1658
1737825659987 0.8828125 1659
1737825660406 0.8671875 1660
1737825660822 0.8359375 1661
1737825661240 0.859375 1662
1737825661658 0.8671875 1663
1737825662072 0.8203125 1664
1737825662491 0.7890625 1665
1737825662915 0.8984375 1666
1737825663337 0.828125 1667
1737825663756 0.9296875 1668
1737825664175 0.8671875 1669
1737825664594 0.8671875 1670
1737825665012 0.8359375 1671
1737825665430 0.84375 1672
1737825665848 0.859375 1673
1737825666265 0.859375 1674
1737825666681 0.859375 1675
1737825667096 0.859375 1676
1737825667514 0.890625 1677
1737825667939 0.859375 1678
1737825668356 0.859375 1679
1737825668780 0.828125 1680
1737825669197 0.9140625 1681
1737825669614 0.8828125 1682
1737825670032 0.8671875 1683
1737825670450 0.8203125 1684
1737825670878 0.8671875 1685
1737825671298 0.875 1686
1737825671718 0.8125 1687
1737825672136 0.796875 1688
1737825672556 0.875 1689
1737825672971 0.8984375 1690
1737825673386 0.875 1691
1737825673802 0.8046875 1692
1737825674218 0.8203125 1693
1737825674637 0.859375 1694
1737825675051 0.875 1695
1737825675468 0.9140625 1696
1737825675885 0.875 1697
1737825676304 0.890625 1698
1737825676725 0.890625 1699
1737825677142 0.8671875 1700
1737825677559 0.828125 1701
1737825677977 0.84375 1702
1737825678395 0.8046875 1703
1737825678812 0.8984375 1704
1737825679231 0.7890625 1705
1737825679647 0.875 1706
1737825680067 0.875 1707
1737825680484 0.828125 1708
1737825680904 0.890625 1709
1737825681318 0.8671875 1710
1737825681735 0.859375 1711
1737825682154 0.859375 1712
1737825682572 0.8046875 1713
1737825682990 0.8359375 1714
1737825683407 0.84375 1715
1737825683824 0.796875 1716
1737825684244 0.8046875 1717
1737825684660 0.890625 1718
1737825685077 0.8359375 1719
1737825685498 0.84375 1720
1737825685917 0.8828125 1721
1737825686335 0.796875 1722
1737825686755 0.8359375 1723
1737825687172 0.859375 1724
1737825687590 0.8828125 1725
1737825688008 0.8671875 1726
1737825688424 0.84375 1727
1737825688844 0.8046875 1728
1737825689261 0.875 1729
1737825689677 0.8984375 1730
1737825690095 0.8828125 1731
1737825690513 0.8671875 1732
1737825690930 0.8359375 1733
1737825691348 0.8203125 1734
1737825691767 0.8359375 1735
1737825692186 0.7890625 1736
1737825692605 0.875 1737
1737825693023 0.8203125 1738
1737825693441 0.9140625 1739
1737825693859 0.8828125 1740
1737825694277 0.84375 1741
1737825694695 0.8359375 1742
1737825695110 0.8671875 1743
1737825695530 0.8359375 1744
1737825695947 0.84375 1745
1737825696364 0.875 1746
1737825696780 0.8515625 1747
1737825697198 0.8671875 1748
1737825697616 0.8125 1749
1737825698035 0.921875 1750
1737825698454 0.8828125 1751
1737825698873 0.8359375 1752
1737825699356 0.875 1753
1737825699826 0.828125 1754
1737825700251 0.875 1755
1737825700671 0.890625 1756
1737825701136 0.8671875 1757
1737825701622 0.8359375 1758
1737825702077 0.90625 1759
1737825702530 0.859375 1760
1737825702981 0.828125 1761
1737825703447 0.890625 1762
1737825703916 0.8671875 1763
1737825704371 0.8828125 1764
1737825704806 0.8671875 1765
1737825705233 0.859375 1766
1737825705711 0.859375 1767
1737825706185 0.8671875 1768
1737825706604 0.859375 1769
1737825707023 0.84375 1770
1737825707440 0.8671875 1771
1737825707857 0.8828125 1772
1737825708276 0.859375 1773
1737825708693 0.8515625 1774
1737825709111 0.84375 1775
1737825709527 0.859375 1776
1737825709944 0.90625 1777
1737825710360 0.828125 1778
1737825710778 0.8671875 1779
1737825711198 0.859375 1780
1737825711614 0.890625 1781
1737825712030 0.859375 1782
1737825712447 0.890625 1783
1737825712865 0.875 1784
1737825713283 0.9375 1785
1737825713701 0.859375 1786
1737825714118 0.859375 1787
1737825714534 0.90625 1788
1737825714991 0.8671875 1789
1737825715431 0.8984375 1790
1737825715897 0.8515625 1791
1737825716318 0.8203125 1792
1737825716736 0.875 1793
1737825717156 0.8359375 1794
1737825717577 0.890625 1795
1737825717995 0.875 1796
1737825718414 0.8671875 1797
1737825718848 0.875 1798
1737825719265 0.8359375 1799
1737825719686 0.8828125 1800
1737825720104 0.8203125 1801
1737825720523 0.8515625 1802
1737825720941 0.875 1803
1737825721360 0.859375 1804
1737825721777 0.8984375 1805
1737825722195 0.828125 1806
1737825722614 0.875 1807
1737825723030 0.8671875 1808
1737825723447 0.890625 1809
1737825723867 0.8828125 1810
1737825724283 0.8671875 1811
1737825724703 0.90625 1812
1737825725122 0.8671875 1813
1737825725545 0.875 1814
1737825725965 0.84375 1815
1737825726382 0.8671875 1816
1737825726812 0.90625 1817
1737825727228 0.8515625 1818
1737825727645 0.90625 1819
1737825728059 0.828125 1820
1737825728478 0.8515625 1821
1737825728895 0.890625 1822
1737825729316 0.8515625 1823
1737825729734 0.8515625 1824
1737825730153 0.8046875 1825
1737825730573 0.8515625 1826
1737825730994 0.8359375 1827
1737825731412 0.859375 1828
1737825731830 0.9140625 1829
1737825732248 0.875 1830
1737825732667 0.8671875 1831
1737825733085 0.8046875 1832
1737825733505 0.8984375 1833
1737825733923 0.8671875 1834
1737825734342 0.890625 1835
1737825734760 0.796875 1836
1737825735178 0.84375 1837
1737825735597 0.84375 1838
1737825736015 0.828125 1839
1737825736433 0.8359375 1840
1737825736858 0.921875 1841
1737825737277 0.90625 1842
1737825737703 0.8828125 1843
1737825738122 0.828125 1844
1737825738542 0.859375 1845
1737825738961 0.859375 1846
1737825739379 0.890625 1847
1737825739817 0.890625 1848
1737825740234 0.84375 1849
1737825740653 0.875 1850
1737825741073 0.875 1851
1737825741490 0.8359375 1852
1737825741908 0.8671875 1853
1737825742324 0.8515625 1854
1737825742745 0.84375 1855
1737825743162 0.828125 1856
1737825743581 0.875 1857
1737825743999 0.828125 1858
1737825744417 0.84375 1859
1737825744564 0.8378378378378378 1860
1737825760571 0.8359375 1861
1737825760988 0.8828125 1862
1737825761404 0.875 1863
1737825761823 0.84375 1864
1737825762240 0.8984375 1865
1737825762658 0.9140625 1866
1737825763074 0.8984375 1867
1737825763488 0.890625 1868
1737825763904 0.859375 1869
1737825764321 0.84375 1870
1737825764739 0.875 1871
1737825765157 0.875 1872
1737825765575 0.890625 1873
1737825765993 0.8984375 1874
1737825766410 0.828125 1875
1737825766826 0.859375 1876
1737825767243 0.90625 1877
1737825767662 0.8671875 1878
1737825768079 0.828125 1879
1737825768496 0.8125 1880
1737825768919 0.8984375 1881
1737825769337 0.890625 1882
1737825769756 0.8671875 1883
1737825770173 0.890625 1884
1737825770590 0.8515625 1885
1737825771008 0.875 1886
1737825771425 0.8203125 1887
1737825771841 0.8984375 1888
1737825772256 0.8359375 1889
1737825772675 0.8359375 1890
1737825773093 0.8125 1891
1737825773514 0.8671875 1892
1737825773931 0.8515625 1893
1737825774349 0.8671875 1894
1737825774769 0.8828125 1895
1737825775185 0.8515625 1896
1737825775604 0.890625 1897
1737825776021 0.8671875 1898
1737825776439 0.9296875 1899
1737825776856 0.890625 1900
1737825777274 0.8359375 1901
1737825777691 0.90625 1902
1737825778108 0.8828125 1903
1737825778524 0.859375 1904
1737825778941 0.890625 1905
1737825779357 0.90625 1906
1737825779774 0.84375 1907
1737825780191 0.8515625 1908
1737825780609 0.8515625 1909
1737825781027 0.8984375 1910
1737825781446 0.8671875 1911
1737825781865 0.8359375 1912
1737825782281 0.859375 1913
1737825782702 0.8828125 1914
1737825783125 0.8984375 1915
1737825783543 0.875 1916
1737825783965 0.8828125 1917
1737825784393 0.796875 1918
1737825784809 0.90625 1919
1737825785227 0.828125 1920
1737825785645 0.8671875 1921
1737825786061 0.9140625 1922
1737825786478 0.875 1923
1737825786898 0.84375 1924
1737825787315 0.8984375 1925
1737825787734 0.859375 1926
1737825788150 0.765625 1927
1737825788568 0.859375 1928
1737825788985 0.8515625 1929
1737825789400 0.890625 1930
1737825789818 0.8203125 1931
1737825790234 0.8984375 1932
1737825790651 0.8984375 1933
1737825791070 0.9140625 1934
1737825791488 0.8671875 1935
1737825791909 0.8671875 1936
1737825792326 0.875 1937
1737825792746 0.8359375 1938
1737825793165 0.8515625 1939
1737825793583 0.84375 1940
1737825794000 0.8671875 1941
1737825794418 0.9140625 1942
1737825794839 0.8671875 1943
1737825795258 0.8828125 1944
1737825795675 0.84375 1945
1737825796091 0.875 1946
1737825796510 0.8671875 1947
1737825796928 0.8828125 1948
1737825797344 0.828125 1949
1737825797764 0.890625 1950
1737825798179 0.875 1951
1737825798597 0.875 1952
1737825799012 0.8671875 1953
1737825799428 0.8984375 1954
1737825799848 0.8671875 1955
1737825800265 0.90625 1956
1737825800683 0.921875 1957
1737825801100 0.8828125 1958
1737825801518 0.8984375 1959
1737825801938 0.875 1960
1737825802357 0.859375 1961
1737825802775 0.890625 1962
1737825803192 0.875 1963
1737825803610 0.8671875 1964
1737825804026 0.859375 1965
1737825804446 0.8984375 1966
1737825804879 0.8828125 1967
1737825805298 0.859375 1968
1737825805716 0.921875 1969
1737825806137 0.890625 1970
1737825806560 0.890625 1971
1737825806979 0.90625 1972
1737825807396 0.8828125 1973
1737825807813 0.859375 1974
1737825808231 0.828125 1975
1737825808650 0.8984375 1976
1737825809065 0.90625 1977
1737825809482 0.890625 1978
1737825809901 0.8359375 1979
1737825810317 0.9140625 1980
1737825810736 0.8671875 1981
1737825811154 0.890625 1982
1737825811573 0.8515625 1983
1737825811990 0.8359375 1984
1737825812405 0.890625 1985
1737825812823 0.828125 1986
1737825813240 0.890625 1987
1737825813660 0.8359375 1988
1737825814078 0.875 1989
1737825814495 0.875 1990
1737825814910 0.859375 1991
1737825815330 0.84375 1992
1737825815747 0.8515625 1993
1737825816164 0.859375 1994
1737825816580 0.8671875 1995
1737825816998 0.8515625 1996
1737825817414 0.8984375 1997
1737825817836 0.8515625 1998
1737825818254 0.875 1999
1737825818671 0.8671875 2000
1737825819090 0.890625 2001
1737825819506 0.890625 2002
1737825819923 0.828125 2003
1737825820340 0.8984375 2004
1737825820758 0.84375 2005
1737825821175 0.859375 2006
1737825821593 0.859375 2007
1737825822007 0.84375 2008
1737825822423 0.90625 2009
1737825822843 0.8671875 2010
1737825823262 0.9453125 2011
1737825823686 0.84375 2012
1737825824106 0.8515625 2013
1737825824523 0.875 2014
1737825824940 0.8828125 2015
1737825825358 0.890625 2016
1737825825777 0.90625 2017
1737825826195 0.859375 2018
1737825826612 0.90625 2019
1737825827030 0.8125 2020
1737825827446 0.9140625 2021
1737825827864 0.9296875 2022
1737825828279 0.9140625 2023
1737825828697 0.8515625 2024
1737825829115 0.8359375 2025
1737825829538 0.828125 2026
1737825829956 0.859375 2027
1737825830375 0.8671875 2028
1737825830792 0.8671875 2029
1737825831209 0.921875 2030
1737825831627 0.9140625 2031
1737825832044 0.8125 2032
1737825832462 0.84375 2033
1737825832880 0.8984375 2034
1737825833297 0.8984375 2035
1737825833714 0.875 2036
1737825834132 0.828125 2037
1737825834552 0.8671875 2038
1737825834970 0.8984375 2039
1737825835385 0.8671875 2040
1737825835822 0.8984375 2041
1737825836241 0.8828125 2042
1737825836661 0.90625 2043
1737825837080 0.90625 2044
1737825837496 0.828125 2045
1737825837915 0.90625 2046
1737825838331 0.8828125 2047
1737825838753 0.890625 2048
1737825839171 0.8828125 2049
1737825839587 0.921875 2050
1737825840005 0.90625 2051
1737825840427 0.828125 2052
1737825840846 0.875 2053
1737825841264 0.90625 2054
1737825841687 0.8828125 2055
1737825842107 0.859375 2056
1737825842527 0.8984375 2057
1737825842952 0.890625 2058
1737825843372 0.859375 2059
1737825843793 0.8984375 2060
1737825844210 0.8984375 2061
1737825844629 0.8515625 2062
1737825845048 0.90625 2063
1737825845464 0.9140625 2064
1737825845885 0.859375 2065
1737825846305 0.9140625 2066
1737825846730 0.875 2067
1737825847150 0.8984375 2068
1737825847571 0.8984375 2069
1737825847989 0.859375 2070
1737825848406 0.921875 2071
1737825848825 0.8984375 2072
1737825849243 0.8984375 2073
1737825849661 0.84375 2074
1737825850078 0.8203125 2075
1737825850495 0.90625 2076
1737825850912 0.8125 2077
1737825851330 0.8984375 2078
1737825851747 0.875 2079
1737825852166 0.828125 2080
1737825852584 0.8515625 2081
1737825853003 0.84375 2082
1737825853418 0.8515625 2083
1737825853847 0.8828125 2084
1737825854266 0.890625 2085
1737825854683 0.9140625 2086
1737825855099 0.890625 2087
1737825855518 0.921875 2088
1737825855935 0.8984375 2089
1737825856353 0.859375 2090
1737825856773 0.875 2091
1737825857189 0.8984375 2092
1737825857608 0.90625 2093
1737825858030 0.8515625 2094
1737825858449 0.8671875 2095
1737825858866 0.875 2096
1737825859284 0.90625 2097
1737825859704 0.8359375 2098
1737825860122 0.875 2099
1737825860542 0.875 2100
1737825860960 0.828125 2101
1737825861375 0.8828125 2102
1737825861792 0.8515625 2103
1737825862208 0.8671875 2104
1737825862626 0.8828125 2105
1737825863044 0.875 2106
1737825863461 0.9140625 2107
1737825863883 0.8359375 2108
1737825864299 0.890625 2109
1737825864717 0.90625 2110
1737825865134 0.859375 2111
1737825865556 0.84375 2112
1737825865973 0.875 2113
1737825866389 0.890625 2114
1737825866808 0.796875 2115
1737825867225 0.7890625 2116
1737825867642 0.9140625 2117
1737825868060 0.859375 2118
1737825868476 0.90625 2119
1737825868893 0.875 2120
1737825869311 0.90625 2121
1737825869729 0.90625 2122
1737825870148 0.859375 2123
1737825870565 0.875 2124
1737825870985 0.875 2125
1737825871402 0.8359375 2126
1737825871822 0.84375 2127
1737825872241 0.84375 2128
1737825872662 0.875 2129
1737825873081 0.875 2130
1737825873498 0.7890625 2131
1737825873917 0.859375 2132
1737825874337 0.8671875 2133
1737825874754 0.921875 2134
1737825875170 0.9375 2135
1737825875590 0.8984375 2136
1737825876010 0.8515625 2137
1737825876429 0.8984375 2138
1737825876850 0.8359375 2139
1737825877267 0.8984375 2140
1737825877684 0.8984375 2141
1737825878100 0.859375 2142
1737825878519 0.8828125 2143
1737825878939 0.8359375 2144
1737825879356 0.875 2145
1737825879774 0.9140625 2146
1737825880193 0.828125 2147
1737825880612 0.8828125 2148
1737825881028 0.90625 2149
1737825881445 0.8828125 2150
1737825881863 0.859375 2151
1737825882282 0.9140625 2152
1737825882699 0.8515625 2153
1737825883117 0.875 2154
1737825883535 0.8984375 2155
1737825883959 0.875 2156
1737825884379 0.8828125 2157
1737825884797 0.84375 2158
1737825885216 0.8828125 2159
1737825885636 0.890625 2160
1737825886054 0.8984375 2161
1737825886473 0.9140625 2162
1737825886892 0.8984375 2163
1737825887312 0.84375 2164
1737825887733 0.7890625 2165
1737825888152 0.796875 2166
1737825888572 0.90625 2167
1737825888991 0.9296875 2168
1737825889407 0.921875 2169
1737825889827 0.890625 2170
1737825890247 0.90625 2171
1737825890666 0.875 2172
1737825891086 0.9296875 2173
1737825891510 0.8984375 2174
1737825891927 0.875 2175
1737825892348 0.890625 2176
1737825892767 0.9375 2177
1737825893186 0.7890625 2178
1737825893605 0.8671875 2179
1737825894024 0.8828125 2180
1737825894441 0.8515625 2181
1737825894872 0.890625 2182
1737825895291 0.875 2183
1737825895709 0.8828125 2184
1737825896128 0.8828125 2185
1737825896547 0.84375 2186
1737825896960 0.90625 2187
1737825897376 0.84375 2188
1737825897794 0.9296875 2189
1737825898213 0.8984375 2190
1737825898631 0.875 2191
1737825899050 0.8515625 2192
1737825899468 0.859375 2193
1737825899885 0.859375 2194
1737825900302 0.8671875 2195
1737825900721 0.8984375 2196
1737825901138 0.8203125 2197
1737825901557 0.8125 2198
1737825901974 0.8671875 2199
1737825902393 0.921875 2200
1737825902818 0.890625 2201
1737825903238 0.90625 2202
1737825903655 0.859375 2203
1737825904073 0.859375 2204
1737825904491 0.8984375 2205
1737825904940 0.921875 2206
1737825905359 0.8046875 2207
1737825905779 0.8359375 2208
1737825906196 0.890625 2209
1737825906613 0.875 2210
1737825907030 0.8984375 2211
1737825907448 0.8125 2212
1737825907866 0.8203125 2213
1737825908283 0.8203125 2214
1737825908705 0.859375 2215
1737825909123 0.8125 2216
1737825909540 0.8671875 2217
1737825909955 0.890625 2218
1737825910375 0.859375 2219
1737825910793 0.953125 2220
1737825911211 0.8984375 2221
1737825911628 0.8515625 2222
1737825912046 0.8359375 2223
1737825912463 0.8359375 2224
1737825912879 0.84375 2225
1737825913298 0.8515625 2226
1737825913719 0.8828125 2227
1737825914135 0.828125 2228
1737825914553 0.859375 2229
1737825914971 0.890625 2230
1737825915388 0.8671875 2231
1737825915806 0.8671875 2232
1737825916222 0.859375 2233
1737825916641 0.8515625 2234
1737825917060 0.9453125 2235
1737825917478 0.84375 2236
1737825917895 0.890625 2237
1737825918310 0.859375 2238
1737825918725 0.8828125 2239
1737825919142 0.875 2240
1737825919561 0.859375 2241
1737825919977 0.890625 2242
1737825920395 0.8671875 2243
1737825920815 0.84375 2244
1737825921231 0.8828125 2245
1737825921649 0.8984375 2246
1737825922067 0.828125 2247
1737825922483 0.875 2248
1737825922902 0.8671875 2249
1737825923320 0.8984375 2250
1737825923739 0.8828125 2251
1737825924154 0.828125 2252
1737825924573 0.8828125 2253
1737825924988 0.890625 2254
1737825925407 0.8984375 2255
1737825925837 0.8828125 2256
1737825926253 0.890625 2257
1737825926670 0.8828125 2258
1737825927090 0.875 2259
1737825927508 0.90625 2260
1737825927927 0.84375 2261
1737825928347 0.8359375 2262
1737825928764 0.8203125 2263
1737825929181 0.8515625 2264
1737825929600 0.875 2265
1737825930017 0.8984375 2266
1737825930433 0.9140625 2267
1737825930851 0.8359375 2268
1737825931268 0.8984375 2269
1737825931688 0.84375 2270
1737825932103 0.890625 2271
1737825932522 0.8828125 2272
1737825932938 0.828125 2273
1737825933355 0.9140625 2274
1737825933772 0.84375 2275
1737825934193 0.8515625 2276
1737825934615 0.921875 2277
1737825935032 0.875 2278
1737825935451 0.890625 2279
1737825935871 0.890625 2280
1737825936289 0.8515625 2281
1737825936710 0.875 2282
1737825937132 0.8828125 2283
1737825937552 0.859375 2284
1737825937970 0.8125 2285
1737825938387 0.9296875 2286
1737825938814 0.84375 2287
1737825939230 0.9453125 2288
1737825939648 0.8515625 2289
1737825940067 0.828125 2290
1737825940482 0.84375 2291
1737825940899 0.8671875 2292
1737825941316 0.890625 2293
1737825941733 0.90625 2294
1737825942151 0.8671875 2295
1737825942570 0.90625 2296
1737825942988 0.9140625 2297
1737825943407 0.8671875 2298
1737825943824 0.8984375 2299
1737825944244 0.84375 2300
1737825944666 0.9296875 2301
1737825945084 0.90625 2302
1737825945505 0.875 2303
1737825945922 0.828125 2304
1737825946339 0.890625 2305
1737825946758 0.8671875 2306
1737825947174 0.8359375 2307
1737825947592 0.84375 2308
1737825948013 0.875 2309
1737825948432 0.9140625 2310
1737825948850 0.90625 2311
1737825949271 0.8515625 2312
1737825949692 0.828125 2313
1737825950109 0.875 2314
1737825950528 0.90625 2315
1737825950947 0.8984375 2316
1737825951364 0.890625 2317
1737825951786 0.890625 2318
1737825952203 0.8828125 2319
1737825952621 0.859375 2320
1737825953038 0.8515625 2321
1737825953454 0.890625 2322
1737825953904 0.875 2323
1737825954351 0.90625 2324
1737825954809 0.8125 2325
1737825955267 0.875 2326
1737825955760 0.875 2327
1737825956216 0.8671875 2328
1737825956677 0.8984375 2329
1737825957117 0.8984375 2330
1737825957562 0.875 2331
1737825958011 0.8515625 2332
1737825958432 0.796875 2333
1737825958850 0.8515625 2334
1737825959269 0.8828125 2335
1737825959687 0.8046875 2336
1737825960103 0.8515625 2337
1737825960524 0.9140625 2338
1737825960940 0.875 2339
1737825961356 0.84375 2340
1737825961792 0.9140625 2341
1737825962211 0.8125 2342
1737825962634 0.8125 2343
1737825963066 0.8671875 2344
1737825963533 0.90625 2345
1737825963992 0.8828125 2346
1737825964413 0.8515625 2347
1737825964831 0.84375 2348
1737825965251 0.8828125 2349
1737825965671 0.890625 2350
1737825966090 0.8671875 2351
1737825966535 0.875 2352
1737825966975 0.8515625 2353
1737825967443 0.8515625 2354
1737825967941 0.875 2355
1737825968386 0.8203125 2356
1737825968832 0.8828125 2357
1737825969271 0.84375 2358
1737825969711 0.890625 2359
1737825970150 0.8828125 2360
1737825970587 0.859375 2361
1737825971027 0.8515625 2362
1737825971455 0.8671875 2363
1737825971938 0.875 2364
1737825972356 0.890625 2365
1737825972773 0.8828125 2366
1737825973193 0.875 2367
1737825973613 0.8984375 2368
1737825974029 0.8203125 2369
1737825974446 0.921875 2370
1737825974864 0.921875 2371
1737825975282 0.8671875 2372
1737825975703 0.875 2373
1737825976122 0.8515625 2374
1737825976538 0.8828125 2375
1737825976955 0.90625 2376
1737825977372 0.8828125 2377
1737825977791 0.8515625 2378
1737825978210 0.8984375 2379
1737825978632 0.8515625 2380
1737825979051 0.8203125 2381
1737825979469 0.890625 2382
1737825979885 0.8984375 2383
1737825980301 0.90625 2384
1737825980766 0.890625 2385
1737825981265 0.8984375 2386
1737825981697 0.875 2387
1737825982112 0.8515625 2388
1737825982531 0.90625 2389
1737825982977 0.875 2390
1737825983410 0.8671875 2391
1737825983828 0.875 2392
1737825984244 0.859375 2393
1737825984687 0.8984375 2394
1737825985136 0.859375 2395
1737825985551 0.875 2396
1737825985970 0.8828125 2397
1737825986417 0.8515625 2398
1737825986899 0.890625 2399
1737825987351 0.84375 2400
1737825987794 0.90625 2401
1737825988267 0.859375 2402
1737825988725 0.8828125 2403
1737825989181 0.8671875 2404
1737825989608 0.9375 2405
1737825990072 0.8671875 2406
1737825990514 0.8828125 2407
1737825990986 0.9140625 2408
1737825991452 0.875 2409
1737825991876 0.890625 2410
1737825992362 0.8984375 2411
1737825992781 0.859375 2412
1737825993200 0.9140625 2413
1737825993620 0.8515625 2414
1737825994086 0.8984375 2415
1737825994508 0.890625 2416
1737825994928 0.8671875 2417
1737825995358 0.828125 2418
1737825995813 0.859375 2419
1737825996254 0.8671875 2420
1737825996733 0.8359375 2421
1737825997161 0.8515625 2422
1737825997578 0.859375 2423
1737825997994 0.859375 2424
1737825998412 0.9140625 2425
1737825998858 0.8359375 2426
1737825999303 0.8671875 2427
1737825999721 0.875 2428
1737826000139 0.890625 2429
1737826000559 0.8671875 2430
1737826001020 0.90625 2431
1737826001501 0.8828125 2432
1737826001927 0.875 2433
1737826002343 0.859375 2434
1737826002760 0.8515625 2435
1737826003177 0.859375 2436
1737826003596 0.90625 2437
1737826004012 0.859375 2438
1737826004442 0.90625 2439
1737826004932 0.8125 2440
1737826005350 0.8515625 2441
1737826005768 0.8984375 2442
1737826006186 0.84375 2443
1737826006605 0.84375 2444
1737826007036 0.859375 2445
1737826007500 0.8515625 2446
1737826007946 0.8203125 2447
1737826008363 0.859375 2448
1737826008779 0.90625 2449
1737826009198 0.890625 2450
1737826009670 0.890625 2451
1737826010159 0.859375 2452
1737826010620 0.9140625 2453
1737826011036 0.8828125 2454
1737826011488 0.8984375 2455
1737826012019 0.8515625 2456
1737826012478 0.8828125 2457
1737826012964 0.8515625 2458
1737826013463 0.875 2459
1737826013966 0.8359375 2460
1737826014404 0.921875 2461
1737826014837 0.921875 2462
1737826015288 0.875 2463
1737826015712 0.8828125 2464
1737826016147 0.875 2465
1737826016566 0.90625 2466
1737826016981 0.890625 2467
1737826017398 0.890625 2468
1737826017821 0.84375 2469
1737826018270 0.90625 2470
1737826018689 0.8984375 2471
1737826019126 0.875 2472
1737826019579 0.8984375 2473
1737826019999 0.8671875 2474
1737826020419 0.8828125 2475
1737826020838 0.8046875 2476
1737826021255 0.890625 2477
1737826021673 0.8203125 2478
1737826022091 0.8828125 2479
1737826022235 0.8918918918918919 2480
1737826044415 0.859375 2481
1737826044858 0.8828125 2482
1737826045286 0.84375 2483
1737826045717 0.8828125 2484
1737826046152 0.8984375 2485
1737826046582 0.9140625 2486
1737826047011 0.890625 2487
1737826047440 0.90625 2488
1737826047868 0.8828125 2489
1737826048295 0.8671875 2490
1737826048721 0.8828125 2491
1737826049148 0.8984375 2492
1737826049589 0.921875 2493
1737826050017 0.875 2494
1737826050445 0.8984375 2495
1737826050870 0.890625 2496
1737826051297 0.8828125 2497
1737826051725 0.8671875 2498
1737826052152 0.859375 2499
1737826052580 0.84375 2500
1737826053006 0.90625 2501
1737826053430 0.9140625 2502
1737826053857 0.8671875 2503
1737826054285 0.90625 2504
1737826054709 0.875 2505
1737826055135 0.90625 2506
1737826055561 0.8359375 2507
1737826055996 0.9140625 2508
1737826056421 0.828125 2509
1737826056853 0.8671875 2510
1737826057308 0.828125 2511
1737826057797 0.8515625 2512
1737826058275 0.875 2513
1737826058712 0.875 2514
1737826059164 0.8984375 2515
1737826059609 0.84375 2516
1737826060026 0.90625 2517
1737826060444 0.8671875 2518
1737826060862 0.9140625 2519
1737826061287 0.8828125 2520
1737826061765 0.8515625 2521
1737826062265 0.90625 2522
1737826062781 0.875 2523
1737826063269 0.8671875 2524
1737826063756 0.8828125 2525
1737826064242 0.921875 2526
1737826064669 0.8671875 2527
1737826065086 0.8671875 2528
1737826065504 0.8671875 2529
1737826065920 0.90625 2530
1737826066338 0.8984375 2531
1737826066756 0.828125 2532
1737826067199 0.890625 2533
1737826067621 0.8828125 2534
1737826068038 0.9140625 2535
1737826068458 0.890625 2536
1737826068876 0.921875 2537
1737826069296 0.828125 2538
1737826069714 0.90625 2539
1737826070128 0.8515625 2540
1737826070547 0.8828125 2541
1737826070966 0.9296875 2542
1737826071384 0.8671875 2543
1737826071805 0.859375 2544
1737826072222 0.90625 2545
1737826072641 0.8359375 2546
1737826073056 0.7890625 2547
1737826073474 0.859375 2548
1737826073890 0.8671875 2549
1737826074306 0.8984375 2550
1737826074723 0.8515625 2551
1737826075139 0.9375 2552
1737826075559 0.9140625 2553
1737826075977 0.9296875 2554
1737826076394 0.8515625 2555
1737826076811 0.875 2556
1737826077229 0.9140625 2557
1737826077647 0.890625 2558
1737826078065 0.859375 2559
1737826078483 0.859375 2560
1737826078901 0.8828125 2561
1737826079318 0.9296875 2562
1737826079736 0.875 2563
1737826080211 0.890625 2564
1737826080629 0.890625 2565
1737826081098 0.8984375 2566
1737826081517 0.859375 2567
1737826081932 0.8828125 2568
1737826082351 0.84375 2569
1737826082770 0.890625 2570
1737826083188 0.8828125 2571
1737826083609 0.8828125 2572
1737826084026 0.8828125 2573
1737826084444 0.9296875 2574
1737826084900 0.875 2575
1737826085345 0.890625 2576
1737826085792 0.921875 2577
1737826086229 0.8359375 2578
1737826086681 0.9140625 2579
1737826087098 0.875 2580
1737826087520 0.859375 2581
1737826087973 0.9140625 2582
1737826088388 0.859375 2583
1737826088806 0.875 2584
1737826089223 0.8828125 2585
1737826089644 0.8984375 2586
1737826090086 0.8671875 2587
1737826090502 0.8671875 2588
1737826090919 0.9140625 2589
1737826091337 0.9140625 2590
1737826091783 0.9140625 2591
1737826092202 0.90625 2592
1737826092620 0.8828125 2593
1737826093050 0.890625 2594
1737826093476 0.8515625 2595
1737826093897 0.890625 2596
1737826094314 0.9140625 2597
1737826094731 0.8984375 2598
1737826095171 0.8671875 2599
1737826095615 0.9453125 2600
1737826096032 0.8828125 2601
1737826096450 0.90625 2602
1737826096868 0.8671875 2603
1737826097286 0.8671875 2604
1737826097702 0.8828125 2605
1737826098119 0.859375 2606
1737826098541 0.9296875 2607
1737826098961 0.875 2608
1737826099379 0.890625 2609
1737826099797 0.9296875 2610
1737826100214 0.859375 2611
1737826100631 0.875 2612
1737826101075 0.859375 2613
1737826101495 0.8984375 2614
1737826101914 0.84375 2615
1737826102329 0.8671875 2616
1737826102746 0.90625 2617
1737826103162 0.859375 2618
1737826103579 0.890625 2619
1737826103997 0.8671875 2620
1737826104414 0.90625 2621
1737826104875 0.8828125 2622
1737826105318 0.8671875 2623
1737826105739 0.921875 2624
1737826106196 0.875 2625
1737826106646 0.8828125 2626
1737826107108 0.859375 2627
1737826107527 0.8671875 2628
1737826107944 0.9140625 2629
1737826108360 0.8828125 2630
1737826108777 0.953125 2631
1737826109194 0.8828125 2632
1737826109613 0.859375 2633
1737826110030 0.8984375 2634
1737826110447 0.9140625 2635
1737826110875 0.90625 2636
1737826111316 0.9453125 2637
1737826111736 0.890625 2638
1737826112155 0.921875 2639
1737826112576 0.859375 2640
1737826112994 0.8828125 2641
1737826113408 0.90625 2642
1737826113825 0.9375 2643
1737826114241 0.9140625 2644
1737826114657 0.859375 2645
1737826115074 0.84375 2646
1737826115490 0.8515625 2647
1737826115908 0.890625 2648
1737826116323 0.90625 2649
1737826116738 0.921875 2650
1737826117157 0.9140625 2651
1737826117577 0.8359375 2652
1737826117995 0.890625 2653
1737826118414 0.921875 2654
1737826118832 0.890625 2655
1737826119250 0.921875 2656
1737826119667 0.8515625 2657
1737826120105 0.8671875 2658
1737826120553 0.890625 2659
1737826120980 0.8671875 2660
1737826121410 0.9296875 2661
1737826121834 0.90625 2662
1737826122249 0.9140625 2663
1737826122668 0.921875 2664
1737826123083 0.8203125 2665
1737826123500 0.9140625 2666
1737826123918 0.8828125 2667
1737826124334 0.9140625 2668
1737826124750 0.890625 2669
1737826125166 0.9140625 2670
1737826125583 0.9140625 2671
1737826126026 0.84375 2672
1737826126443 0.8828125 2673
1737826126861 0.921875 2674
1737826127279 0.875 2675
1737826127698 0.8828125 2676
1737826128144 0.8984375 2677
1737826128599 0.8984375 2678
1737826129014 0.84375 2679
1737826129431 0.9140625 2680
1737826129849 0.9296875 2681
1737826130266 0.875 2682
1737826130683 0.90625 2683
1737826131099 0.921875 2684
1737826131515 0.8828125 2685
1737826131933 0.8984375 2686
1737826132350 0.8671875 2687
1737826132771 0.890625 2688
1737826133188 0.9140625 2689
1737826133607 0.8671875 2690
1737826134023 0.921875 2691
1737826134440 0.9296875 2692
1737826134857 0.90625 2693
1737826135274 0.8515625 2694
1737826135694 0.828125 2695
1737826136110 0.8828125 2696
1737826136528 0.8671875 2697
1737826136946 0.921875 2698
1737826137362 0.90625 2699
1737826137782 0.84375 2700
1737826138198 0.9140625 2701
1737826138615 0.875 2702
1737826139033 0.875 2703
1737826139451 0.890625 2704
1737826139871 0.90625 2705
1737826140288 0.90625 2706
1737826140710 0.8984375 2707
1737826141127 0.9375 2708
1737826141544 0.9375 2709
1737826141964 0.8671875 2710
1737826142412 0.890625 2711
1737826142838 0.890625 2712
1737826143262 0.9140625 2713
1737826143681 0.8671875 2714
1737826144096 0.90625 2715
1737826144514 0.90625 2716
1737826144931 0.921875 2717
1737826145350 0.8671875 2718
1737826145770 0.890625 2719
1737826146189 0.8984375 2720
1737826146606 0.8671875 2721
1737826147023 0.8828125 2722
1737826147439 0.875 2723
1737826147856 0.8828125 2724
1737826148272 0.875 2725
1737826148688 0.8984375 2726
1737826149105 0.9375 2727
1737826149521 0.828125 2728
1737826149950 0.8984375 2729
1737826150367 0.8984375 2730
1737826150785 0.859375 2731
1737826151201 0.859375 2732
1737826151619 0.8671875 2733
1737826152035 0.921875 2734
1737826152452 0.8046875 2735
1737826152868 0.8125 2736
1737826153284 0.90625 2737
1737826153702 0.875 2738
1737826154118 0.9140625 2739
1737826154534 0.859375 2740
1737826154950 0.9140625 2741
1737826155367 0.9140625 2742
1737826155787 0.8515625 2743
1737826156205 0.8984375 2744
1737826156622 0.8671875 2745
1737826157038 0.859375 2746
1737826157454 0.8671875 2747
1737826157870 0.8515625 2748
1737826158287 0.8671875 2749
1737826158705 0.8984375 2750
1737826159120 0.84375 2751
1737826159539 0.8515625 2752
1737826159955 0.8359375 2753
1737826160372 0.9140625 2754
1737826160789 0.9375 2755
1737826161207 0.8515625 2756
1737826161625 0.890625 2757
1737826162042 0.90625 2758
1737826162461 0.84375 2759
1737826162877 0.8828125 2760
1737826163295 0.921875 2761
1737826163715 0.8984375 2762
1737826164132 0.890625 2763
1737826164551 0.8671875 2764
1737826164967 0.90625 2765
1737826165385 0.9453125 2766
1737826165832 0.84375 2767
1737826166249 0.890625 2768
1737826166666 0.9296875 2769
1737826167082 0.8671875 2770
1737826167498 0.875 2771
1737826167916 0.9140625 2772
1737826168332 0.859375 2773
1737826168753 0.8515625 2774
1737826169171 0.9140625 2775
1737826169592 0.875 2776
1737826170010 0.890625 2777
1737826170427 0.8828125 2778
1737826170852 0.875 2779
1737826171267 0.8984375 2780
1737826171684 0.9140625 2781
1737826172099 0.8984375 2782
1737826172518 0.890625 2783
1737826172935 0.8828125 2784
1737826173350 0.8359375 2785
1737826173767 0.84375 2786
1737826174186 0.8984375 2787
1737826174608 0.9375 2788
1737826175026 0.890625 2789
1737826175444 0.8671875 2790
1737826175860 0.90625 2791
1737826176276 0.875 2792
1737826176695 0.921875 2793
1737826177114 0.90625 2794
1737826177531 0.8828125 2795
1737826177968 0.890625 2796
1737826178434 0.9375 2797
1737826178857 0.8203125 2798
1737826179299 0.8828125 2799
1737826179719 0.90625 2800
1737826180163 0.8671875 2801
1737826180583 0.8828125 2802
1737826181005 0.890625 2803
1737826181483 0.8828125 2804
1737826181946 0.875 2805
1737826182409 0.8671875 2806
1737826182864 0.921875 2807
1737826183432 0.875 2808
1737826183922 0.953125 2809
1737826184364 0.890625 2810
1737826184803 0.8984375 2811
1737826185219 0.9140625 2812
1737826185662 0.8984375 2813
1737826186093 0.875 2814
1737826186512 0.875 2815
1737826186954 0.9453125 2816
1737826187371 0.8359375 2817
1737826187802 0.84375 2818
1737826188219 0.875 2819
1737826188637 0.9296875 2820
1737826189068 0.8828125 2821
1737826189517 0.8828125 2822
1737826189959 0.859375 2823
1737826190392 0.8828125 2824
1737826190822 0.8984375 2825
1737826191253 0.9296875 2826
1737826191687 0.7890625 2827
1737826192118 0.8203125 2828
1737826192549 0.890625 2829
1737826192966 0.890625 2830
1737826193384 0.90625 2831
1737826193818 0.859375 2832
1737826194236 0.859375 2833
1737826194701 0.8515625 2834
1737826195121 0.8984375 2835
1737826195541 0.84375 2836
1737826195962 0.875 2837
1737826196383 0.921875 2838
1737826196801 0.8671875 2839
1737826197219 0.953125 2840
1737826197636 0.9140625 2841
1737826198065 0.8828125 2842
1737826198494 0.84375 2843
1737826198960 0.859375 2844
1737826199450 0.84375 2845
1737826199879 0.8828125 2846
1737826200321 0.890625 2847
1737826200766 0.8515625 2848
1737826201201 0.8671875 2849
1737826201638 0.921875 2850
1737826202072 0.890625 2851
1737826202501 0.875 2852
1737826202932 0.890625 2853
1737826203365 0.859375 2854
1737826203798 0.9453125 2855
1737826204228 0.8828125 2856
1737826204653 0.8828125 2857
1737826205076 0.8671875 2858
1737826205506 0.8828125 2859
1737826205932 0.890625 2860
1737826206357 0.8671875 2861
1737826206781 0.921875 2862
1737826207210 0.890625 2863
1737826207640 0.84375 2864
1737826208069 0.890625 2865
1737826208497 0.921875 2866
1737826208926 0.84375 2867
1737826209351 0.8984375 2868
1737826209785 0.90625 2869
1737826210212 0.8984375 2870
1737826210645 0.8671875 2871
1737826211076 0.8515625 2872
1737826211507 0.890625 2873
1737826211971 0.875 2874
1737826212438 0.90625 2875
1737826212924 0.90625 2876
1737826213343 0.8984375 2877
1737826213781 0.890625 2878
1737826214201 0.90625 2879
1737826214617 0.8828125 2880
1737826215035 0.8671875 2881
1737826215451 0.875 2882
1737826215869 0.84375 2883
1737826216289 0.8359375 2884
1737826216717 0.8671875 2885
1737826217155 0.90625 2886
1737826217665 0.8984375 2887
1737826218159 0.8515625 2888
1737826218637 0.90625 2889
1737826219105 0.859375 2890
1737826219595 0.8984375 2891
1737826220032 0.90625 2892
1737826220450 0.875 2893
1737826220868 0.9375 2894
1737826221295 0.8671875 2895
1737826221752 0.8828125 2896
1737826222182 0.9140625 2897
1737826222649 0.8984375 2898
1737826223150 0.8984375 2899
1737826223589 0.890625 2900
1737826224037 0.828125 2901
1737826224480 0.890625 2902
1737826224929 0.9140625 2903
1737826225369 0.859375 2904
1737826225786 0.859375 2905
1737826226204 0.9296875 2906
1737826226644 0.8828125 2907
1737826227073 0.9453125 2908
1737826227498 0.90625 2909
1737826227921 0.859375 2910
1737826228383 0.8984375 2911
1737826228870 0.8984375 2912
1737826229350 0.9140625 2913
1737826229826 0.890625 2914
1737826230309 0.8828125 2915
1737826230763 0.90625 2916
1737826231214 0.921875 2917
1737826231665 0.875 2918
1737826232117 0.90625 2919
1737826232580 0.875 2920
1737826233027 0.9296875 2921
1737826233468 0.9609375 2922
1737826233887 0.8671875 2923
1737826234305 0.8359375 2924
1737826234723 0.8828125 2925
1737826235142 0.8828125 2926
1737826235561 0.8515625 2927
1737826235979 0.875 2928
1737826236399 0.875 2929
1737826236816 0.921875 2930
1737826237234 0.9296875 2931
1737826237652 0.8828125 2932
1737826238070 0.84375 2933
1737826238488 0.90625 2934
1737826238908 0.921875 2935
1737826239325 0.90625 2936
1737826239744 0.890625 2937
1737826240161 0.9375 2938
1737826240580 0.8828125 2939
1737826240997 0.859375 2940
1737826241415 0.8515625 2941
1737826241835 0.8984375 2942
1737826242252 0.8828125 2943
1737826242671 0.9296875 2944
1737826243090 0.8515625 2945
1737826243506 0.875 2946
1737826243924 0.890625 2947
1737826244340 0.859375 2948
1737826244760 0.9140625 2949
1737826245178 0.90625 2950
1737826245596 0.90625 2951
1737826246014 0.875 2952
1737826246433 0.8359375 2953
1737826246852 0.8671875 2954
1737826247269 0.890625 2955
1737826247688 0.8359375 2956
1737826248110 0.859375 2957
1737826248532 0.921875 2958
1737826248950 0.890625 2959
1737826249371 0.859375 2960
1737826249787 0.9375 2961
1737826250206 0.8203125 2962
1737826250625 0.828125 2963
1737826251043 0.8828125 2964
1737826251459 0.9140625 2965
1737826251875 0.890625 2966
1737826252292 0.890625 2967
1737826252712 0.890625 2968
1737826253126 0.890625 2969
1737826253546 0.9140625 2970
1737826253963 0.890625 2971
1737826254381 0.8984375 2972
1737826254799 0.84375 2973
1737826255217 0.8828125 2974
1737826255633 0.8671875 2975
1737826256046 0.8359375 2976
1737826256462 0.890625 2977
1737826256878 0.859375 2978
1737826257297 0.9140625 2979
1737826257715 0.890625 2980
1737826258133 0.8828125 2981
1737826258555 0.859375 2982
1737826258972 0.875 2983
1737826259389 0.8984375 2984
1737826259809 0.8828125 2985
1737826260226 0.9140625 2986
1737826260646 0.875 2987
1737826261062 0.890625 2988
1737826261479 0.84375 2989
1737826261895 0.9375 2990
1737826262311 0.9140625 2991
1737826262731 0.8828125 2992
1737826263155 0.8828125 2993
1737826263574 0.8515625 2994
1737826263991 0.890625 2995
1737826264410 0.8984375 2996
1737826264827 0.8984375 2997
1737826265243 0.875 2998
1737826265659 0.9140625 2999
1737826266076 0.859375 3000
1737826266496 0.828125 3001
1737826266914 0.8984375 3002
1737826267331 0.9375 3003
1737826267750 0.921875 3004
1737826268167 0.90625 3005
1737826268586 0.875 3006
1737826269003 0.875 3007
1737826269420 0.8515625 3008
1737826269838 0.9140625 3009
1737826270256 0.890625 3010
1737826270672 0.921875 3011
1737826271089 0.90625 3012
1737826271506 0.875 3013
1737826271926 0.890625 3014
1737826272344 0.890625 3015
1737826272762 0.875 3016
1737826273179 0.9140625 3017
1737826273597 0.859375 3018
1737826274013 0.8984375 3019
1737826274430 0.8515625 3020
1737826274848 0.90625 3021
1737826275266 0.8515625 3022
1737826275683 0.890625 3023
1737826276100 0.90625 3024
1737826276518 0.9296875 3025
1737826276936 0.890625 3026
1737826277356 0.8828125 3027
1737826277772 0.9375 3028
1737826278189 0.890625 3029
1737826278609 0.890625 3030
1737826279024 0.9296875 3031
1737826279441 0.8828125 3032
1737826279861 0.921875 3033
1737826280279 0.8828125 3034
1737826280697 0.875 3035
1737826281112 0.9140625 3036
1737826281530 0.8671875 3037
1737826281946 0.890625 3038
1737826282363 0.859375 3039
1737826282779 0.8828125 3040
1737826283197 0.84375 3041
1737826283620 0.90625 3042
1737826284035 0.859375 3043
1737826284451 0.8828125 3044
1737826284868 0.921875 3045
1737826285284 0.8828125 3046
1737826285702 0.8984375 3047
1737826286120 0.90625 3048
1737826286538 0.8984375 3049
1737826286959 0.90625 3050
1737826287376 0.8984375 3051
1737826287792 0.9140625 3052
1737826288210 0.921875 3053
1737826288632 0.8671875 3054
1737826289063 0.8515625 3055
1737826289522 0.8828125 3056
1737826289985 0.921875 3057
1737826290455 0.859375 3058
1737826290946 0.9140625 3059
1737826291394 0.828125 3060
1737826291843 0.890625 3061
1737826292287 0.90625 3062
1737826292732 0.859375 3063
1737826293183 0.890625 3064
1737826293601 0.8671875 3065
1737826294018 0.8984375 3066
1737826294435 0.875 3067
1737826294855 0.8671875 3068
1737826295273 0.9140625 3069
1737826295694 0.890625 3070
1737826296130 0.9140625 3071
1737826296572 0.8515625 3072
1737826296989 0.90625 3073
1737826297407 0.8984375 3074
1737826297834 0.8984375 3075
1737826298253 0.8828125 3076
1737826298676 0.859375 3077
1737826299095 0.8671875 3078
1737826299528 0.8984375 3079
1737826299982 0.875 3080
1737826300487 0.9453125 3081
1737826300940 0.9375 3082
1737826301360 0.8828125 3083
1737826301779 0.8984375 3084
1737826302197 0.890625 3085
1737826302624 0.90625 3086
1737826303080 0.921875 3087
1737826303502 0.90625 3088
1737826303920 0.8515625 3089
1737826304347 0.8984375 3090
1737826304770 0.8984375 3091
1737826305192 0.859375 3092
1737826305615 0.890625 3093
1737826306034 0.8828125 3094
1737826306452 0.8828125 3095
1737826306891 0.84375 3096
1737826307321 0.921875 3097
1737826307752 0.8515625 3098
1737826308171 0.890625 3099
1737826308315 0.8918918918918919 3100
1737826317104 0.875 3101
1737826317536 0.8984375 3102
1737826317953 0.859375 3103
1737826318370 0.921875 3104
1737826318789 0.890625 3105
1737826319208 0.9296875 3106
1737826319625 0.9140625 3107
1737826320043 0.9296875 3108
1737826320463 0.890625 3109
1737826320883 0.90625 3110
1737826321313 0.8984375 3111
1737826321732 0.90625 3112
1737826322150 0.9375 3113
1737826322586 0.890625 3114
1737826323048 0.8984375 3115
1737826323515 0.875 3116
1737826323938 0.9453125 3117
1737826324362 0.8828125 3118
1737826324787 0.875 3119
1737826325215 0.8203125 3120
1737826325637 0.90625 3121
1737826326063 0.921875 3122
1737826326483 0.890625 3123
1737826326907 0.8828125 3124
1737826327328 0.8828125 3125
1737826327750 0.8984375 3126
1737826328169 0.8359375 3127
1737826328610 0.9375 3128
1737826329049 0.8359375 3129
1737826329483 0.890625 3130
1737826329913 0.8359375 3131
1737826330339 0.875 3132
1737826330802 0.8984375 3133
1737826331238 0.90625 3134
1737826331659 0.890625 3135
1737826332078 0.84375 3136
1737826332496 0.9140625 3137
1737826332917 0.8671875 3138
1737826333345 0.9375 3139
1737826333769 0.90625 3140
1737826334188 0.8671875 3141
1737826334613 0.9140625 3142
1737826335112 0.859375 3143
1737826335583 0.875 3144
1737826336006 0.921875 3145
1737826336426 0.921875 3146
1737826336850 0.875 3147
1737826337273 0.8828125 3148
1737826337699 0.859375 3149
1737826338121 0.90625 3150
1737826338572 0.8984375 3151
1737826338990 0.8515625 3152
1737826339414 0.8828125 3153
1737826339833 0.890625 3154
1737826340256 0.921875 3155
1737826340681 0.9140625 3156
1737826341111 0.90625 3157
1737826341555 0.8515625 3158
1737826341982 0.890625 3159
1737826342408 0.875 3160
1737826342849 0.890625 3161
1737826343278 0.9296875 3162
1737826343733 0.8671875 3163
1737826344167 0.8828125 3164
1737826344591 0.9140625 3165
1737826345010 0.8046875 3166
1737826345435 0.7890625 3167
1737826345887 0.8828125 3168
1737826346307 0.859375 3169
1737826346752 0.9140625 3170
1737826347195 0.859375 3171
1737826347619 0.9375 3172
1737826348034 0.90625 3173
1737826348460 0.9375 3174
1737826348909 0.8671875 3175
1737826349383 0.8828125 3176
1737826349807 0.890625 3177
1737826350245 0.8984375 3178
1737826350722 0.8828125 3179
1737826351164 0.8515625 3180
1737826351587 0.9140625 3181
1737826352027 0.9453125 3182
1737826352478 0.8984375 3183
1737826352925 0.90625 3184
1737826353363 0.890625 3185
1737826353801 0.9140625 3186
1737826354219 0.8984375 3187
1737826354636 0.890625 3188
1737826355055 0.84375 3189
1737826355496 0.8984375 3190
1737826355917 0.8984375 3191
1737826356340 0.9140625 3192
1737826356805 0.890625 3193
1737826357221 0.9375 3194
1737826357664 0.90625 3195
1737826358122 0.921875 3196
1737826358546 0.9453125 3197
1737826358963 0.875 3198
1737826359444 0.921875 3199
1737826359918 0.875 3200
1737826360356 0.8671875 3201
1737826360776 0.90625 3202
1737826361235 0.875 3203
1737826361714 0.8828125 3204
1737826362137 0.8671875 3205
1737826362568 0.90625 3206
1737826362989 0.8984375 3207
1737826363408 0.8984375 3208
1737826363839 0.9140625 3209
1737826364321 0.921875 3210
1737826364805 0.90625 3211
1737826365236 0.9140625 3212
1737826365656 0.8828125 3213
1737826366075 0.90625 3214
1737826366495 0.8671875 3215
1737826366914 0.9140625 3216
1737826367333 0.921875 3217
1737826367753 0.90625 3218
1737826368173 0.890625 3219
1737826368594 0.9453125 3220
1737826369082 0.8828125 3221
1737826369550 0.90625 3222
1737826369973 0.8671875 3223
1737826370390 0.890625 3224
1737826370876 0.90625 3225
1737826371340 0.890625 3226
1737826371762 0.9375 3227
1737826372180 0.8671875 3228
1737826372619 0.90625 3229
1737826373104 0.9296875 3230
1737826373542 0.8671875 3231
1737826373964 0.90625 3232
1737826374384 0.875 3233
1737826374883 0.90625 3234
1737826375318 0.875 3235
1737826375756 0.859375 3236
1737826376194 0.8984375 3237
1737826376684 0.875 3238
1737826377115 0.9140625 3239
1737826377538 0.8828125 3240
1737826377958 0.9296875 3241
1737826378403 0.9140625 3242
1737826378880 0.8828125 3243
1737826379298 0.9296875 3244
1737826379764 0.8671875 3245
1737826380221 0.890625 3246
1737826380645 0.890625 3247
1737826381078 0.875 3248
1737826381507 0.9140625 3249
1737826381972 0.8984375 3250
1737826382395 0.953125 3251
1737826382810 0.875 3252
1737826383228 0.859375 3253
1737826383648 0.90625 3254
1737826384128 0.9296875 3255
1737826384547 0.9453125 3256
1737826385006 0.9453125 3257
1737826385465 0.90625 3258
1737826385909 0.9140625 3259
1737826386328 0.875 3260
1737826386748 0.9140625 3261
1737826387168 0.9453125 3262
1737826387588 0.9375 3263
1737826388058 0.890625 3264
1737826388477 0.890625 3265
1737826388897 0.84375 3266
1737826389362 0.875 3267
1737826389818 0.9140625 3268
1737826390234 0.9140625 3269
1737826390654 0.921875 3270
1737826391082 0.9296875 3271
1737826391502 0.8515625 3272
1737826391933 0.890625 3273
1737826392391 0.9296875 3274
1737826392836 0.9140625 3275
1737826393254 0.921875 3276
1737826393695 0.8515625 3277
1737826394137 0.8984375 3278
1737826394635 0.90625 3279
1737826395102 0.8828125 3280
1737826395561 0.9375 3281
1737826396025 0.9140625 3282
1737826396477 0.9140625 3283
1737826396927 0.9296875 3284
1737826397376 0.84375 3285
1737826397805 0.9375 3286
1737826398233 0.8984375 3287
1737826398653 0.90625 3288
1737826399069 0.890625 3289
1737826399486 0.953125 3290
1737826399905 0.9140625 3291
1737826400322 0.8515625 3292
1737826400739 0.8828125 3293
1737826401159 0.921875 3294
1737826401578 0.8984375 3295
1737826401993 0.8828125 3296
1737826402409 0.890625 3297
1737826402825 0.921875 3298
1737826403242 0.875 3299
1737826403660 0.921875 3300
1737826404078 0.9296875 3301
1737826404495 0.8828125 3302
1737826404911 0.9140625 3303
1737826405329 0.9296875 3304
1737826405748 0.8671875 3305
1737826406166 0.90625 3306
1737826406583 0.890625 3307
1737826407002 0.90625 3308
1737826407419 0.90625 3309
1737826407847 0.890625 3310
1737826408266 0.921875 3311
1737826408689 0.9296875 3312
1737826409106 0.8984375 3313
1737826409523 0.859375 3314
1737826409942 0.84375 3315
1737826410369 0.890625 3316
1737826410792 0.8828125 3317
1737826411211 0.953125 3318
1737826411632 0.90625 3319
1737826412052 0.859375 3320
1737826412469 0.921875 3321
1737826412890 0.890625 3322
1737826413313 0.875 3323
1737826413737 0.90625 3324
1737826414155 0.921875 3325
1737826414600 0.9140625 3326
1737826415018 0.921875 3327
1737826415437 0.9375 3328
1737826415867 0.9375 3329
1737826416295 0.8671875 3330
