1737824918090 0.359375 1
1737824918505 0.3203125 2
1737824918918 0.46875 3
1737824919333 0.390625 4
1737824919750 0.421875 5
1737824920164 0.4609375 6
1737824920580 0.53125 7
1737824920996 0.484375 8
1737824921409 0.46875 9
1737824921825 0.5703125 10
1737824922242 0.6015625 11
1737824922678 0.453125 12
1737824923119 0.5 13
1737824923535 0.578125 14
1737824923955 0.6953125 15
1737824924397 0.6484375 16
1737824924830 0.6484375 17
1737824925273 0.640625 18
1737824925691 0.6171875 19
1737824926108 0.6015625 20
1737824926523 0.65625 21
1737824926937 0.734375 22
1737824927353 0.671875 23
1737824927770 0.65625 24
1737824928185 0.6875 25
1737824928622 0.703125 26
1737824929058 0.6875 27
1737824929475 0.734375 28
1737824929896 0.640625 29
1737824930312 0.734375 30
1737824930732 0.6484375 31
1737824931149 0.734375 32
1737824931566 0.734375 33
1737824931982 0.703125 34
1737824932400 0.796875 35
1737824932842 0.7265625 36
1737824933261 0.78125 37
1737824933676 0.7265625 38
1737824934145 0.78125 39
1737824934606 0.7421875 40
1737824935020 0.75 41
1737824935438 0.75 42
1737824935856 0.6875 43
1737824936273 0.7421875 44
1737824936689 0.7109375 45
1737824937104 0.796875 46
1737824937522 0.71875 47
1737824937953 0.765625 48
1737824938368 0.8046875 49
1737824938853 0.7890625 50
1737824939345 0.75 51
1737824939801 0.7265625 52
1737824940245 0.8125 53
1737824940665 0.7265625 54
1737824941082 0.78125 55
1737824941499 0.7265625 56
1737824941914 0.75 57
1737824942335 0.7421875 58
1737824942754 0.7421875 59
1737824943185 0.6953125 60
1737824943604 0.6953125 61
1737824944022 0.7890625 62
1737824944439 0.765625 63
1737824944872 0.7421875 64
1737824945303 0.7890625 65
1737824945735 0.765625 66
1737824946153 0.6796875 67
1737824946573 0.734375 68
1737824947007 0.765625 69
1737824947463 0.8046875 70
1737824947891 0.78125 71
1737824948309 0.8125 72
1737824948725 0.78125 73
1737824949144 0.7890625 74
1737824949565 0.640625 75
1737824949981 0.7890625 76
1737824950401 0.7578125 77
1737824950819 0.765625 78
1737824951237 0.734375 79
1737824951656 0.75 80
1737824952074 0.734375 81
1737824952505 0.8125 82
1737824952921 0.8203125 83
1737824953344 0.7890625 84
1737824953761 0.7265625 85
1737824954188 0.7421875 86
1737824954607 0.7109375 87
1737824955025 0.8046875 88
1737824955443 0.7265625 89
1737824955861 0.7265625 90
1737824956281 0.796875 91
1737824956700 0.7734375 92
1737824957115 0.7578125 93
1737824957534 0.796875 94
1737824957952 0.7578125 95
1737824958369 0.7578125 96
1737824958789 0.828125 97
1737824959206 0.7578125 98
1737824959637 0.796875 99
1737824960105 0.7890625 100
1737824960565 0.7265625 101
1737824960984 0.7578125 102
1737824961402 0.7421875 103
1737824961822 0.75 104
1737824962240 0.7578125 105
1737824962683 0.734375 106
1737824963128 0.8046875 107
1737824963578 0.75 108
1737824964026 0.7734375 109
1737824964471 0.8046875 110
1737824964918 0.796875 111
1737824965351 0.78125 112
1737824965781 0.765625 113
1737824966214 0.765625 114
1737824966650 0.7265625 115
1737824967095 0.7890625 116
1737824967535 0.78125 117
1737824967956 0.7890625 118
1737824968391 0.75 119
1737824968810 0.828125 120
1737824969257 0.78125 121
1737824969698 0.78125 122
1737824970114 0.7109375 123
1737824970533 0.7890625 124
1737824970955 0.765625 125
1737824971377 0.7578125 126
1737824971807 0.7421875 127
1737824972240 0.734375 128
1737824972672 0.7421875 129
1737824973105 0.828125 130
1737824973526 0.734375 131
1737824973943 0.7734375 132
1737824974360 0.6953125 133
1737824974779 0.7421875 134
1737824975197 0.78125 135
1737824975616 0.734375 136
1737824976035 0.7734375 137
1737824976456 0.78125 138
1737824976874 0.734375 139
1737824977290 0.734375 140
1737824977710 0.7734375 141
1737824978142 0.8046875 142
1737824978602 0.6796875 143
1737824979064 0.7734375 144
1737824979523 0.6953125 145
1737824979943 0.75 146
1737824980363 0.734375 147
1737824980782 0.7109375 148
1737824981246 0.796875 149
1737824981720 0.796875 150
1737824982185 0.796875 151
1737824982621 0.7421875 152
1737824983070 0.7109375 153
1737824983539 0.8203125 154
1737824983996 0.8046875 155
1737824984442 0.78125 156
1737824984860 0.8046875 157
1737824985279 0.7734375 158
1737824985722 0.8515625 159
1737824986196 0.765625 160
1737824986644 0.84375 161
1737824987062 0.7890625 162
1737824987480 0.7734375 163
1737824987898 0.796875 164
1737824988317 0.7421875 165
1737824988736 0.71875 166
1737824989153 0.75 167
1737824989571 0.78125 168
1737824990002 0.75 169
1737824990467 0.859375 170
1737824990942 0.7890625 171
1737824991395 0.734375 172
1737824991826 0.765625 173
1737824992281 0.8203125 174
1737824992748 0.8203125 175
1737824993195 0.84375 176
1737824993640 0.71875 177
1737824994079 0.7578125 178
1737824994523 0.8203125 179
1737824994977 0.765625 180
1737824995420 0.7890625 181
1737824995874 0.8125 182
1737824996332 0.765625 183
1737824996758 0.828125 184
1737824997175 0.7578125 185
1737824997595 0.8125 186
1737824998014 0.75 187
1737824998443 0.8046875 188
1737824998862 0.7734375 189
1737824999278 0.8671875 190
1737824999696 0.859375 191
1737825000126 0.765625 192
1737825000547 0.765625 193
1737825000963 0.8359375 194
1737825001383 0.78125 195
1737825001802 0.8046875 196
1737825002222 0.796875 197
1737825002640 0.78125 198
1737825003075 0.734375 199
1737825003538 0.8515625 200
1737825003993 0.8359375 201
1737825004408 0.8046875 202
1737825004827 0.8203125 203
1737825005243 0.8046875 204
1737825005663 0.78125 205
1737825006082 0.859375 206
1737825006503 0.8125 207
1737825006921 0.796875 208
1737825007337 0.8046875 209
1737825007756 0.6796875 210
1737825008176 0.8203125 211
1737825008595 0.7734375 212
1737825009011 0.8359375 213
1737825009427 0.7890625 214
1737825009844 0.765625 215
1737825010271 0.765625 216
1737825010690 0.703125 217
1737825011111 0.859375 218
1737825011528 0.8125 219
1737825011945 0.7265625 220
1737825012361 0.828125 221
1737825012779 0.8203125 222
1737825013197 0.7421875 223
1737825013616 0.8125 224
1737825014036 0.7734375 225
1737825014454 0.8125 226
1737825014873 0.8203125 227
1737825015290 0.8125 228
1737825015707 0.8125 229
1737825016122 0.765625 230
1737825016538 0.7890625 231
1737825016958 0.796875 232
1737825017375 0.8125 233
1737825017792 0.7734375 234
1737825018214 0.7734375 235
1737825018634 0.78125 236
1737825019050 0.765625 237
1737825019469 0.7109375 238
1737825019885 0.8359375 239
1737825020302 0.8046875 240
1737825020723 0.7578125 241
1737825021142 0.78125 242
1737825021563 0.7421875 243
1737825021980 0.8046875 244
1737825022396 0.796875 245
1737825022814 0.8046875 246
1737825023230 0.8046875 247
1737825023647 0.765625 248
1737825024062 0.8046875 249
1737825024479 0.8125 250
1737825024897 0.765625 251
1737825025316 0.828125 252
1737825025735 0.7890625 253
1737825026154 0.8671875 254
1737825026574 0.71875 255
1737825026992 0.734375 256
1737825027410 0.828125 257
1737825027829 0.765625 258
1737825028246 0.8046875 259
1737825028662 0.8046875 260
1737825029079 0.78125 261
1737825029498 0.8125 262
1737825029915 0.75 263
1737825030331 0.8203125 264
1737825030749 0.8359375 265
1737825031167 0.8125 266
1737825031584 0.8125 267
1737825032001 0.734375 268
1737825032418 0.765625 269
1737825032836 0.84375 270
1737825033256 0.78125 271
1737825033674 0.7734375 272
1737825034091 0.703125 273
1737825034510 0.828125 274
1737825034939 0.8203125 275
1737825035359 0.828125 276
1737825035780 0.8125 277
1737825036198 0.796875 278
1737825036616 0.71875 279
1737825037032 0.765625 280
1737825037447 0.765625 281
1737825037862 0.765625 282
1737825038279 0.7734375 283
1737825038698 0.8125 284
1737825039115 0.8046875 285
1737825039533 0.7890625 286
1737825039950 0.71875 287
1737825040371 0.75 288
1737825040787 0.75 289
1737825041205 0.8046875 290
1737825041623 0.765625 291
1737825042040 0.78125 292
1737825042459 0.7421875 293
1737825042875 0.828125 294
1737825043294 0.75 295
1737825043712 0.75 296
1737825044130 0.828125 297
1737825044550 0.796875 298
1737825044966 0.828125 299
1737825045382 0.7734375 300
1737825045798 0.8125 301
1737825046218 0.75 302
1737825046637 0.7734375 303
1737825047053 0.796875 304
1737825047471 0.7109375 305
1737825047888 0.71875 306
1737825048304 0.84375 307
1737825048723 0.859375 308
1737825049141 0.84375 309
1737825049559 0.75 310
1737825049978 0.8046875 311
1737825050396 0.8046875 312
1737825050815 0.8046875 313
1737825051233 0.7734375 314
1737825051649 0.8203125 315
1737825052064 0.8125 316
1737825052482 0.8359375 317
1737825052900 0.7265625 318
1737825053317 0.7578125 319
1737825053736 0.8359375 320
1737825054154 0.75 321
1737825054572 0.828125 322
1737825054990 0.84375 323
1737825055409 0.8359375 324
1737825055835 0.7734375 325
1737825056254 0.796875 326
1737825056672 0.828125 327
1737825057087 0.7734375 328
1737825057506 0.8515625 329
1737825057923 0.84375 330
1737825058340 0.8125 331
1737825058757 0.765625 332
1737825059175 0.7890625 333
1737825059592 0.8203125 334
1737825060012 0.796875 335
1737825060431 0.859375 336
1737825060848 0.7890625 337
1737825061265 0.7421875 338
1737825061685 0.7890625 339
1737825062102 0.8046875 340
1737825062525 0.7421875 341
1737825062949 0.828125 342
1737825063365 0.828125 343
1737825063782 0.7734375 344
1737825064200 0.8515625 345
1737825064616 0.8359375 346
1737825065033 0.734375 347
1737825065450 0.7421875 348
1737825065867 0.765625 349
1737825066284 0.7734375 350
1737825066700 0.796875 351
1737825067118 0.7578125 352
1737825067539 0.8046875 353
1737825067957 0.7734375 354
1737825068377 0.796875 355
1737825068799 0.7109375 356
1737825069215 0.734375 357
1737825069633 0.8671875 358
1737825070050 0.8125 359
1737825070468 0.84375 360
1737825070885 0.8046875 361
1737825071299 0.7890625 362
1737825071717 0.75 363
1737825072132 0.765625 364
1737825072550 0.7734375 365
1737825072967 0.7421875 366
1737825073385 0.8203125 367
1737825073804 0.7578125 368
1737825074223 0.7578125 369
1737825074641 0.8203125 370
1737825075058 0.8203125 371
1737825075476 0.84375 372
1737825075894 0.8203125 373
1737825076312 0.796875 374
1737825076729 0.8828125 375
1737825077149 0.7734375 376
1737825077568 0.796875 377
1737825077986 0.75 378
1737825078403 0.796875 379
1737825078821 0.8125 380
1737825079235 0.7421875 381
1737825079653 0.8046875 382
1737825080068 0.8125 383
1737825080485 0.765625 384
1737825080909 0.796875 385
1737825081329 0.8515625 386
1737825081746 0.75 387
1737825082163 0.828125 388
1737825082584 0.8125 389
1737825083003 0.84375 390
1737825083423 0.7890625 391
1737825083840 0.8125 392
1737825084259 0.7578125 393
1737825084677 0.8125 394
1737825085095 0.859375 395
1737825085514 0.828125 396
1737825085963 0.7578125 397
1737825086378 0.796875 398
1737825086795 0.8046875 399
1737825087213 0.84375 400
1737825087629 0.7890625 401
1737825088047 0.8046875 402
1737825088464 0.7734375 403
1737825088883 0.8046875 404
1737825089302 0.796875 405
1737825089719 0.8515625 406
1737825090138 0.8046875 407
1737825090558 0.75 408
1737825090975 0.828125 409
1737825091394 0.8046875 410
1737825091812 0.7421875 411
1737825092229 0.8046875 412
1737825092648 0.7578125 413
1737825093065 0.84375 414
1737825093480 0.7734375 415
1737825093901 0.796875 416
1737825094320 0.8203125 417
1737825094736 0.859375 418
1737825095157 0.828125 419
1737825095575 0.796875 420
1737825095992 0.7578125 421
1737825096411 0.84375 422
1737825096844 0.8359375 423
1737825097261 0.7578125 424
1737825097680 0.75 425
1737825098097 0.84375 426
1737825098515 0.7578125 427
1737825098940 0.875 428
1737825099356 0.8203125 429
1737825099779 0.7890625 430
1737825100197 0.765625 431
1737825100614 0.8125 432
1737825101029 0.8046875 433
1737825101447 0.7890625 434
1737825101865 0.8203125 435
1737825102285 0.8203125 436
1737825102704 0.8203125 437
1737825103121 0.7890625 438
1737825103539 0.8046875 439
1737825103959 0.765625 440
1737825104378 0.828125 441
1737825104797 0.8046875 442
1737825105214 0.7734375 443
1737825105633 0.78125 444
1737825106053 0.8125 445
1737825106470 0.765625 446
1737825106888 0.734375 447
1737825107304 0.7578125 448
1737825107722 0.7578125 449
1737825108138 0.859375 450
1737825108556 0.8203125 451
1737825108972 0.734375 452
1737825109390 0.734375 453
1737825109808 0.7890625 454
1737825110225 0.8046875 455
1737825110642 0.84375 456
1737825111058 0.8359375 457
1737825111475 0.8671875 458
1737825111893 0.8359375 459
1737825112310 0.8046875 460
1737825112727 0.7734375 461
1737825113143 0.796875 462
1737825113561 0.8125 463
1737825113978 0.8515625 464
1737825114394 0.71875 465
1737825114812 0.7734375 466
1737825115230 0.7734375 467
1737825115655 0.78125 468
1737825116072 0.7890625 469
1737825116491 0.8515625 470
1737825116910 0.765625 471
1737825117326 0.765625 472
1737825117744 0.765625 473
1737825118162 0.828125 474
1737825118579 0.78125 475
1737825118997 0.71875 476
1737825119414 0.7421875 477
1737825119833 0.8671875 478
1737825120250 0.8125 479
1737825120667 0.8359375 480
1737825121086 0.78125 481
1737825121503 0.7578125 482
1737825121919 0.734375 483
1737825122336 0.765625 484
1737825122759 0.8046875 485
1737825123177 0.8515625 486
1737825123595 0.8203125 487
1737825124011 0.75 488
1737825124431 0.7890625 489
1737825124849 0.8125 490
1737825125265 0.8359375 491
1737825125687 0.84375 492
1737825126104 0.75 493
1737825126523 0.765625 494
1737825126969 0.7890625 495
1737825127396 0.765625 496
1737825127818 0.8359375 497
1737825128236 0.7578125 498
1737825128653 0.84375 499
1737825129078 0.7578125 500
1737825129506 0.796875 501
1737825129925 0.734375 502
1737825130372 0.796875 503
1737825130831 0.7734375 504
1737825131260 0.8125 505
1737825131681 0.8203125 506
1737825132098 0.7890625 507
1737825132517 0.8203125 508
1737825132937 0.765625 509
1737825133396 0.8125 510
1737825133836 0.8515625 511
1737825134253 0.7734375 512
1737825134684 0.7890625 513
1737825135163 0.8359375 514
1737825135621 0.7890625 515
1737825136084 0.8046875 516
1737825136554 0.8046875 517
1737825137011 0.828125 518
1737825137450 0.859375 519
1737825137894 0.859375 520
1737825138342 0.78125 521
1737825138827 0.8359375 522
1737825139258 0.8203125 523
1737825139680 0.828125 524
1737825140224 0.7578125 525
1737825140757 0.78125 526
1737825141218 0.78125 527
1737825141669 0.734375 528
1737825142164 0.78125 529
1737825142596 0.7890625 530
1737825143035 0.8203125 531
1737825143453 0.78125 532
1737825143926 0.7421875 533
1737825144402 0.8359375 534
1737825144858 0.7734375 535
1737825145322 0.765625 536
1737825145794 0.8203125 537
1737825146210 0.7578125 538
1737825146627 0.859375 539
1737825147100 0.7890625 540
1737825147589 0.7890625 541
1737825148035 0.7578125 542
1737825148451 0.7734375 543
1737825148871 0.765625 544
1737825149286 0.8515625 545
1737825149712 0.828125 546
1737825150153 0.796875 547
1737825150576 0.8828125 548
1737825150996 0.7890625 549
1737825151412 0.8125 550
1737825151831 0.8046875 551
1737825152250 0.765625 552
1737825152736 0.8046875 553
1737825153235 0.8203125 554
1737825153680 0.8125 555
1737825154125 0.84375 556
1737825154545 0.8046875 557
1737825154983 0.8046875 558
1737825155466 0.7734375 559
1737825155939 0.8359375 560
1737825156355 0.7578125 561
1737825156772 0.8046875 562
1737825157190 0.7578125 563
1737825157610 0.828125 564
1737825158027 0.859375 565
1737825158493 0.78125 566
1737825158958 0.828125 567
1737825159419 0.7890625 568
1737825159883 0.828125 569
1737825160318 0.78125 570
1737825160769 0.8203125 571
1737825161217 0.8203125 572
1737825161707 0.8359375 573
1737825162150 0.8359375 574
1737825162591 0.8046875 575
1737825163029 0.8125 576
1737825163469 0.859375 577
1737825163908 0.8046875 578
1737825164364 0.84375 579
1737825164782 0.75 580
1737825165219 0.796875 581
1737825165683 0.8046875 582
1737825166157 0.796875 583
1737825166614 0.8125 584
1737825167040 0.765625 585
1737825167459 0.8125 586
1737825167891 0.78125 587
1737825168307 0.7890625 588
1737825168725 0.8671875 589
1737825169144 0.7890625 590
1737825169564 0.8359375 591
1737825169980 0.7734375 592
1737825170394 0.8515625 593
1737825170812 0.828125 594
1737825171228 0.828125 595
1737825171646 0.7578125 596
1737825172062 0.78125 597
1737825172480 0.7890625 598
1737825172900 0.828125 599
1737825173318 0.8203125 600
1737825173738 0.828125 601
1737825174156 0.8125 602
1737825174573 0.765625 603
1737825174989 0.765625 604
1737825175405 0.7734375 605
1737825175830 0.8046875 606
1737825176246 0.8515625 607
1737825176666 0.7890625 608
1737825177085 0.7734375 609
1737825177504 0.828125 610
1737825177922 0.796875 611
1737825178339 0.765625 612
1737825178756 0.8671875 613
1737825179174 0.8125 614
1737825179598 0.7890625 615
1737825180056 0.796875 616
1737825180514 0.84375 617
1737825180933 0.765625 618
1737825181350 0.8203125 619
1737825181499 0.8108108108108109 620
1737825198292 0.8203125 621
1737825198720 0.8359375 622
1737825199144 0.796875 623
1737825199594 0.828125 624
1737825200021 0.8515625 625
1737825200446 0.875 626
1737825200875 0.7890625 627
1737825201301 0.8515625 628
1737825201733 0.828125 629
1737825202157 0.828125 630
1737825202582 0.8359375 631
1737825203007 0.828125 632
1737825203434 0.8359375 633
1737825203861 0.875 634
1737825204289 0.8125 635
1737825204715 0.828125 636
1737825205142 0.84375 637
1737825205565 0.7734375 638
1737825205991 0.8125 639
1737825206416 0.7421875 640
1737825206836 0.8203125 641
1737825207259 0.84375 642
1737825207682 0.8125 643
1737825208107 0.8203125 644
1737825208534 0.7890625 645
1737825208962 0.8515625 646
1737825209385 0.7421875 647
1737825209815 0.875 648
1737825210240 0.78125 649
1737825210665 0.8125 650
1737825211117 0.78125 651
1737825211562 0.8125 652
1737825212010 0.7890625 653
1737825212447 0.8125 654
1737825212880 0.859375 655
1737825213306 0.796875 656
1737825213730 0.828125 657
1737825214156 0.8125 658
1737825214582 0.84375 659
1737825215005 0.8203125 660
1737825215430 0.78125 661
1737825215859 0.8515625 662
1737825216279 0.796875 663
1737825216705 0.7890625 664
1737825217126 0.828125 665
1737825217546 0.890625 666
1737825217970 0.7890625 667
1737825218391 0.8359375 668
1737825218813 0.8046875 669
1737825219231 0.8515625 670
1737825219651 0.8203125 671
1737825220080 0.7734375 672
1737825220522 0.84375 673
1737825220969 0.8359375 674
1737825221415 0.8515625 675
1737825221842 0.8125 676
1737825222267 0.875 677
1737825222688 0.8125 678
1737825223108 0.8046875 679
1737825223530 0.7890625 680
1737825223954 0.828125 681
1737825224376 0.875 682
1737825224797 0.8203125 683
1737825225218 0.7890625 684
1737825225638 0.828125 685
1737825226059 0.828125 686
1737825226487 0.7578125 687
1737825226955 0.8046875 688
1737825227386 0.8203125 689
1737825227816 0.84375 690
1737825228247 0.8203125 691
1737825228670 0.8515625 692
1737825229093 0.8515625 693
1737825229514 0.875 694
1737825229949 0.75 695
1737825230386 0.859375 696
1737825230817 0.8359375 697
1737825231247 0.78125 698
1737825231673 0.8203125 699
1737825232096 0.7578125 700
1737825232520 0.7734375 701
1737825232943 0.90625 702
1737825233362 0.828125 703
1737825233784 0.8515625 704
1737825234223 0.8125 705
1737825234660 0.8203125 706
1737825235084 0.8046875 707
1737825235510 0.875 708
1737825235944 0.7890625 709
1737825236365 0.8203125 710
1737825236818 0.8125 711
1737825237259 0.859375 712
1737825237721 0.8515625 713
1737825238168 0.875 714
1737825238591 0.8125 715
1737825239011 0.8515625 716
1737825239433 0.8828125 717
1737825239856 0.828125 718
1737825240275 0.875 719
1737825240694 0.8125 720
1737825241118 0.8046875 721
1737825241545 0.84375 722
1737825241972 0.8359375 723
1737825242427 0.796875 724
1737825242868 0.8359375 725
1737825243299 0.828125 726
1737825243731 0.875 727
1737825244159 0.78125 728
1737825244588 0.8359375 729
1737825245010 0.8671875 730
1737825245438 0.828125 731
1737825245863 0.8671875 732
1737825246289 0.8671875 733
1737825246705 0.8359375 734
1737825247123 0.796875 735
1737825247542 0.828125 736
1737825247960 0.890625 737
1737825248376 0.8828125 738
1737825248792 0.7890625 739
1737825249214 0.8828125 740
1737825249645 0.828125 741
1737825250070 0.859375 742
1737825250494 0.828125 743
1737825250939 0.8203125 744
1737825251371 0.8359375 745
1737825251806 0.8125 746
1737825252230 0.7890625 747
1737825252660 0.7734375 748
1737825253086 0.75 749
1737825253529 0.8828125 750
1737825253959 0.75 751
1737825254384 0.8125 752
1737825254813 0.8125 753
1737825255238 0.7890625 754
1737825255659 0.7734375 755
1737825256085 0.796875 756
1737825256512 0.8515625 757
1737825256937 0.84375 758
1737825257363 0.8203125 759
1737825257786 0.8359375 760
1737825258207 0.8359375 761
1737825258634 0.8671875 762
1737825259057 0.7890625 763
1737825259479 0.875 764
1737825259903 0.75 765
1737825260328 0.8046875 766
1737825260750 0.796875 767
1737825261171 0.8125 768
1737825261592 0.84375 769
1737825262029 0.8125 770
1737825262465 0.890625 771
1737825262898 0.8359375 772
1737825263321 0.75 773
1737825263737 0.8359375 774
1737825264163 0.875 775
1737825264626 0.8359375 776
1737825265112 0.890625 777
1737825265533 0.8125 778
1737825265955 0.8828125 779
1737825266376 0.8125 780
1737825266796 0.8515625 781
1737825267244 0.8671875 782
1737825267699 0.828125 783
1737825268133 0.828125 784
1737825268562 0.8125 785
1737825268989 0.828125 786
1737825269408 0.8125 787
1737825269828 0.78125 788
1737825270245 0.84375 789
1737825270668 0.8828125 790
1737825271095 0.859375 791
1737825271520 0.78125 792
1737825271942 0.7890625 793
1737825272362 0.890625 794
1737825272786 0.84375 795
1737825273209 0.84375 796
1737825273644 0.7578125 797
1737825274068 0.78125 798
1737825274492 0.8359375 799
1737825274913 0.8203125 800
1737825275332 0.8515625 801
1737825275756 0.8359375 802
1737825276178 0.828125 803
1737825276603 0.8359375 804
1737825277022 0.7890625 805
1737825277463 0.8984375 806
1737825277948 0.859375 807
1737825278427 0.859375 808
1737825278927 0.8359375 809
1737825279440 0.875 810
1737825279941 0.8671875 811
1737825280435 0.828125 812
1737825280928 0.8203125 813
1737825281427 0.859375 814
1737825281915 0.84375 815
1737825282415 0.796875 816
1737825282904 0.828125 817
1737825283385 0.859375 818
1737825283874 0.8125 819
1737825284359 0.8359375 820
1737825284839 0.8828125 821
1737825285318 0.8125 822
1737825285804 0.8359375 823
1737825286282 0.84375 824
1737825286773 0.8046875 825
1737825287267 0.859375 826
1737825287751 0.8203125 827
1737825288252 0.84375 828
1737825288750 0.875 829
1737825289262 0.8203125 830
1737825289750 0.8984375 831
1737825290268 0.859375 832
1737825290756 0.84375 833
1737825291230 0.8203125 834
1737825291716 0.78125 835
1737825292211 0.8125 836
1737825292762 0.7578125 837
1737825293254 0.890625 838
1737825293750 0.890625 839
1737825294252 0.7890625 840
1737825294758 0.8984375 841
1737825295241 0.84375 842
1737825295743 0.7734375 843
1737825296225 0.84375 844
1737825296722 0.8515625 845
1737825297210 0.859375 846
1737825297709 0.859375 847
1737825298196 0.8203125 848
1737825298684 0.8203125 849
1737825299181 0.828125 850
1737825299679 0.84375 851
1737825300165 0.8515625 852
1737825300648 0.859375 853
1737825301148 0.8515625 854
1737825301674 0.84375 855
1737825302158 0.8515625 856
1737825302642 0.8203125 857
1737825303117 0.7890625 858
1737825303619 0.8359375 859
1737825304139 0.828125 860
1737825304638 0.8046875 861
1737825305159 0.8046875 862
1737825305652 0.75 863
1737825306124 0.8046875 864
1737825306611 0.8359375 865
1737825307099 0.8671875 866
1737825307604 0.859375 867
1737825308091 0.78125 868
1737825308597 0.859375 869
1737825309074 0.8125 870
1737825309551 0.84375 871
1737825310015 0.859375 872
1737825310430 0.8671875 873
1737825310861 0.8359375 874
1737825311309 0.7578125 875
1737825311733 0.71875 876
1737825312195 0.8515625 877
1737825312666 0.8125 878
1737825313142 0.859375 879
1737825313584 0.8125 880
1737825314059 0.796875 881
1737825314501 0.8671875 882
1737825314940 0.8515625 883
1737825315374 0.8515625 884
1737825315791 0.84375 885
1737825316208 0.78125 886
1737825316627 0.8125 887
1737825317044 0.8125 888
1737825317460 0.8046875 889
1737825317891 0.8359375 890
1737825318308 0.8203125 891
1737825318723 0.8125 892
1737825319141 0.765625 893
1737825319560 0.8671875 894
1737825320023 0.8515625 895
1737825320514 0.84375 896
1737825320993 0.828125 897
1737825321427 0.859375 898
1737825321911 0.765625 899
1737825322396 0.84375 900
1737825322866 0.859375 901
1737825323283 0.8515625 902
1737825323712 0.8671875 903
1737825324141 0.8125 904
1737825324598 0.8359375 905
1737825325131 0.828125 906
1737825325559 0.796875 907
1737825325987 0.8125 908
1737825326423 0.8359375 909
1737825326862 0.8828125 910
1737825327280 0.7578125 911
1737825327698 0.8203125 912
1737825328117 0.8203125 913
1737825328566 0.8125 914
1737825329001 0.8203125 915
1737825329429 0.84375 916
1737825329898 0.859375 917
1737825330367 0.8125 918
1737825330817 0.828125 919
1737825331269 0.8359375 920
1737825331720 0.8671875 921
1737825332176 0.8203125 922
1737825332627 0.828125 923
1737825333083 0.8203125 924
1737825333525 0.7578125 925
1737825333953 0.7734375 926
1737825334426 0.875 927
1737825334845 0.8828125 928
1737825335273 0.8671875 929
1737825335741 0.7890625 930
1737825336190 0.8359375 931
1737825336608 0.84375 932
1737825337025 0.890625 933
1737825337440 0.859375 934
1737825337858 0.84375 935
1737825338277 0.84375 936
1737825338694 0.8671875 937
1737825339114 0.71875 938
1737825339534 0.8671875 939
1737825339950 0.875 940
1737825340367 0.8046875 941
1737825340787 0.8515625 942
1737825341243 0.859375 943
1737825341751 0.828125 944
1737825342188 0.8671875 945
1737825342610 0.828125 946
1737825343060 0.828125 947
1737825343569 0.8046875 948
1737825344051 0.859375 949
1737825344475 0.8515625 950
1737825344891 0.828125 951
1737825345307 0.8046875 952
1737825345724 0.8046875 953
1737825346157 0.859375 954
1737825346664 0.8515625 955
1737825347114 0.8984375 956
1737825347532 0.828125 957
1737825347951 0.7890625 958
1737825348368 0.859375 959
1737825348784 0.8671875 960
1737825349202 0.8359375 961
1737825349622 0.859375 962
1737825350039 0.828125 963
1737825350458 0.8203125 964
1737825350877 0.8984375 965
1737825351295 0.8515625 966
1737825351766 0.78125 967
1737825352211 0.78125 968
1737825352675 0.8203125 969
1737825353201 0.84375 970
1737825353679 0.859375 971
1737825354125 0.8125 972
1737825354572 0.828125 973
1737825355010 0.796875 974
1737825355430 0.8359375 975
1737825355869 0.7890625 976
1737825356314 0.796875 977
1737825356776 0.875 978
1737825357233 0.7734375 979
1737825357678 0.84375 980
1737825358097 0.875 981
1737825358539 0.8359375 982
1737825359011 0.7890625 983
1737825359428 0.78125 984
1737825359908 0.828125 985
1737825360369 0.7578125 986
1737825360810 0.84375 987
1737825361251 0.8515625 988
1737825361667 0.7734375 989
1737825362137 0.84375 990
1737825362601 0.8359375 991
1737825363064 0.828125 992
1737825363480 0.8359375 993
1737825363897 0.8046875 994
1737825364313 0.90625 995
1737825364733 0.8046875 996
1737825365150 0.8359375 997
1737825365568 0.7734375 998
1737825365987 0.8671875 999
1737825366403 0.8125 1000
1737825366821 0.828125 1001
1737825367236 0.84375 1002
1737825367652 0.8203125 1003
1737825368069 0.796875 1004
1737825368487 0.796875 1005
1737825368905 0.8671875 1006
1737825369321 0.7890625 1007
1737825369740 0.8515625 1008
1737825370204 0.8515625 1009
1737825370624 0.796875 1010
1737825371048 0.8203125 1011
1737825371544 0.8046875 1012
1737825372023 0.859375 1013
1737825372530 0.828125 1014
1737825373000 0.8671875 1015
1737825373418 0.859375 1016
1737825373839 0.8359375 1017
1737825374256 0.8203125 1018
1737825374674 0.8359375 1019
1737825375154 0.859375 1020
1737825375635 0.8125 1021
1737825376131 0.7734375 1022
1737825376607 0.8203125 1023
1737825377053 0.8203125 1024
1737825377497 0.7734375 1025
1737825377966 0.8359375 1026
1737825378443 0.8203125 1027
1737825378892 0.8203125 1028
1737825379349 0.875 1029
1737825379770 0.828125 1030
1737825380195 0.8203125 1031
1737825380612 0.828125 1032
1737825381084 0.8046875 1033
1737825381604 0.875 1034
1737825382087 0.8125 1035
1737825382570 0.8203125 1036
1737825383053 0.8515625 1037
1737825383534 0.8515625 1038
1737825384004 0.8359375 1039
1737825384471 0.8203125 1040
1737825384964 0.828125 1041
1737825385445 0.8671875 1042
1737825385873 0.8515625 1043
1737825386289 0.7890625 1044
1737825386708 0.78125 1045
1737825387123 0.8671875 1046
1737825387540 0.7890625 1047
1737825387957 0.921875 1048
1737825388373 0.8515625 1049
1737825388795 0.8515625 1050
1737825389211 0.84375 1051
1737825389631 0.8359375 1052
1737825390052 0.8203125 1053
1737825390471 0.8359375 1054
1737825390890 0.84375 1055
1737825391308 0.8515625 1056
1737825391727 0.8671875 1057
1737825392144 0.8203125 1058
1737825392561 0.859375 1059
1737825392980 0.8046875 1060
1737825393398 0.8359375 1061
1737825393817 0.859375 1062
1737825394232 0.8359375 1063
1737825394649 0.78125 1064
1737825395066 0.8515625 1065
1737825395482 0.8125 1066
1737825395901 0.7734375 1067
1737825396318 0.8203125 1068
1737825396736 0.84375 1069
1737825397161 0.8828125 1070
1737825397579 0.859375 1071
1737825397997 0.7890625 1072
1737825398417 0.8046875 1073
1737825398835 0.8203125 1074
1737825399259 0.8515625 1075
1737825399675 0.8828125 1076
1737825400093 0.859375 1077
1737825400510 0.875 1078
1737825400927 0.859375 1079
1737825401344 0.8203125 1080
1737825401760 0.828125 1081
1737825402180 0.859375 1082
1737825402598 0.8046875 1083
1737825403015 0.8671875 1084
1737825403431 0.7890625 1085
1737825403849 0.8515625 1086
1737825404266 0.8125 1087
1737825404684 0.8359375 1088
1737825405102 0.8671875 1089
1737825405520 0.8828125 1090
1737825405934 0.8125 1091
1737825406353 0.8125 1092
1737825406771 0.7734375 1093
1737825407187 0.828125 1094
1737825407607 0.8046875 1095
1737825408022 0.7734375 1096
1737825408437 0.8046875 1097
1737825408855 0.875 1098
1737825409271 0.8359375 1099
1737825409690 0.8671875 1100
1737825410106 0.859375 1101
1737825410524 0.8125 1102
1737825410939 0.78125 1103
1737825411359 0.8515625 1104
1737825411776 0.859375 1105
1737825412197 0.8671875 1106
1737825412615 0.8359375 1107
1737825413033 0.8046875 1108
1737825413451 0.8515625 1109
1737825413870 0.859375 1110
1737825414287 0.859375 1111
1737825414704 0.875 1112
1737825415120 0.8046875 1113
1737825415538 0.8046875 1114
1737825415954 0.84375 1115
1737825416369 0.8046875 1116
1737825416787 0.875 1117
1737825417204 0.8046875 1118
1737825417623 0.8984375 1119
1737825418044 0.8359375 1120
1737825418463 0.828125 1121
1737825418883 0.8125 1122
1737825419302 0.8671875 1123
1737825419722 0.796875 1124
1737825420139 0.8125 1125
1737825420556 0.859375 1126
1737825420973 0.8125 1127
1737825421388 0.8515625 1128
1737825421806 0.8046875 1129
1737825422224 0.875 1130
1737825422649 0.8828125 1131
1737825423071 0.8046875 1132
1737825423490 0.828125 1133
1737825423908 0.8515625 1134
1737825424328 0.8515625 1135
1737825424746 0.8984375 1136
1737825425164 0.84375 1137
1737825425584 0.84375 1138
1737825426001 0.8359375 1139
1737825426420 0.84375 1140
1737825426849 0.8046875 1141
1737825427268 0.8515625 1142
1737825427686 0.8671875 1143
1737825428102 0.875 1144
1737825428521 0.84375 1145
1737825428937 0.8515625 1146
1737825429352 0.828125 1147
1737825429769 0.78125 1148
1737825430188 0.84375 1149
1737825430606 0.8203125 1150
1737825431021 0.84375 1151
1737825431437 0.828125 1152
1737825431855 0.8203125 1153
1737825432270 0.8671875 1154
1737825432688 0.8359375 1155
1737825433108 0.8359375 1156
1737825433524 0.8671875 1157
1737825433940 0.796875 1158
1737825434359 0.875 1159
1737825434775 0.8203125 1160
1737825435193 0.828125 1161
1737825435611 0.8125 1162
1737825436028 0.84375 1163
1737825436445 0.8203125 1164
1737825436862 0.8828125 1165
1737825437277 0.828125 1166
1737825437695 0.8359375 1167
1737825438112 0.890625 1168
1737825438528 0.8046875 1169
1737825438946 0.828125 1170
1737825439364 0.8203125 1171
1737825439785 0.765625 1172
1737825440201 0.8671875 1173
1737825440620 0.8046875 1174
1737825441037 0.8359375 1175
1737825441454 0.84375 1176
1737825441872 0.8359375 1177
1737825442288 0.84375 1178
1737825442704 0.8125 1179
1737825443121 0.8203125 1180
1737825443539 0.765625 1181
1737825443956 0.859375 1182
1737825444372 0.8125 1183
1737825444789 0.859375 1184
1737825445206 0.890625 1185
1737825445624 0.84375 1186
1737825446041 0.8515625 1187
1737825446461 0.859375 1188
1737825446880 0.890625 1189
1737825447297 0.875 1190
1737825447718 0.8359375 1191
1737825448134 0.875 1192
1737825448551 0.84375 1193
1737825448969 0.828125 1194
1737825449386 0.828125 1195
1737825449805 0.8125 1196
1737825450221 0.90625 1197
1737825450641 0.8203125 1198
1737825451060 0.875 1199
1737825451477 0.828125 1200
1737825451893 0.84375 1201
1737825452309 0.875 1202
1737825452728 0.84375 1203
1737825453148 0.828125 1204
1737825453567 0.765625 1205
1737825453986 0.84375 1206
1737825454402 0.8046875 1207
1737825454819 0.8359375 1208
1737825455237 0.8671875 1209
1737825455656 0.8359375 1210
1737825456073 0.8515625 1211
1737825456490 0.8046875 1212
1737825456908 0.8984375 1213
1737825457326 0.84375 1214
1737825457743 0.8828125 1215
1737825458161 0.8125 1216
1737825458578 0.8203125 1217
1737825458996 0.84375 1218
1737825459415 0.8359375 1219
1737825459830 0.828125 1220
1737825460249 0.8671875 1221
1737825460671 0.8671875 1222
1737825461088 0.8671875 1223
1737825461503 0.828125 1224
1737825461922 0.828125 1225
1737825462338 0.859375 1226
1737825462757 0.8671875 1227
1737825463174 0.8046875 1228
1737825463591 0.8359375 1229
1737825464006 0.859375 1230
1737825464423 0.8359375 1231
1737825464842 0.7890625 1232
1737825465258 0.859375 1233
1737825465679 0.796875 1234
1737825466096 0.828125 1235
1737825466516 0.8046875 1236
1737825466932 0.8515625 1237
1737825467350 0.75 1238
1737825467769 0.8828125 1239
1737825467909 0.8918918918918919 1240
1737825483570 0.8515625 1241
1737825483987 0.8515625 1242
1737825484404 0.796875 1243
1737825484820 0.84375 1244
1737825485237 0.859375 1245
1737825485656 0.8984375 1246
1737825486072 0.8515625 1247
1737825486487 0.859375 1248
1737825486904 0.8046875 1249
1737825487322 0.84375 1250
1737825487739 0.8515625 1251
1737825488156 0.8671875 1252
1737825488575 0.859375 1253
1737825488992 0.8671875 1254
1737825489409 0.8515625 1255
1737825489828 0.8359375 1256
1737825490244 0.890625 1257
1737825490662 0.8671875 1258
1737825491078 0.7890625 1259
1737825491493 0.7578125 1260
1737825491909 0.8828125 1261
1737825492325 0.859375 1262
1737825492744 0.84375 1263
1737825493159 0.8359375 1264
1737825493576 0.828125 1265
1737825493992 0.8671875 1266
1737825494407 0.7734375 1267
1737825494825 0.8984375 1268
1737825495240 0.8046875 1269
1737825495658 0.8125 1270
1737825496075 0.796875 1271
1737825496491 0.8359375 1272
1737825496908 0.8125 1273
1737825497322 0.859375 1274
1737825497740 0.859375 1275
1737825498157 0.8203125 1276
1737825498576 0.8671875 1277
1737825499003 0.84375 1278
1737825499424 0.890625 1279
1737825499841 0.8671875 1280
1737825500257 0.84375 1281
1737825500674 0.890625 1282
1737825501089 0.8125 1283
1737825501507 0.8515625 1284
1737825501922 0.8671875 1285
1737825502340 0.8828125 1286
1737825502757 0.8203125 1287
1737825503175 0.859375 1288
1737825503591 0.796875 1289
1737825504010 0.890625 1290
1737825504427 0.859375 1291
1737825504847 0.8046875 1292
1737825505264 0.859375 1293
1737825505682 0.8515625 1294
1737825506098 0.8828125 1295
1737825506514 0.859375 1296
1737825506930 0.90625 1297
1737825507345 0.8125 1298
1737825507764 0.8828125 1299
1737825508182 0.8359375 1300
1737825508602 0.8515625 1301
1737825509019 0.890625 1302
1737825509434 0.84375 1303
1737825509859 0.84375 1304
1737825510275 0.8671875 1305
1737825510693 0.84375 1306
1737825511132 0.7734375 1307
1737825511611 0.859375 1308
1737825512049 0.8515625 1309
1737825512544 0.8671875 1310
1737825513029 0.8203125 1311
1737825513507 0.890625 1312
1737825513925 0.8515625 1313
1737825514343 0.921875 1314
1737825514762 0.8125 1315
1737825515180 0.875 1316
1737825515598 0.8359375 1317
1737825516018 0.8046875 1318
1737825516434 0.8125 1319
1737825516852 0.8125 1320
1737825517271 0.8515625 1321
1737825517689 0.90625 1322
1737825518104 0.859375 1323
1737825518520 0.890625 1324
1737825518939 0.8671875 1325
1737825519358 0.8359375 1326
1737825519775 0.8203125 1327
1737825520195 0.890625 1328
1737825520614 0.8046875 1329
1737825521032 0.8671875 1330
1737825521450 0.8515625 1331
1737825521868 0.859375 1332
1737825522286 0.8671875 1333
1737825522705 0.8828125 1334
1737825523121 0.8359375 1335
1737825523541 0.8828125 1336
1737825523958 0.90625 1337
1737825524377 0.8359375 1338
1737825524795 0.90625 1339
1737825525212 0.8671875 1340
1737825525629 0.8125 1341
1737825526046 0.875 1342
1737825526462 0.859375 1343
1737825526877 0.859375 1344
1737825527292 0.8671875 1345
1737825527707 0.8828125 1346
1737825528127 0.8828125 1347
1737825528545 0.8125 1348
1737825528961 0.8515625 1349
1737825529377 0.8515625 1350
1737825529798 0.8671875 1351
1737825530215 0.8828125 1352
1737825530632 0.8359375 1353
1737825531049 0.8671875 1354
1737825531466 0.8203125 1355
1737825531882 0.890625 1356
1737825532300 0.90625 1357
1737825532718 0.8984375 1358
1737825533134 0.828125 1359
1737825533551 0.921875 1360
1737825533968 0.859375 1361
1737825534385 0.90625 1362
1737825534803 0.8203125 1363
1737825535221 0.8515625 1364
1737825535639 0.8671875 1365
1737825536057 0.84375 1366
1737825536475 0.828125 1367
1737825536893 0.8125 1368
1737825537310 0.8046875 1369
1737825537727 0.875 1370
1737825538142 0.8359375 1371
1737825538559 0.8359375 1372
1737825538982 0.8125 1373
1737825539400 0.8515625 1374
1737825539818 0.8046875 1375
1737825540247 0.84375 1376
1737825540666 0.875 1377
1737825541126 0.8203125 1378
1737825541602 0.84375 1379
1737825542075 0.84375 1380
1737825542536 0.8671875 1381
1737825542976 0.875 1382
1737825543417 0.8515625 1383
1737825543856 0.890625 1384
1737825544293 0.8203125 1385
1737825544732 0.8671875 1386
1737825545170 0.828125 1387
1737825545611 0.8671875 1388
1737825546034 0.8828125 1389
1737825546454 0.84375 1390
1737825546872 0.8984375 1391
1737825547290 0.8046875 1392
1737825547708 0.8046875 1393
1737825548123 0.859375 1394
1737825548540 0.875 1395
1737825548957 0.875 1396
1737825549374 0.890625 1397
1737825549794 0.8515625 1398
1737825550212 0.875 1399
1737825550631 0.78125 1400
1737825551050 0.8828125 1401
1737825551469 0.921875 1402
1737825551887 0.921875 1403
1737825552304 0.84375 1404
1737825552721 0.8046875 1405
1737825553138 0.8046875 1406
1737825553556 0.8359375 1407
1737825553975 0.8359375 1408
1737825554396 0.8515625 1409
1737825554816 0.8828125 1410
1737825555234 0.8984375 1411
1737825555652 0.78125 1412
1737825556072 0.859375 1413
1737825556491 0.90625 1414
1737825556909 0.859375 1415
1737825557330 0.828125 1416
1737825557749 0.796875 1417
1737825558164 0.8359375 1418
1737825558583 0.8671875 1419
1737825559000 0.8359375 1420
1737825559416 0.84375 1421
1737825559834 0.8671875 1422
1737825560253 0.8671875 1423
1737825560678 0.8828125 1424
1737825561121 0.8125 1425
1737825561543 0.8984375 1426
1737825561972 0.8515625 1427
1737825562388 0.859375 1428
1737825562805 0.84375 1429
1737825563224 0.9296875 1430
1737825563699 0.8828125 1431
1737825564138 0.828125 1432
1737825564594 0.890625 1433
1737825565104 0.8984375 1434
1737825565533 0.859375 1435
1737825566000 0.859375 1436
1737825566481 0.890625 1437
1737825566936 0.875 1438
1737825567411 0.8203125 1439
1737825567901 0.859375 1440
1737825568350 0.8828125 1441
1737825568795 0.84375 1442
1737825569246 0.8828125 1443
1737825569691 0.890625 1444
1737825570132 0.8203125 1445
1737825570580 0.890625 1446
1737825571010 0.859375 1447
1737825571458 0.8828125 1448
1737825571898 0.859375 1449
1737825572384 0.828125 1450
1737825572802 0.8828125 1451
1737825573275 0.875 1452
1737825573717 0.8671875 1453
1737825574172 0.84375 1454
1737825574643 0.796875 1455
1737825575095 0.859375 1456
1737825575513 0.8203125 1457
1737825575934 0.9296875 1458
1737825576354 0.8828125 1459
1737825576772 0.8203125 1460
1737825577187 0.8984375 1461
1737825577603 0.859375 1462
1737825578021 0.828125 1463
1737825578438 0.8515625 1464
1737825578855 0.9140625 1465
1737825579276 0.8984375 1466
1737825579695 0.875 1467
1737825580113 0.875 1468
1737825580532 0.8984375 1469
1737825580951 0.8359375 1470
1737825581370 0.8671875 1471
1737825581788 0.875 1472
1737825582209 0.890625 1473
1737825582628 0.859375 1474
1737825583047 0.890625 1475
1737825583465 0.8515625 1476
1737825583883 0.8359375 1477
1737825584297 0.8046875 1478
1737825584717 0.8359375 1479
1737825585133 0.875 1480
1737825585550 0.8359375 1481
1737825585974 0.828125 1482
1737825586393 0.8359375 1483
1737825586812 0.84375 1484
1737825587230 0.828125 1485
1737825587647 0.859375 1486
1737825588063 0.921875 1487
1737825588479 0.7734375 1488
1737825588896 0.8828125 1489
1737825589314 0.890625 1490
1737825589732 0.875 1491
1737825590149 0.828125 1492
1737825590565 0.8671875 1493
1737825590985 0.8984375 1494
1737825591403 0.7734375 1495
1737825591829 0.7578125 1496
1737825592246 0.875 1497
1737825592663 0.8359375 1498
1737825593078 0.8515625 1499
1737825593495 0.8359375 1500
1737825593916 0.8515625 1501
1737825594334 0.8828125 1502
1737825594754 0.84375 1503
1737825595173 0.8828125 1504
1737825595591 0.8671875 1505
1737825596009 0.859375 1506
1737825596428 0.8671875 1507
1737825596847 0.84375 1508
1737825597270 0.859375 1509
1737825597693 0.875 1510
1737825598113 0.84375 1511
1737825598535 0.859375 1512
1737825598953 0.84375 1513
1737825599371 0.859375 1514
1737825599790 0.921875 1515
1737825600207 0.859375 1516
1737825600628 0.875 1517
1737825601045 0.8828125 1518
1737825601461 0.8046875 1519
1737825601878 0.8671875 1520
1737825602294 0.8515625 1521
1737825602716 0.8515625 1522
1737825603139 0.8828125 1523
1737825603557 0.828125 1524
1737825603973 0.859375 1525
1737825604388 0.8828125 1526
1737825604804 0.8125 1527
1737825605219 0.859375 1528
1737825605635 0.859375 1529
1737825606052 0.890625 1530
1737825606472 0.859375 1531
1737825606888 0.890625 1532
1737825607308 0.828125 1533
1737825607728 0.828125 1534
1737825608143 0.875 1535
1737825608561 0.859375 1536
1737825608979 0.875 1537
1737825609397 0.8359375 1538
1737825609822 0.84375 1539
1737825610239 0.8671875 1540
1737825610658 0.8828125 1541
1737825611077 0.859375 1542
1737825611493 0.875 1543
1737825611911 0.8359375 1544
1737825612331 0.7890625 1545
1737825612750 0.8203125 1546
1737825613168 0.8828125 1547
1737825613589 0.90625 1548
1737825614006 0.890625 1549
1737825614420 0.828125 1550
1737825614838 0.8984375 1551
1737825615255 0.8515625 1552
1737825615673 0.90625 1553
1737825616091 0.8828125 1554
1737825616507 0.859375 1555
1737825616926 0.890625 1556
1737825617346 0.90625 1557
1737825617766 0.75 1558
1737825618183 0.8671875 1559
1737825618602 0.875 1560
1737825619020 0.8203125 1561
1737825619438 0.859375 1562
1737825619860 0.8671875 1563
1737825620278 0.8671875 1564
1737825620696 0.84375 1565
1737825621115 0.8515625 1566
1737825621534 0.8515625 1567
1737825621955 0.8359375 1568
1737825622380 0.8984375 1569
1737825622802 0.875 1570
1737825623221 0.8515625 1571
1737825623639 0.7890625 1572
1737825624056 0.8515625 1573
1737825624474 0.8515625 1574
1737825624892 0.84375 1575
1737825625312 0.9140625 1576
1737825625731 0.8125 1577
1737825626148 0.7890625 1578
1737825626565 0.875 1579
1737825626983 0.8828125 1580
1737825627399 0.8359375 1581
1737825627817 0.875 1582
1737825628232 0.8671875 1583
1737825628650 0.84375 1584
1737825629065 0.8828125 1585
1737825629484 0.8828125 1586
1737825629901 0.796875 1587
1737825630321 0.796875 1588
1737825630739 0.8359375 1589
1737825631158 0.828125 1590
1737825631575 0.921875 1591
1737825631992 0.84375 1592
1737825632407 0.7890625 1593
1737825632827 0.8203125 1594
1737825633243 0.8515625 1595
1737825633663 0.8125 1596
1737825634079 0.7578125 1597
1737825634498 0.859375 1598
1737825634916 0.7890625 1599
1737825635332 0.875 1600
1737825635751 0.8828125 1601
1737825636170 0.84375 1602
1737825636589 0.8046875 1603
1737825637009 0.8125 1604
1737825637427 0.859375 1605
1737825637846 0.8203125 1606
1737825638262 0.8828125 1607
1737825638680 0.8515625 1608
1737825639095 0.8203125 1609
1737825639512 0.859375 1610
1737825639929 0.8359375 1611
1737825640347 0.859375 1612
1737825640764 0.8203125 1613
1737825641184 0.828125 1614
1737825641602 0.8828125 1615
1737825642019 0.8125 1616
1737825642436 0.84375 1617
1737825642853 0.828125 1618
1737825643268 0.84375 1619
1737825643685 0.8359375 1620
1737825644104 0.8359375 1621
1737825644522 0.90625 1622
1737825644939 0.8515625 1623
1737825645357 0.8359375 1624
1737825645776 0.8828125 1625
1737825646194 0.9140625 1626
1737825646611 0.828125 1627
1737825647029 0.890625 1628
1737825647447 0.890625 1629
1737825647864 0.8515625 1630
1737825648283 0.8359375 1631
1737825648699 0.8515625 1632
1737825649118 0.9296875 1633
1737825649536 0.84375 1634
1737825649953 0.90625 1635
1737825650371 0.828125 1636
1737825650790 0.8359375 1637
1737825651209 0.8359375 1638
1737825651629 0.859375 1639
1737825652048 0.890625 1640
1737825652468 0.8359375 1641
1737825652886 0.8515625 1642
1737825653305 0.828125 1643
1737825653722 0.8515625 1644
1737825654135 0.8203125 1645
1737825654555 0.890625 1646
1737825654971 0.859375 1647
1737825655387 0.8515625 1648
1737825655806 0.90625 1649
1737825656222 0.828125 1650
1737825656640 0.8359375 1651
1737825657059 0.84375 1652
1737825657476 0.8125 1653
1737825657895 0.9140625 1654
1737825658313 0.859375 1655
1737825658732 0.8515625 1656
1737825659151 0.8984375 1657
1737825659568 0.890625 1658
1737825659986 0.8828125 1659
1737825660405 0.8671875 1660
1737825660821 0.8359375 1661
1737825661239 0.859375 1662
1737825661656 0.8671875 1663
1737825662071 0.8203125 1664
1737825662490 0.7890625 1665
1737825662914 0.8984375 1666
1737825663335 0.828125 1667
1737825663755 0.9296875 1668
1737825664173 0.8671875 1669
1737825664593 0.8671875 1670
1737825665011 0.8359375 1671
1737825665429 0.84375 1672
1737825665846 0.859375 1673
1737825666264 0.859375 1674
1737825666679 0.859375 1675
1737825667094 0.859375 1676
1737825667513 0.890625 1677
1737825667938 0.859375 1678
1737825668354 0.859375 1679
1737825668779 0.828125 1680
1737825669195 0.9140625 1681
1737825669613 0.8828125 1682
1737825670031 0.8671875 1683
1737825670448 0.8203125 1684
1737825670877 0.8671875 1685
1737825671296 0.875 1686
1737825671717 0.8125 1687
1737825672135 0.796875 1688
1737825672554 0.875 1689
1737825672970 0.8984375 1690
1737825673385 0.875 1691
1737825673801 0.8046875 1692
1737825674217 0.8203125 1693
1737825674635 0.859375 1694
1737825675050 0.875 1695
1737825675466 0.9140625 1696
1737825675884 0.875 1697
1737825676303 0.890625 1698
1737825676723 0.890625 1699
1737825677140 0.8671875 1700
1737825677558 0.828125 1701
1737825677976 0.84375 1702
1737825678394 0.8046875 1703
1737825678811 0.8984375 1704
1737825679229 0.7890625 1705
1737825679646 0.875 1706
1737825680065 0.875 1707
1737825680483 0.828125 1708
1737825680902 0.890625 1709
1737825681317 0.8671875 1710
1737825681733 0.859375 1711
1737825682152 0.859375 1712
1737825682570 0.8046875 1713
1737825682989 0.8359375 1714
1737825683406 0.84375 1715
1737825683823 0.796875 1716
1737825684242 0.8046875 1717
1737825684659 0.890625 1718
1737825685076 0.8359375 1719
1737825685497 0.84375 1720
1737825685916 0.8828125 1721
1737825686334 0.796875 1722
1737825686754 0.8359375 1723
1737825687170 0.859375 1724
1737825687588 0.8828125 1725
1737825688007 0.8671875 1726
1737825688422 0.84375 1727
1737825688843 0.8046875 1728
1737825689260 0.875 1729
1737825689676 0.8984375 1730
1737825690093 0.8828125 1731
1737825690512 0.8671875 1732
1737825690928 0.8359375 1733
1737825691347 0.8203125 1734
1737825691765 0.8359375 1735
1737825692185 0.7890625 1736
1737825692604 0.875 1737
1737825693022 0.8203125 1738
1737825693440 0.9140625 1739
1737825693858 0.8828125 1740
1737825694276 0.84375 1741
1737825694693 0.8359375 1742
1737825695108 0.8671875 1743
1737825695528 0.8359375 1744
1737825695946 0.84375 1745
1737825696363 0.875 1746
1737825696779 0.8515625 1747
1737825697197 0.8671875 1748
1737825697615 0.8125 1749
1737825698034 0.921875 1750
1737825698453 0.8828125 1751
1737825698871 0.8359375 1752
1737825699355 0.875 1753
1737825699825 0.828125 1754
1737825700250 0.875 1755
1737825700669 0.890625 1756
1737825701134 0.8671875 1757
1737825701620 0.8359375 1758
1737825702076 0.90625 1759
1737825702529 0.859375 1760
1737825702979 0.828125 1761
1737825703445 0.890625 1762
1737825703913 0.8671875 1763
1737825704370 0.8828125 1764
1737825704805 0.8671875 1765
1737825705231 0.859375 1766
1737825705709 0.859375 1767
1737825706183 0.8671875 1768
1737825706603 0.859375 1769
1737825707022 0.84375 1770
1737825707439 0.8671875 1771
1737825707856 0.8828125 1772
1737825708275 0.859375 1773
1737825708692 0.8515625 1774
1737825709110 0.84375 1775
1737825709525 0.859375 1776
1737825709943 0.90625 1777
1737825710359 0.828125 1778
1737825710777 0.8671875 1779
1737825711197 0.859375 1780
1737825711613 0.890625 1781
1737825712029 0.859375 1782
1737825712446 0.890625 1783
1737825712864 0.875 1784
1737825713282 0.9375 1785
1737825713700 0.859375 1786
1737825714117 0.859375 1787
1737825714532 0.90625 1788
1737825714989 0.8671875 1789
1737825715430 0.8984375 1790
1737825715896 0.8515625 1791
1737825716316 0.8203125 1792
1737825716734 0.875 1793
1737825717154 0.8359375 1794
1737825717576 0.890625 1795
1737825717994 0.875 1796
1737825718413 0.8671875 1797
1737825718847 0.875 1798
1737825719263 0.8359375 1799
1737825719684 0.8828125 1800
1737825720103 0.8203125 1801
1737825720522 0.8515625 1802
1737825720940 0.875 1803
1737825721358 0.859375 1804
1737825721776 0.8984375 1805
1737825722194 0.828125 1806
1737825722612 0.875 1807
1737825723029 0.8671875 1808
1737825723445 0.890625 1809
1737825723865 0.8828125 1810
1737825724281 0.8671875 1811
1737825724701 0.90625 1812
1737825725121 0.8671875 1813
1737825725544 0.875 1814
1737825725964 0.84375 1815
1737825726381 0.8671875 1816
1737825726809 0.90625 1817
1737825727227 0.8515625 1818
1737825727643 0.90625 1819
1737825728057 0.828125 1820
1737825728477 0.8515625 1821
1737825728894 0.890625 1822
1737825729315 0.8515625 1823
1737825729733 0.8515625 1824
1737825730151 0.8046875 1825
1737825730571 0.8515625 1826
1737825730993 0.8359375 1827
1737825731411 0.859375 1828
1737825731829 0.9140625 1829
1737825732247 0.875 1830
1737825732666 0.8671875 1831
1737825733084 0.8046875 1832
1737825733504 0.8984375 1833
1737825733922 0.8671875 1834
1737825734341 0.890625 1835
1737825734759 0.796875 1836
1737825735177 0.84375 1837
1737825735596 0.84375 1838
1737825736014 0.828125 1839
1737825736432 0.8359375 1840
1737825736857 0.921875 1841
1737825737276 0.90625 1842
1737825737702 0.8828125 1843
1737825738121 0.828125 1844
1737825738541 0.859375 1845
1737825738960 0.859375 1846
1737825739378 0.890625 1847
1737825739815 0.890625 1848
1737825740233 0.84375 1849
1737825740652 0.875 1850
1737825741071 0.875 1851
1737825741488 0.8359375 1852
1737825741906 0.8671875 1853
1737825742323 0.8515625 1854
1737825742743 0.84375 1855
1737825743161 0.828125 1856
1737825743579 0.875 1857
1737825743998 0.828125 1858
1737825744415 0.84375 1859
1737825744563 0.8378378378378378 1860
1737825760570 0.8359375 1861
1737825760986 0.8828125 1862
1737825761403 0.875 1863
1737825761822 0.84375 1864
1737825762239 0.8984375 1865
1737825762657 0.9140625 1866
1737825763073 0.8984375 1867
1737825763487 0.890625 1868
1737825763903 0.859375 1869
1737825764320 0.84375 1870
1737825764737 0.875 1871
1737825765156 0.875 1872
1737825765574 0.890625 1873
1737825765992 0.8984375 1874
1737825766408 0.828125 1875
1737825766824 0.859375 1876
1737825767242 0.90625 1877
1737825767661 0.8671875 1878
1737825768078 0.828125 1879
1737825768495 0.8125 1880
1737825768918 0.8984375 1881
1737825769335 0.890625 1882
1737825769754 0.8671875 1883
1737825770172 0.890625 1884
1737825770589 0.8515625 1885
1737825771007 0.875 1886
1737825771423 0.8203125 1887
1737825771839 0.8984375 1888
1737825772255 0.8359375 1889
1737825772673 0.8359375 1890
1737825773092 0.8125 1891
1737825773512 0.8671875 1892
1737825773930 0.8515625 1893
1737825774348 0.8671875 1894
1737825774767 0.8828125 1895
1737825775184 0.8515625 1896
1737825775603 0.890625 1897
1737825776019 0.8671875 1898
1737825776438 0.9296875 1899
1737825776855 0.890625 1900
1737825777272 0.8359375 1901
1737825777690 0.90625 1902
1737825778106 0.8828125 1903
1737825778522 0.859375 1904
1737825778940 0.890625 1905
1737825779356 0.90625 1906
1737825779773 0.84375 1907
1737825780190 0.8515625 1908
1737825780608 0.8515625 1909
1737825781026 0.8984375 1910
1737825781445 0.8671875 1911
1737825781864 0.8359375 1912
1737825782280 0.859375 1913
1737825782701 0.8828125 1914
1737825783123 0.8984375 1915
1737825783542 0.875 1916
1737825783963 0.8828125 1917
1737825784392 0.796875 1918
1737825784808 0.90625 1919
1737825785226 0.828125 1920
1737825785643 0.8671875 1921
1737825786059 0.9140625 1922
1737825786476 0.875 1923
1737825786896 0.84375 1924
1737825787314 0.8984375 1925
1737825787732 0.859375 1926
1737825788149 0.765625 1927
1737825788566 0.859375 1928
1737825788983 0.8515625 1929
1737825789398 0.890625 1930
1737825789816 0.8203125 1931
1737825790232 0.8984375 1932
1737825790650 0.8984375 1933
1737825791069 0.9140625 1934
1737825791487 0.8671875 1935
1737825791908 0.8671875 1936
1737825792325 0.875 1937
1737825792745 0.8359375 1938
1737825793164 0.8515625 1939
1737825793581 0.84375 1940
1737825793999 0.8671875 1941
1737825794416 0.9140625 1942
1737825794838 0.8671875 1943
1737825795257 0.8828125 1944
1737825795674 0.84375 1945
1737825796089 0.875 1946
1737825796509 0.8671875 1947
1737825796927 0.8828125 1948
1737825797343 0.828125 1949
1737825797763 0.890625 1950
1737825798177 0.875 1951
1737825798595 0.875 1952
1737825799011 0.8671875 1953
1737825799426 0.8984375 1954
1737825799846 0.8671875 1955
1737825800263 0.90625 1956
1737825800681 0.921875 1957
1737825801099 0.8828125 1958
1737825801517 0.8984375 1959
1737825801936 0.875 1960
1737825802356 0.859375 1961
1737825802774 0.890625 1962
1737825803191 0.875 1963
1737825803608 0.8671875 1964
1737825804024 0.859375 1965
1737825804445 0.8984375 1966
1737825804878 0.8828125 1967
1737825805297 0.859375 1968
1737825805715 0.921875 1969
1737825806136 0.890625 1970
1737825806558 0.890625 1971
1737825806978 0.90625 1972
1737825807395 0.8828125 1973
1737825807811 0.859375 1974
1737825808230 0.828125 1975
1737825808649 0.8984375 1976
1737825809064 0.90625 1977
1737825809481 0.890625 1978
1737825809900 0.8359375 1979
1737825810316 0.9140625 1980
1737825810735 0.8671875 1981
1737825811153 0.890625 1982
1737825811572 0.8515625 1983
1737825811988 0.8359375 1984
1737825812404 0.890625 1985
1737825812822 0.828125 1986
1737825813239 0.890625 1987
1737825813658 0.8359375 1988
1737825814076 0.875 1989
1737825814494 0.875 1990
1737825814909 0.859375 1991
1737825815329 0.84375 1992
1737825815746 0.8515625 1993
1737825816162 0.859375 1994
1737825816578 0.8671875 1995
1737825816997 0.8515625 1996
1737825817413 0.8984375 1997
1737825817835 0.8515625 1998
1737825818253 0.875 1999
1737825818670 0.8671875 2000
1737825819089 0.890625 2001
1737825819504 0.890625 2002
1737825819922 0.828125 2003
1737825820339 0.8984375 2004
1737825820756 0.84375 2005
1737825821174 0.859375 2006
1737825821591 0.859375 2007
1737825822006 0.84375 2008
1737825822422 0.90625 2009
1737825822842 0.8671875 2010
1737825823260 0.9453125 2011
1737825823685 0.84375 2012
1737825824104 0.8515625 2013
1737825824522 0.875 2014
1737825824939 0.8828125 2015
1737825825357 0.890625 2016
1737825825776 0.90625 2017
1737825826193 0.859375 2018
1737825826611 0.90625 2019
1737825827029 0.8125 2020
1737825827445 0.9140625 2021
1737825827862 0.9296875 2022
1737825828277 0.9140625 2023
1737825828696 0.8515625 2024
1737825829114 0.8359375 2025
1737825829536 0.828125 2026
1737825829955 0.859375 2027
1737825830373 0.8671875 2028
1737825830791 0.8671875 2029
1737825831208 0.921875 2030
1737825831626 0.9140625 2031
1737825832043 0.8125 2032
1737825832461 0.84375 2033
1737825832878 0.8984375 2034
1737825833295 0.8984375 2035
1737825833713 0.875 2036
1737825834130 0.828125 2037
1737825834551 0.8671875 2038
1737825834969 0.8984375 2039
1737825835384 0.8671875 2040
1737825835821 0.8984375 2041
1737825836240 0.8828125 2042
1737825836660 0.90625 2043
1737825837079 0.90625 2044
1737825837495 0.828125 2045
1737825837914 0.90625 2046
1737825838330 0.8828125 2047
1737825838752 0.890625 2048
1737825839170 0.8828125 2049
1737825839586 0.921875 2050
1737825840004 0.90625 2051
1737825840426 0.828125 2052
1737825840844 0.875 2053
1737825841263 0.90625 2054
1737825841686 0.8828125 2055
1737825842105 0.859375 2056
1737825842526 0.8984375 2057
1737825842951 0.890625 2058
1737825843371 0.859375 2059
1737825843792 0.8984375 2060
1737825844208 0.8984375 2061
1737825844628 0.8515625 2062
1737825845047 0.90625 2063
1737825845463 0.9140625 2064
1737825845884 0.859375 2065
1737825846304 0.9140625 2066
1737825846729 0.875 2067
1737825847148 0.8984375 2068
1737825847570 0.8984375 2069
1737825847987 0.859375 2070
1737825848405 0.921875 2071
1737825848823 0.8984375 2072
1737825849242 0.8984375 2073
1737825849659 0.84375 2074
1737825850077 0.8203125 2075
1737825850494 0.90625 2076
1737825850911 0.8125 2077
1737825851329 0.8984375 2078
1737825851746 0.875 2079
1737825852165 0.828125 2080
1737825852583 0.8515625 2081
1737825853002 0.84375 2082
1737825853417 0.8515625 2083
1737825853846 0.8828125 2084
1737825854264 0.890625 2085
1737825854681 0.9140625 2086
1737825855097 0.890625 2087
1737825855517 0.921875 2088
1737825855934 0.8984375 2089
1737825856352 0.859375 2090
1737825856772 0.875 2091
1737825857188 0.8984375 2092
1737825857607 0.90625 2093
1737825858029 0.8515625 2094
1737825858447 0.8671875 2095
1737825858865 0.875 2096
1737825859283 0.90625 2097
1737825859702 0.8359375 2098
1737825860121 0.875 2099
1737825860540 0.875 2100
1737825860958 0.828125 2101
1737825861374 0.8828125 2102
1737825861790 0.8515625 2103
1737825862207 0.8671875 2104
1737825862625 0.8828125 2105
1737825863043 0.875 2106
1737825863460 0.9140625 2107
1737825863881 0.8359375 2108
1737825864298 0.890625 2109
1737825864716 0.90625 2110
1737825865133 0.859375 2111
1737825865555 0.84375 2112
1737825865971 0.875 2113
1737825866388 0.890625 2114
1737825866807 0.796875 2115
1737825867224 0.7890625 2116
1737825867641 0.9140625 2117
1737825868059 0.859375 2118
1737825868475 0.90625 2119
1737825868892 0.875 2120
1737825869309 0.90625 2121
1737825869727 0.90625 2122
1737825870147 0.859375 2123
1737825870564 0.875 2124
1737825870984 0.875 2125
1737825871401 0.8359375 2126
1737825871820 0.84375 2127
1737825872240 0.84375 2128
1737825872660 0.875 2129
1737825873079 0.875 2130
1737825873497 0.7890625 2131
1737825873916 0.859375 2132
1737825874335 0.8671875 2133
1737825874753 0.921875 2134
1737825875169 0.9375 2135
1737825875588 0.8984375 2136
1737825876009 0.8515625 2137
1737825876427 0.8984375 2138
1737825876848 0.8359375 2139
1737825877265 0.8984375 2140
1737825877683 0.8984375 2141
1737825878099 0.859375 2142
1737825878518 0.8828125 2143
1737825878938 0.8359375 2144
1737825879355 0.875 2145
1737825879773 0.9140625 2146
1737825880192 0.828125 2147
1737825880611 0.8828125 2148
1737825881026 0.90625 2149
1737825881444 0.8828125 2150
1737825881862 0.859375 2151
1737825882281 0.9140625 2152
1737825882697 0.8515625 2153
1737825883116 0.875 2154
1737825883533 0.8984375 2155
1737825883958 0.875 2156
1737825884377 0.8828125 2157
1737825884795 0.84375 2158
1737825885214 0.8828125 2159
1737825885634 0.890625 2160
1737825886053 0.8984375 2161
1737825886472 0.9140625 2162
1737825886891 0.8984375 2163
1737825887311 0.84375 2164
1737825887731 0.7890625 2165
1737825888151 0.796875 2166
1737825888570 0.90625 2167
1737825888989 0.9296875 2168
1737825889406 0.921875 2169
1737825889826 0.890625 2170
1737825890246 0.90625 2171
1737825890665 0.875 2172
1737825891084 0.9296875 2173
1737825891509 0.8984375 2174
1737825891925 0.875 2175
1737825892347 0.890625 2176
1737825892766 0.9375 2177
1737825893185 0.7890625 2178
1737825893604 0.8671875 2179
1737825894022 0.8828125 2180
1737825894440 0.8515625 2181
1737825894871 0.890625 2182
1737825895290 0.875 2183
1737825895708 0.8828125 2184
1737825896126 0.8828125 2185
1737825896545 0.84375 2186
1737825896958 0.90625 2187
1737825897375 0.84375 2188
1737825897793 0.9296875 2189
1737825898212 0.8984375 2190
1737825898630 0.875 2191
1737825899049 0.8515625 2192
1737825899467 0.859375 2193
1737825899883 0.859375 2194
1737825900301 0.8671875 2195
1737825900719 0.8984375 2196
1737825901137 0.8203125 2197
1737825901556 0.8125 2198
1737825901973 0.8671875 2199
1737825902391 0.921875 2200
1737825902816 0.890625 2201
1737825903236 0.90625 2202
1737825903654 0.859375 2203
1737825904072 0.859375 2204
1737825904490 0.8984375 2205
1737825904939 0.921875 2206
1737825905358 0.8046875 2207
1737825905778 0.8359375 2208
1737825906195 0.890625 2209
1737825906612 0.875 2210
1737825907029 0.8984375 2211
1737825907447 0.8125 2212
1737825907865 0.8203125 2213
1737825908282 0.8203125 2214
1737825908704 0.859375 2215
1737825909121 0.8125 2216
1737825909538 0.8671875 2217
1737825909954 0.890625 2218
1737825910374 0.859375 2219
1737825910792 0.953125 2220
1737825911209 0.8984375 2221
1737825911627 0.8515625 2222
1737825912045 0.8359375 2223
1737825912462 0.8359375 2224
1737825912878 0.84375 2225
1737825913297 0.8515625 2226
1737825913717 0.8828125 2227
1737825914134 0.828125 2228
1737825914552 0.859375 2229
1737825914970 0.890625 2230
1737825915386 0.8671875 2231
1737825915805 0.8671875 2232
1737825916221 0.859375 2233
1737825916640 0.8515625 2234
1737825917059 0.9453125 2235
1737825917476 0.84375 2236
1737825917893 0.890625 2237
1737825918308 0.859375 2238
1737825918724 0.8828125 2239
1737825919140 0.875 2240
1737825919560 0.859375 2241
1737825919976 0.890625 2242
1737825920394 0.8671875 2243
1737825920814 0.84375 2244
1737825921230 0.8828125 2245
1737825921648 0.8984375 2246
1737825922065 0.828125 2247
1737825922481 0.875 2248
1737825922901 0.8671875 2249
1737825923318 0.8984375 2250
1737825923738 0.8828125 2251
1737825924153 0.828125 2252
1737825924572 0.8828125 2253
1737825924987 0.890625 2254
1737825925406 0.8984375 2255
1737825925836 0.8828125 2256
1737825926252 0.890625 2257
1737825926669 0.8828125 2258
1737825927088 0.875 2259
1737825927507 0.90625 2260
1737825927926 0.84375 2261
1737825928346 0.8359375 2262
1737825928762 0.8203125 2263
1737825929180 0.8515625 2264
1737825929599 0.875 2265
1737825930016 0.8984375 2266
1737825930432 0.9140625 2267
1737825930849 0.8359375 2268
1737825931267 0.8984375 2269
1737825931686 0.84375 2270
1737825932102 0.890625 2271
1737825932521 0.8828125 2272
1737825932936 0.828125 2273
1737825933354 0.9140625 2274
1737825933771 0.84375 2275
1737825934192 0.8515625 2276
1737825934614 0.921875 2277
1737825935030 0.875 2278
1737825935449 0.890625 2279
1737825935870 0.890625 2280
1737825936287 0.8515625 2281
1737825936709 0.875 2282
1737825937131 0.8828125 2283
1737825937551 0.859375 2284
1737825937968 0.8125 2285
1737825938386 0.9296875 2286
1737825938813 0.84375 2287
1737825939228 0.9453125 2288
1737825939647 0.8515625 2289
1737825940066 0.828125 2290
1737825940480 0.84375 2291
1737825940898 0.8671875 2292
1737825941315 0.890625 2293
1737825941732 0.90625 2294
1737825942149 0.8671875 2295
1737825942569 0.90625 2296
1737825942987 0.9140625 2297
1737825943405 0.8671875 2298
1737825943823 0.8984375 2299
1737825944243 0.84375 2300
1737825944663 0.9296875 2301
1737825945083 0.90625 2302
1737825945504 0.875 2303
1737825945921 0.828125 2304
1737825946338 0.890625 2305
1737825946757 0.8671875 2306
1737825947172 0.8359375 2307
1737825947591 0.84375 2308
1737825948011 0.875 2309
1737825948430 0.9140625 2310
1737825948849 0.90625 2311
1737825949269 0.8515625 2312
1737825949690 0.828125 2313
1737825950108 0.875 2314
1737825950527 0.90625 2315
1737825950946 0.8984375 2316
1737825951363 0.890625 2317
1737825951785 0.890625 2318
1737825952201 0.8828125 2319
1737825952620 0.859375 2320
1737825953036 0.8515625 2321
1737825953453 0.890625 2322
1737825953903 0.875 2323
1737825954349 0.90625 2324
1737825954808 0.8125 2325
1737825955263 0.875 2326
1737825955757 0.875 2327
1737825956214 0.8671875 2328
1737825956675 0.8984375 2329
1737825957116 0.8984375 2330
1737825957561 0.875 2331
1737825958010 0.8515625 2332
1737825958430 0.796875 2333
1737825958849 0.8515625 2334
1737825959268 0.8828125 2335
1737825959686 0.8046875 2336
1737825960102 0.8515625 2337
1737825960522 0.9140625 2338
1737825960939 0.875 2339
1737825961355 0.84375 2340
1737825961791 0.9140625 2341
1737825962210 0.8125 2342
1737825962632 0.8125 2343
1737825963064 0.8671875 2344
1737825963531 0.90625 2345
1737825963991 0.8828125 2346
1737825964412 0.8515625 2347
1737825964830 0.84375 2348
1737825965249 0.8828125 2349
1737825965670 0.890625 2350
1737825966089 0.8671875 2351
1737825966533 0.875 2352
1737825966974 0.8515625 2353
1737825967440 0.8515625 2354
1737825967939 0.875 2355
1737825968384 0.8203125 2356
1737825968830 0.8828125 2357
1737825969270 0.84375 2358
1737825969709 0.890625 2359
1737825970148 0.8828125 2360
1737825970585 0.859375 2361
1737825971026 0.8515625 2362
1737825971454 0.8671875 2363
1737825971936 0.875 2364
1737825972355 0.890625 2365
1737825972772 0.8828125 2366
1737825973191 0.875 2367
1737825973611 0.8984375 2368
1737825974028 0.8203125 2369
1737825974445 0.921875 2370
1737825974863 0.921875 2371
1737825975280 0.8671875 2372
1737825975702 0.875 2373
1737825976120 0.8515625 2374
1737825976537 0.8828125 2375
1737825976953 0.90625 2376
1737825977371 0.8828125 2377
1737825977790 0.8515625 2378
1737825978208 0.8984375 2379
1737825978631 0.8515625 2380
1737825979050 0.8203125 2381
1737825979468 0.890625 2382
1737825979884 0.8984375 2383
1737825980300 0.90625 2384
1737825980764 0.890625 2385
1737825981264 0.8984375 2386
1737825981695 0.875 2387
1737825982110 0.8515625 2388
1737825982529 0.90625 2389
1737825982976 0.875 2390
1737825983408 0.8671875 2391
1737825983826 0.875 2392
1737825984243 0.859375 2393
1737825984686 0.8984375 2394
1737825985135 0.859375 2395
1737825985550 0.875 2396
1737825985968 0.8828125 2397
1737825986416 0.8515625 2398
1737825986897 0.890625 2399
1737825987350 0.84375 2400
1737825987792 0.90625 2401
1737825988266 0.859375 2402
1737825988724 0.8828125 2403
1737825989179 0.8671875 2404
1737825989607 0.9375 2405
1737825990071 0.8671875 2406
1737825990513 0.8828125 2407
1737825990985 0.9140625 2408
1737825991450 0.875 2409
1737825991875 0.890625 2410
1737825992360 0.8984375 2411
1737825992780 0.859375 2412
1737825993199 0.9140625 2413
1737825993618 0.8515625 2414
1737825994084 0.8984375 2415
1737825994507 0.890625 2416
1737825994927 0.8671875 2417
1737825995357 0.828125 2418
1737825995811 0.859375 2419
1737825996253 0.8671875 2420
1737825996731 0.8359375 2421
1737825997159 0.8515625 2422
1737825997577 0.859375 2423
1737825997993 0.859375 2424
1737825998410 0.9140625 2425
1737825998856 0.8359375 2426
1737825999302 0.8671875 2427
1737825999720 0.875 2428
1737826000138 0.890625 2429
1737826000557 0.8671875 2430
1737826001018 0.90625 2431
1737826001500 0.8828125 2432
1737826001926 0.875 2433
1737826002342 0.859375 2434
1737826002759 0.8515625 2435
1737826003176 0.859375 2436
1737826003595 0.90625 2437
1737826004011 0.859375 2438
1737826004441 0.90625 2439
1737826004930 0.8125 2440
1737826005349 0.8515625 2441
1737826005767 0.8984375 2442
1737826006184 0.84375 2443
1737826006603 0.84375 2444
1737826007035 0.859375 2445
1737826007499 0.8515625 2446
1737826007945 0.8203125 2447
1737826008362 0.859375 2448
1737826008778 0.90625 2449
1737826009196 0.890625 2450
1737826009669 0.890625 2451
1737826010157 0.859375 2452
1737826010619 0.9140625 2453
1737826011035 0.8828125 2454
1737826011487 0.8984375 2455
1737826012018 0.8515625 2456
1737826012476 0.8828125 2457
1737826012962 0.8515625 2458
1737826013462 0.875 2459
1737826013963 0.8359375 2460
1737826014403 0.921875 2461
1737826014836 0.921875 2462
1737826015287 0.875 2463
1737826015710 0.8828125 2464
1737826016146 0.875 2465
1737826016564 0.90625 2466
1737826016980 0.890625 2467
1737826017397 0.890625 2468
1737826017820 0.84375 2469
1737826018269 0.90625 2470
1737826018687 0.8984375 2471
1737826019124 0.875 2472
1737826019578 0.8984375 2473
1737826019998 0.8671875 2474
1737826020418 0.8828125 2475
1737826020837 0.8046875 2476
1737826021254 0.890625 2477
1737826021672 0.8203125 2478
1737826022090 0.8828125 2479
1737826022233 0.8918918918918919 2480
1737826044414 0.859375 2481
1737826044857 0.8828125 2482
1737826045285 0.84375 2483
1737826045715 0.8828125 2484
1737826046151 0.8984375 2485
1737826046581 0.9140625 2486
1737826047011 0.890625 2487
1737826047439 0.90625 2488
1737826047867 0.8828125 2489
1737826048294 0.8671875 2490
1737826048720 0.8828125 2491
1737826049147 0.8984375 2492
1737826049588 0.921875 2493
1737826050015 0.875 2494
1737826050444 0.8984375 2495
1737826050868 0.890625 2496
1737826051296 0.8828125 2497
1737826051723 0.8671875 2498
1737826052150 0.859375 2499
1737826052578 0.84375 2500
1737826053004 0.90625 2501
1737826053429 0.9140625 2502
1737826053856 0.8671875 2503
1737826054283 0.90625 2504
1737826054708 0.875 2505
1737826055134 0.90625 2506
1737826055559 0.8359375 2507
1737826055995 0.9140625 2508
1737826056420 0.828125 2509
1737826056852 0.8671875 2510
1737826057306 0.828125 2511
1737826057795 0.8515625 2512
1737826058274 0.875 2513
1737826058711 0.875 2514
1737826059163 0.8984375 2515
1737826059608 0.84375 2516
1737826060025 0.90625 2517
1737826060443 0.8671875 2518
1737826060861 0.9140625 2519
1737826061286 0.8828125 2520
1737826061764 0.8515625 2521
1737826062264 0.90625 2522
1737826062780 0.875 2523
1737826063268 0.8671875 2524
1737826063753 0.8828125 2525
1737826064240 0.921875 2526
1737826064666 0.8671875 2527
1737826065085 0.8671875 2528
1737826065503 0.8671875 2529
1737826065919 0.90625 2530
1737826066337 0.8984375 2531
1737826066754 0.828125 2532
1737826067198 0.890625 2533
1737826067619 0.8828125 2534
1737826068037 0.9140625 2535
1737826068456 0.890625 2536
1737826068874 0.921875 2537
1737826069294 0.828125 2538
1737826069713 0.90625 2539
1737826070127 0.8515625 2540
1737826070546 0.8828125 2541
1737826070965 0.9296875 2542
1737826071382 0.8671875 2543
1737826071803 0.859375 2544
1737826072221 0.90625 2545
1737826072640 0.8359375 2546
1737826073055 0.7890625 2547
1737826073472 0.859375 2548
1737826073889 0.8671875 2549
1737826074305 0.8984375 2550
1737826074722 0.8515625 2551
1737826075138 0.9375 2552
1737826075557 0.9140625 2553
1737826075975 0.9296875 2554
1737826076392 0.8515625 2555
1737826076809 0.875 2556
1737826077228 0.9140625 2557
1737826077646 0.890625 2558
1737826078064 0.859375 2559
1737826078482 0.859375 2560
1737826078900 0.8828125 2561
1737826079316 0.9296875 2562
1737826079735 0.875 2563
1737826080210 0.890625 2564
1737826080627 0.890625 2565
1737826081096 0.8984375 2566
1737826081515 0.859375 2567
1737826081931 0.8828125 2568
1737826082350 0.84375 2569
1737826082769 0.890625 2570
1737826083187 0.8828125 2571
1737826083608 0.8828125 2572
1737826084025 0.8828125 2573
1737826084443 0.9296875 2574
1737826084898 0.875 2575
1737826085344 0.890625 2576
1737826085791 0.921875 2577
1737826086228 0.8359375 2578
1737826086680 0.9140625 2579
1737826087097 0.875 2580
1737826087519 0.859375 2581
1737826087971 0.9140625 2582
1737826088387 0.859375 2583
1737826088805 0.875 2584
1737826089222 0.8828125 2585
1737826089643 0.8984375 2586
1737826090084 0.8671875 2587
1737826090501 0.8671875 2588
1737826090917 0.9140625 2589
1737826091336 0.9140625 2590
1737826091781 0.9140625 2591
1737826092200 0.90625 2592
1737826092619 0.8828125 2593
1737826093047 0.890625 2594
1737826093474 0.8515625 2595
1737826093895 0.890625 2596
1737826094312 0.9140625 2597
1737826094730 0.8984375 2598
1737826095170 0.8671875 2599
1737826095614 0.9453125 2600
1737826096030 0.8828125 2601
1737826096448 0.90625 2602
1737826096867 0.8671875 2603
1737826097285 0.8671875 2604
1737826097700 0.8828125 2605
1737826098118 0.859375 2606
1737826098539 0.9296875 2607
1737826098959 0.875 2608
1737826099377 0.890625 2609
1737826099796 0.9296875 2610
1737826100213 0.859375 2611
1737826100630 0.875 2612
1737826101074 0.859375 2613
1737826101493 0.8984375 2614
1737826101913 0.84375 2615
1737826102327 0.8671875 2616
1737826102745 0.90625 2617
1737826103160 0.859375 2618
1737826103578 0.890625 2619
1737826103996 0.8671875 2620
1737826104413 0.90625 2621
1737826104874 0.8828125 2622
1737826105317 0.8671875 2623
1737826105738 0.921875 2624
1737826106195 0.875 2625
1737826106645 0.8828125 2626
1737826107107 0.859375 2627
1737826107526 0.8671875 2628
1737826107942 0.9140625 2629
1737826108359 0.8828125 2630
1737826108776 0.953125 2631
1737826109192 0.8828125 2632
1737826109612 0.859375 2633
1737826110028 0.8984375 2634
1737826110446 0.9140625 2635
1737826110874 0.90625 2636
1737826111315 0.9453125 2637
1737826111735 0.890625 2638
1737826112154 0.921875 2639
1737826112575 0.859375 2640
1737826112993 0.8828125 2641
1737826113407 0.90625 2642
1737826113824 0.9375 2643
1737826114240 0.9140625 2644
1737826114656 0.859375 2645
1737826115073 0.84375 2646
1737826115489 0.8515625 2647
1737826115906 0.890625 2648
1737826116322 0.90625 2649
1737826116737 0.921875 2650
1737826117156 0.9140625 2651
1737826117575 0.8359375 2652
1737826117994 0.890625 2653
1737826118413 0.921875 2654
1737826118831 0.890625 2655
1737826119248 0.921875 2656
1737826119666 0.8515625 2657
1737826120104 0.8671875 2658
1737826120552 0.890625 2659
1737826120978 0.8671875 2660
1737826121409 0.9296875 2661
1737826121832 0.90625 2662
1737826122248 0.9140625 2663
1737826122666 0.921875 2664
1737826123082 0.8203125 2665
1737826123499 0.9140625 2666
1737826123916 0.8828125 2667
1737826124332 0.9140625 2668
1737826124749 0.890625 2669
1737826125165 0.9140625 2670
1737826125582 0.9140625 2671
1737826126024 0.84375 2672
1737826126441 0.8828125 2673
1737826126860 0.921875 2674
1737826127278 0.875 2675
1737826127697 0.8828125 2676
1737826128142 0.8984375 2677
1737826128598 0.8984375 2678
1737826129013 0.84375 2679
1737826129430 0.9140625 2680
1737826129848 0.9296875 2681
1737826130264 0.875 2682
1737826130682 0.90625 2683
1737826131098 0.921875 2684
1737826131514 0.8828125 2685
1737826131931 0.8984375 2686
1737826132349 0.8671875 2687
1737826132769 0.890625 2688
1737826133187 0.9140625 2689
1737826133606 0.8671875 2690
1737826134021 0.921875 2691
1737826134438 0.9296875 2692
1737826134856 0.90625 2693
1737826135273 0.8515625 2694
1737826135692 0.828125 2695
1737826136109 0.8828125 2696
1737826136527 0.8671875 2697
1737826136944 0.921875 2698
1737826137361 0.90625 2699
1737826137780 0.84375 2700
1737826138196 0.9140625 2701
1737826138613 0.875 2702
1737826139031 0.875 2703
1737826139450 0.890625 2704
1737826139870 0.90625 2705
1737826140287 0.90625 2706
1737826140709 0.8984375 2707
1737826141126 0.9375 2708
1737826141543 0.9375 2709
1737826141963 0.8671875 2710
1737826142410 0.890625 2711
1737826142836 0.890625 2712
1737826143261 0.9140625 2713
1737826143679 0.8671875 2714
1737826144095 0.90625 2715
1737826144513 0.90625 2716
1737826144930 0.921875 2717
1737826145349 0.8671875 2718
1737826145768 0.890625 2719
1737826146187 0.8984375 2720
1737826146605 0.8671875 2721
1737826147022 0.8828125 2722
1737826147438 0.875 2723
1737826147855 0.8828125 2724
1737826148271 0.875 2725
1737826148687 0.8984375 2726
1737826149104 0.9375 2727
1737826149520 0.828125 2728
1737826149948 0.8984375 2729
1737826150365 0.8984375 2730
1737826150784 0.859375 2731
1737826151200 0.859375 2732
1737826151618 0.8671875 2733
1737826152034 0.921875 2734
1737826152451 0.8046875 2735
1737826152867 0.8125 2736
1737826153283 0.90625 2737
1737826153700 0.875 2738
1737826154117 0.9140625 2739
1737826154533 0.859375 2740
1737826154949 0.9140625 2741
1737826155366 0.9140625 2742
1737826155786 0.8515625 2743
1737826156204 0.8984375 2744
1737826156621 0.8671875 2745
1737826157037 0.859375 2746
1737826157453 0.8671875 2747
1737826157869 0.8515625 2748
1737826158286 0.8671875 2749
1737826158704 0.8984375 2750
1737826159118 0.84375 2751
1737826159537 0.8515625 2752
1737826159953 0.8359375 2753
1737826160370 0.9140625 2754
1737826160787 0.9375 2755
1737826161206 0.8515625 2756
1737826161624 0.890625 2757
1737826162041 0.90625 2758
1737826162459 0.84375 2759
1737826162875 0.8828125 2760
1737826163294 0.921875 2761
1737826163714 0.8984375 2762
1737826164131 0.890625 2763
1737826164549 0.8671875 2764
1737826164966 0.90625 2765
1737826165382 0.9453125 2766
1737826165830 0.84375 2767
1737826166248 0.890625 2768
1737826166665 0.9296875 2769
1737826167081 0.8671875 2770
1737826167497 0.875 2771
1737826167914 0.9140625 2772
1737826168331 0.859375 2773
1737826168751 0.8515625 2774
1737826169170 0.9140625 2775
1737826169591 0.875 2776
1737826170009 0.890625 2777
1737826170426 0.8828125 2778
1737826170850 0.875 2779
1737826171266 0.8984375 2780
1737826171682 0.9140625 2781
1737826172098 0.8984375 2782
1737826172516 0.890625 2783
1737826172934 0.8828125 2784
1737826173349 0.8359375 2785
1737826173766 0.84375 2786
1737826174185 0.8984375 2787
1737826174607 0.9375 2788
1737826175024 0.890625 2789
1737826175443 0.8671875 2790
1737826175859 0.90625 2791
1737826176275 0.875 2792
1737826176694 0.921875 2793
1737826177112 0.90625 2794
1737826177529 0.8828125 2795
1737826177967 0.890625 2796
1737826178432 0.9375 2797
1737826178856 0.8203125 2798
1737826179298 0.8828125 2799
1737826179717 0.90625 2800
1737826180161 0.8671875 2801
1737826180581 0.8828125 2802
1737826181003 0.890625 2803
1737826181482 0.8828125 2804
1737826181945 0.875 2805
1737826182407 0.8671875 2806
1737826182863 0.921875 2807
1737826183429 0.875 2808
1737826183920 0.953125 2809
1737826184363 0.890625 2810
1737826184802 0.8984375 2811
1737826185218 0.9140625 2812
1737826185661 0.8984375 2813
1737826186091 0.875 2814
1737826186510 0.875 2815
1737826186952 0.9453125 2816
1737826187370 0.8359375 2817
1737826187801 0.84375 2818
1737826188217 0.875 2819
1737826188636 0.9296875 2820
1737826189065 0.8828125 2821
1737826189516 0.8828125 2822
1737826189958 0.859375 2823
1737826190391 0.8828125 2824
1737826190821 0.8984375 2825
1737826191252 0.9296875 2826
1737826191686 0.7890625 2827
1737826192117 0.8203125 2828
1737826192548 0.890625 2829
1737826192965 0.890625 2830
1737826193383 0.90625 2831
1737826193816 0.859375 2832
1737826194235 0.859375 2833
1737826194700 0.8515625 2834
1737826195120 0.8984375 2835
1737826195540 0.84375 2836
1737826195961 0.875 2837
1737826196382 0.921875 2838
1737826196800 0.8671875 2839
1737826197217 0.953125 2840
1737826197635 0.9140625 2841
1737826198063 0.8828125 2842
1737826198492 0.84375 2843
1737826198958 0.859375 2844
1737826199449 0.84375 2845
1737826199878 0.8828125 2846
1737826200320 0.890625 2847
1737826200765 0.8515625 2848
1737826201200 0.8671875 2849
1737826201637 0.921875 2850
1737826202071 0.890625 2851
1737826202499 0.875 2852
1737826202931 0.890625 2853
1737826203364 0.859375 2854
1737826203796 0.9453125 2855
1737826204227 0.8828125 2856
1737826204651 0.8828125 2857
1737826205074 0.8671875 2858
1737826205504 0.8828125 2859
1737826205931 0.890625 2860
1737826206356 0.8671875 2861
1737826206779 0.921875 2862
1737826207209 0.890625 2863
1737826207639 0.84375 2864
1737826208068 0.890625 2865
1737826208495 0.921875 2866
1737826208925 0.84375 2867
1737826209350 0.8984375 2868
1737826209784 0.90625 2869
1737826210211 0.8984375 2870
1737826210644 0.8671875 2871
1737826211074 0.8515625 2872
1737826211505 0.890625 2873
1737826211970 0.875 2874
1737826212436 0.90625 2875
1737826212922 0.90625 2876
1737826213342 0.8984375 2877
1737826213780 0.890625 2878
1737826214200 0.90625 2879
1737826214616 0.8828125 2880
1737826215034 0.8671875 2881
1737826215450 0.875 2882
1737826215868 0.84375 2883
1737826216288 0.8359375 2884
1737826216716 0.8671875 2885
1737826217152 0.90625 2886
1737826217663 0.8984375 2887
1737826218157 0.8515625 2888
1737826218635 0.90625 2889
1737826219103 0.859375 2890
1737826219594 0.8984375 2891
1737826220031 0.90625 2892
1737826220449 0.875 2893
1737826220866 0.9375 2894
1737826221294 0.8671875 2895
1737826221751 0.8828125 2896
1737826222180 0.9140625 2897
1737826222645 0.8984375 2898
1737826223149 0.8984375 2899
1737826223588 0.890625 2900
1737826224036 0.828125 2901
1737826224478 0.890625 2902
1737826224928 0.9140625 2903
1737826225367 0.859375 2904
1737826225785 0.859375 2905
1737826226203 0.9296875 2906
1737826226643 0.8828125 2907
1737826227072 0.9453125 2908
1737826227497 0.90625 2909
1737826227919 0.859375 2910
1737826228381 0.8984375 2911
1737826228869 0.8984375 2912
1737826229349 0.9140625 2913
1737826229825 0.890625 2914
1737826230307 0.8828125 2915
1737826230761 0.90625 2916
1737826231213 0.921875 2917
1737826231664 0.875 2918
1737826232116 0.90625 2919
1737826232579 0.875 2920
1737826233026 0.9296875 2921
1737826233467 0.9609375 2922
1737826233886 0.8671875 2923
1737826234303 0.8359375 2924
1737826234722 0.8828125 2925
1737826235140 0.8828125 2926
1737826235559 0.8515625 2927
1737826235978 0.875 2928
1737826236398 0.875 2929
1737826236815 0.921875 2930
1737826237233 0.9296875 2931
1737826237651 0.8828125 2932
1737826238069 0.84375 2933
1737826238487 0.90625 2934
1737826238906 0.921875 2935
1737826239324 0.90625 2936
1737826239743 0.890625 2937
1737826240160 0.9375 2938
1737826240579 0.8828125 2939
1737826240996 0.859375 2940
1737826241414 0.8515625 2941
1737826241833 0.8984375 2942
1737826242249 0.8828125 2943
1737826242670 0.9296875 2944
1737826243088 0.8515625 2945
1737826243505 0.875 2946
1737826243923 0.890625 2947
1737826244339 0.859375 2948
1737826244759 0.9140625 2949
1737826245177 0.90625 2950
1737826245595 0.90625 2951
1737826246012 0.875 2952
1737826246431 0.8359375 2953
1737826246850 0.8671875 2954
1737826247268 0.890625 2955
1737826247687 0.8359375 2956
1737826248109 0.859375 2957
1737826248531 0.921875 2958
1737826248949 0.890625 2959
1737826249370 0.859375 2960
1737826249786 0.9375 2961
1737826250205 0.8203125 2962
1737826250623 0.828125 2963
1737826251041 0.8828125 2964
1737826251458 0.9140625 2965
1737826251874 0.890625 2966
1737826252291 0.890625 2967
1737826252710 0.890625 2968
1737826253125 0.890625 2969
1737826253545 0.9140625 2970
1737826253962 0.890625 2971
1737826254380 0.8984375 2972
1737826254797 0.84375 2973
1737826255215 0.8828125 2974
1737826255632 0.8671875 2975
1737826256045 0.8359375 2976
1737826256461 0.890625 2977
1737826256876 0.859375 2978
1737826257296 0.9140625 2979
1737826257714 0.890625 2980
1737826258132 0.8828125 2981
1737826258554 0.859375 2982
1737826258971 0.875 2983
1737826259387 0.8984375 2984
1737826259808 0.8828125 2985
1737826260224 0.9140625 2986
1737826260644 0.875 2987
1737826261061 0.890625 2988
1737826261478 0.84375 2989
1737826261894 0.9375 2990
1737826262310 0.9140625 2991
1737826262730 0.8828125 2992
1737826263153 0.8828125 2993
1737826263573 0.8515625 2994
1737826263990 0.890625 2995
1737826264409 0.8984375 2996
1737826264825 0.8984375 2997
1737826265242 0.875 2998
1737826265658 0.9140625 2999
1737826266075 0.859375 3000
1737826266494 0.828125 3001
1737826266913 0.8984375 3002
1737826267330 0.9375 3003
1737826267748 0.921875 3004
1737826268166 0.90625 3005
1737826268585 0.875 3006
1737826269002 0.875 3007
1737826269419 0.8515625 3008
1737826269837 0.9140625 3009
1737826270255 0.890625 3010
1737826270670 0.921875 3011
1737826271087 0.90625 3012
1737826271505 0.875 3013
1737826271925 0.890625 3014
1737826272342 0.890625 3015
1737826272761 0.875 3016
1737826273178 0.9140625 3017
1737826273596 0.859375 3018
1737826274011 0.8984375 3019
1737826274428 0.8515625 3020
1737826274846 0.90625 3021
1737826275265 0.8515625 3022
1737826275682 0.890625 3023
1737826276098 0.90625 3024
1737826276517 0.9296875 3025
1737826276935 0.890625 3026
1737826277355 0.8828125 3027
1737826277770 0.9375 3028
1737826278188 0.890625 3029
1737826278607 0.890625 3030
1737826279023 0.9296875 3031
1737826279440 0.8828125 3032
1737826279859 0.921875 3033
1737826280278 0.8828125 3034
1737826280696 0.875 3035
1737826281111 0.9140625 3036
1737826281529 0.8671875 3037
1737826281945 0.890625 3038
1737826282361 0.859375 3039
1737826282778 0.8828125 3040
1737826283196 0.84375 3041
1737826283619 0.90625 3042
1737826284034 0.859375 3043
1737826284449 0.8828125 3044
1737826284867 0.921875 3045
1737826285283 0.8828125 3046
1737826285701 0.8984375 3047
1737826286118 0.90625 3048
1737826286537 0.8984375 3049
1737826286958 0.90625 3050
1737826287374 0.8984375 3051
1737826287791 0.9140625 3052
1737826288209 0.921875 3053
1737826288631 0.8671875 3054
1737826289062 0.8515625 3055
1737826289521 0.8828125 3056
1737826289984 0.921875 3057
1737826290452 0.859375 3058
1737826290944 0.9140625 3059
1737826291393 0.828125 3060
1737826291841 0.890625 3061
1737826292286 0.90625 3062
1737826292731 0.859375 3063
1737826293182 0.890625 3064
1737826293600 0.8671875 3065
1737826294017 0.8984375 3066
1737826294434 0.875 3067
1737826294853 0.8671875 3068
1737826295272 0.9140625 3069
1737826295692 0.890625 3070
1737826296129 0.9140625 3071
1737826296570 0.8515625 3072
1737826296988 0.90625 3073
1737826297406 0.8984375 3074
1737826297833 0.8984375 3075
1737826298252 0.8828125 3076
1737826298675 0.859375 3077
1737826299094 0.8671875 3078
1737826299527 0.8984375 3079
1737826299979 0.875 3080
1737826300486 0.9453125 3081
1737826300939 0.9375 3082
1737826301359 0.8828125 3083
1737826301778 0.8984375 3084
1737826302196 0.890625 3085
1737826302622 0.90625 3086
1737826303079 0.921875 3087
1737826303500 0.90625 3088
1737826303919 0.8515625 3089
1737826304346 0.8984375 3090
1737826304769 0.8984375 3091
1737826305191 0.859375 3092
1737826305614 0.890625 3093
1737826306032 0.8828125 3094
1737826306450 0.8828125 3095
1737826306890 0.84375 3096
1737826307320 0.921875 3097
1737826307751 0.8515625 3098
1737826308170 0.890625 3099
1737826308313 0.8918918918918919 3100
1737826317103 0.875 3101
1737826317535 0.8984375 3102
1737826317951 0.859375 3103
1737826318368 0.921875 3104
1737826318787 0.890625 3105
1737826319206 0.9296875 3106
1737826319624 0.9140625 3107
1737826320042 0.9296875 3108
1737826320461 0.890625 3109
1737826320882 0.90625 3110
1737826321311 0.8984375 3111
1737826321730 0.90625 3112
1737826322148 0.9375 3113
1737826322584 0.890625 3114
1737826323045 0.8984375 3115
1737826323514 0.875 3116
1737826323937 0.9453125 3117
1737826324361 0.8828125 3118
1737826324786 0.875 3119
1737826325214 0.8203125 3120
1737826325636 0.90625 3121
1737826326062 0.921875 3122
1737826326482 0.890625 3123
1737826326906 0.8828125 3124
1737826327327 0.8828125 3125
1737826327749 0.8984375 3126
1737826328168 0.8359375 3127
1737826328607 0.9375 3128
1737826329047 0.8359375 3129
1737826329482 0.890625 3130
1737826329912 0.8359375 3131
1737826330338 0.875 3132
1737826330801 0.8984375 3133
1737826331237 0.90625 3134
1737826331658 0.890625 3135
1737826332077 0.84375 3136
1737826332495 0.9140625 3137
1737826332916 0.8671875 3138
1737826333344 0.9375 3139
1737826333768 0.90625 3140
1737826334187 0.8671875 3141
1737826334611 0.9140625 3142
1737826335111 0.859375 3143
1737826335582 0.875 3144
1737826336005 0.921875 3145
1737826336425 0.921875 3146
1737826336849 0.875 3147
1737826337271 0.8828125 3148
1737826337698 0.859375 3149
1737826338120 0.90625 3150
1737826338571 0.8984375 3151
1737826338989 0.8515625 3152
1737826339413 0.8828125 3153
1737826339832 0.890625 3154
1737826340255 0.921875 3155
1737826340680 0.9140625 3156
1737826341110 0.90625 3157
1737826341553 0.8515625 3158
1737826341981 0.890625 3159
1737826342407 0.875 3160
1737826342847 0.890625 3161
1737826343277 0.9296875 3162
1737826343732 0.8671875 3163
1737826344166 0.8828125 3164
1737826344589 0.9140625 3165
1737826345009 0.8046875 3166
1737826345434 0.7890625 3167
1737826345885 0.8828125 3168
1737826346306 0.859375 3169
1737826346750 0.9140625 3170
1737826347193 0.859375 3171
1737826347617 0.9375 3172
1737826348033 0.90625 3173
1737826348458 0.9375 3174
1737826348907 0.8671875 3175
1737826349382 0.8828125 3176
1737826349806 0.890625 3177
1737826350244 0.8984375 3178
1737826350721 0.8828125 3179
1737826351163 0.8515625 3180
1737826351586 0.9140625 3181
1737826352025 0.9453125 3182
1737826352477 0.8984375 3183
1737826352923 0.90625 3184
1737826353362 0.890625 3185
1737826353800 0.9140625 3186
1737826354218 0.8984375 3187
1737826354634 0.890625 3188
1737826355054 0.84375 3189
1737826355495 0.8984375 3190
1737826355915 0.8984375 3191
1737826356339 0.9140625 3192
1737826356804 0.890625 3193
1737826357220 0.9375 3194
1737826357663 0.90625 3195
1737826358121 0.921875 3196
1737826358545 0.9453125 3197
1737826358962 0.875 3198
1737826359443 0.921875 3199
1737826359917 0.875 3200
1737826360355 0.8671875 3201
1737826360775 0.90625 3202
1737826361234 0.875 3203
1737826361712 0.8828125 3204
1737826362136 0.8671875 3205
1737826362567 0.90625 3206
1737826362988 0.8984375 3207
1737826363407 0.8984375 3208
1737826363837 0.9140625 3209
1737826364320 0.921875 3210
1737826364803 0.90625 3211
1737826365235 0.9140625 3212
1737826365655 0.8828125 3213
1737826366073 0.90625 3214
1737826366493 0.8671875 3215
1737826366913 0.9140625 3216
1737826367332 0.921875 3217
1737826367751 0.90625 3218
1737826368172 0.890625 3219
1737826368592 0.9453125 3220
1737826369080 0.8828125 3221
1737826369549 0.90625 3222
1737826369971 0.8671875 3223
1737826370389 0.890625 3224
1737826370874 0.90625 3225
1737826371338 0.890625 3226
1737826371760 0.9375 3227
1737826372179 0.8671875 3228
1737826372617 0.90625 3229
1737826373103 0.9296875 3230
1737826373541 0.8671875 3231
1737826373963 0.90625 3232
1737826374383 0.875 3233
1737826374882 0.90625 3234
1737826375316 0.875 3235
1737826375755 0.859375 3236
1737826376192 0.8984375 3237
1737826376682 0.875 3238
1737826377113 0.9140625 3239
1737826377537 0.8828125 3240
1737826377957 0.9296875 3241
1737826378401 0.9140625 3242
1737826378879 0.8828125 3243
1737826379296 0.9296875 3244
1737826379762 0.8671875 3245
1737826380219 0.890625 3246
1737826380643 0.890625 3247
1737826381077 0.875 3248
1737826381505 0.9140625 3249
1737826381971 0.8984375 3250
1737826382394 0.953125 3251
1737826382809 0.875 3252
1737826383226 0.859375 3253
1737826383646 0.90625 3254
1737826384127 0.9296875 3255
1737826384546 0.9453125 3256
1737826385005 0.9453125 3257
1737826385463 0.90625 3258
1737826385908 0.9140625 3259
1737826386326 0.875 3260
1737826386747 0.9140625 3261
1737826387166 0.9453125 3262
1737826387586 0.9375 3263
1737826388056 0.890625 3264
1737826388476 0.890625 3265
1737826388895 0.84375 3266
1737826389361 0.875 3267
1737826389817 0.9140625 3268
1737826390232 0.9140625 3269
1737826390652 0.921875 3270
1737826391081 0.9296875 3271
1737826391501 0.8515625 3272
1737826391932 0.890625 3273
1737826392389 0.9296875 3274
1737826392833 0.9140625 3275
1737826393253 0.921875 3276
1737826393693 0.8515625 3277
1737826394136 0.8984375 3278
1737826394632 0.90625 3279
1737826395101 0.8828125 3280
1737826395559 0.9375 3281
1737826396024 0.9140625 3282
1737826396476 0.9140625 3283
1737826396926 0.9296875 3284
1737826397374 0.84375 3285
1737826397803 0.9375 3286
1737826398231 0.8984375 3287
1737826398652 0.90625 3288
1737826399068 0.890625 3289
1737826399485 0.953125 3290
1737826399903 0.9140625 3291
1737826400320 0.8515625 3292
1737826400738 0.8828125 3293
1737826401158 0.921875 3294
1737826401576 0.8984375 3295
1737826401992 0.8828125 3296
1737826402407 0.890625 3297
1737826402824 0.921875 3298
1737826403241 0.875 3299
1737826403659 0.921875 3300
1737826404076 0.9296875 3301
1737826404494 0.8828125 3302
1737826404910 0.9140625 3303
1737826405328 0.9296875 3304
1737826405746 0.8671875 3305
1737826406165 0.90625 3306
1737826406582 0.890625 3307
1737826407000 0.90625 3308
1737826407418 0.90625 3309
1737826407846 0.890625 3310
1737826408265 0.921875 3311
1737826408687 0.9296875 3312
1737826409104 0.8984375 3313
1737826409522 0.859375 3314
1737826409941 0.84375 3315
1737826410368 0.890625 3316
1737826410791 0.8828125 3317
1737826411210 0.953125 3318
1737826411631 0.90625 3319
1737826412051 0.859375 3320
1737826412468 0.921875 3321
1737826412889 0.890625 3322
1737826413311 0.875 3323
1737826413736 0.90625 3324
1737826414154 0.921875 3325
1737826414599 0.9140625 3326
1737826415016 0.921875 3327
1737826415436 0.9375 3328
1737826415865 0.9375 3329
1737826416294 0.8671875 3330
