1737428754531 0.391304347826087 1
1737428754909 0.31521739130434784 2
1737428755266 0.41304347826086957 3
1737428755631 0.391304347826087 4
1737428755994 0.34782608695652173 5
1737428756330 0.31521739130434784 6
1737428756669 0.34782608695652173 7
1737428757006 0.3804347826086957 8
1737428757340 0.391304347826087 9
1737428757675 0.2826086956521739 10
1737428758036 0.41304347826086957 11
1737428758387 0.33695652173913043 12
1737428758725 0.42391304347826086 13
1737428759067 0.3804347826086957 14
1737428759411 0.391304347826087 15
1737428759752 0.22826086956521738 16
1737428760092 0.2608695652173913 17
1737428760434 0.3804347826086957 18
1737428760774 0.33695652173913043 19
1737428761124 0.40217391304347827 20
1737428761460 0.31521739130434784 21
1737428761795 0.30434782608695654 22
1737428762137 0.358695652173913 23
1737428762491 0.3804347826086957 24
1737428762839 0.34782608695652173 25
1737428763188 0.34782608695652173 26
1737428763531 0.358695652173913 27
1737428763874 0.41304347826086957 28
1737428764211 0.4782608695652174 29
1737428764546 0.2717391304347826 30
1737428764922 0.34782608695652173 31
1737428765288 0.33695652173913043 32
1737428765635 0.33695652173913043 33
1737428765980 0.31521739130434784 34
1737428766317 0.31521739130434784 35
1737428766654 0.33695652173913043 36
1737428767001 0.391304347826087 37
1737428767339 0.40217391304347827 38
1737428767680 0.2608695652173913 39
1737428768026 0.33695652173913043 40
1737428768368 0.358695652173913 41
1737428768706 0.40217391304347827 42
1737428769045 0.33695652173913043 43
1737428769383 0.391304347826087 44
1737428769726 0.41304347826086957 45
1737428770061 0.3695652173913043 46
1737428770400 0.31521739130434784 47
1737428770752 0.3804347826086957 48
1737428771098 0.30434782608695654 49
1737428771438 0.33695652173913043 50
1737428771780 0.34782608695652173 51
1737428772119 0.29347826086956524 52
1737428772456 0.31521739130434784 53
1737428772795 0.32608695652173914 54
1737428773132 0.3695652173913043 55
1737428773472 0.2826086956521739 56
1737428773810 0.3695652173913043 57
1737428774149 0.3695652173913043 58
1737428774485 0.25 59
1737428774822 0.40217391304347827 60
1737428775167 0.29347826086956524 61
1737428775505 0.40217391304347827 62
1737428775864 0.29347826086956524 63
1737428776231 0.3695652173913043 64
1737428776591 0.2717391304347826 65
1737428776952 0.30434782608695654 66
1737428777326 0.40217391304347827 67
1737428777681 0.31521739130434784 68
1737428778041 0.31521739130434784 69
1737428778409 0.33695652173913043 70
1737428778768 0.358695652173913 71
1737428779127 0.3695652173913043 72
1737428779491 0.2826086956521739 73
1737428779851 0.33695652173913043 74
1737428780222 0.44565217391304346 75
1737428780571 0.3695652173913043 76
1737428780926 0.30434782608695654 77
1737428781305 0.2717391304347826 78
1737428781658 0.358695652173913 79
1737428782008 0.2826086956521739 80
1737428782366 0.358695652173913 81
1737428782716 0.2826086956521739 82
1737428783088 0.30434782608695654 83
1737428783436 0.29347826086956524 84
1737428783805 0.3804347826086957 85
1737428784159 0.30434782608695654 86
1737428784519 0.43478260869565216 87
1737428784868 0.31521739130434784 88
1737428785219 0.30434782608695654 89
1737428785570 0.391304347826087 90
1737428785926 0.3695652173913043 91
1737428786291 0.30434782608695654 92
1737428786648 0.2826086956521739 93
1737428787004 0.29347826086956524 94
1737428787367 0.33695652173913043 95
1737428787719 0.31521739130434784 96
1737428788077 0.3695652173913043 97
1737428788430 0.3695652173913043 98
1737428788783 0.33695652173913043 99
1737428789133 0.3695652173913043 100
1737428789495 0.3695652173913043 101
1737428789879 0.3695652173913043 102
1737428790231 0.41304347826086957 103
1737428790586 0.33695652173913043 104
1737428790936 0.32608695652173914 105
1737428791286 0.33695652173913043 106
1737428791646 0.2826086956521739 107
1737428791995 0.22826086956521738 108
1737428792352 0.34782608695652173 109
1737428792714 0.34782608695652173 110
1737428793065 0.40217391304347827 111
1737428793415 0.391304347826087 112
1737428793791 0.32608695652173914 113
1737428794152 0.33695652173913043 114
1737428794532 0.32608695652173914 115
1737428794896 0.33695652173913043 116
1737428795255 0.40217391304347827 117
1737428795607 0.2826086956521739 118
1737428795956 0.2826086956521739 119
1737428796306 0.3695652173913043 120
1737428796676 0.2717391304347826 121
1737428797037 0.33695652173913043 122
1737428797405 0.30434782608695654 123
1737428797779 0.22826086956521738 124
1737428798138 0.22826086956521738 125
1737428798487 0.30434782608695654 126
1737428798853 0.3695652173913043 127
1737428799208 0.2826086956521739 128
1737428799562 0.358695652173913 129
1737428799936 0.33695652173913043 130
1737428800308 0.34782608695652173 131
1737428800677 0.30434782608695654 132
1737428801046 0.33695652173913043 133
1737428801412 0.29347826086956524 134
1737428801811 0.3695652173913043 135
1737428802176 0.30434782608695654 136
1737428802541 0.3804347826086957 137
1737428802875 0.30434782608695654 138
1737428803208 0.33695652173913043 139
1737428803546 0.33695652173913043 140
1737428803887 0.41304347826086957 141
1737428804222 0.2717391304347826 142
1737428804557 0.2826086956521739 143
1737428804899 0.2717391304347826 144
1737428805266 0.358695652173913 145
1737428805619 0.3804347826086957 146
1737428805956 0.32608695652173914 147
1737428806288 0.30434782608695654 148
1737428806623 0.2717391304347826 149
1737428806956 0.34782608695652173 150
1737428807293 0.2826086956521739 151
1737428807628 0.32608695652173914 152
1737428807978 0.29347826086956524 153
1737428808327 0.3804347826086957 154
1737428808677 0.29347826086956524 155
1737428809011 0.34782608695652173 156
1737428809352 0.41304347826086957 157
1737428809684 0.2717391304347826 158
1737428810021 0.34782608695652173 159
1737428810360 0.2826086956521739 160
1737428810705 0.33695652173913043 161
1737428811046 0.2826086956521739 162
1737428811388 0.29347826086956524 163
1737428811735 0.29347826086956524 164
1737428812089 0.32608695652173914 165
1737428812420 0.32608695652173914 166
1737428812757 0.3695652173913043 167
1737428813090 0.2717391304347826 168
1737428813440 0.31521739130434784 169
1737428813780 0.32608695652173914 170
1737428814148 0.25 171
1737428814491 0.30434782608695654 172
1737428814830 0.32608695652173914 173
1737428815166 0.358695652173913 174
1737428815511 0.2608695652173913 175
1737428815857 0.2826086956521739 176
1737428816190 0.391304347826087 177
1737428816548 0.25 178
1737428816935 0.34782608695652173 179
1737428817280 0.3804347826086957 180
1737428817636 0.3804347826086957 181
1737428817972 0.391304347826087 182
1737428818319 0.33695652173913043 183
1737428818660 0.2826086956521739 184
1737428818998 0.40217391304347827 185
1737428819348 0.358695652173913 186
1737428819679 0.3804347826086957 187
1737428820013 0.3695652173913043 188
1737428820351 0.3695652173913043 189
1737428820685 0.29347826086956524 190
1737428821018 0.30434782608695654 191
1737428821352 0.43478260869565216 192
1737428821684 0.2717391304347826 193
1737428822019 0.31521739130434784 194
1737428822352 0.33695652173913043 195
1737428822685 0.34782608695652173 196
1737428823019 0.3804347826086957 197
1737428823351 0.32608695652173914 198
1737428823684 0.358695652173913 199
1737428824018 0.45652173913043476 200
1737428824352 0.31521739130434784 201
1737428824685 0.2717391304347826 202
1737428825020 0.34782608695652173 203
1737428825353 0.33695652173913043 204
1737428825688 0.33695652173913043 205
1737428826022 0.3804347826086957 206
1737428826357 0.32608695652173914 207
1737428826690 0.3804347826086957 208
1737428827024 0.3804347826086957 209
1737428827358 0.34782608695652173 210
1737428827691 0.2717391304347826 211
1737428828031 0.40217391304347827 212
1737428828394 0.29347826086956524 213
1737428828784 0.25 214
1737428829167 0.34782608695652173 215
1737428829528 0.34782608695652173 216
1737428829908 0.2826086956521739 217
1737428830292 0.2391304347826087 218
1737428830669 0.44565217391304346 219
1737428831011 0.358695652173913 220
1737428831395 0.3804347826086957 221
1737428831768 0.358695652173913 222
1737428832117 0.3695652173913043 223
1737428832495 0.40217391304347827 224
1737428832870 0.2608695652173913 225
1737428833234 0.30434782608695654 226
1737428833599 0.391304347826087 227
1737428833962 0.30434782608695654 228
1737428834328 0.32608695652173914 229
1737428834674 0.3804347826086957 230
1737428835025 0.29347826086956524 231
1737428835393 0.32608695652173914 232
1737428835753 0.22826086956521738 233
1737428836101 0.32608695652173914 234
1737428836460 0.3695652173913043 235
1737428836825 0.32608695652173914 236
1737428837176 0.20652173913043478 237
1737428837541 0.33695652173913043 238
1737428837917 0.44565217391304346 239
1737428838294 0.32608695652173914 240
1737428838672 0.391304347826087 241
1737428839046 0.4891304347826087 242
1737428839414 0.45652173913043476 243
1737428839762 0.532608695652174 244
1737428840097 0.5869565217391305 245
1737428840433 0.5652173913043478 246
1737428840768 0.45652173913043476 247
1737428841101 0.5978260869565217 248
1737428841435 0.5978260869565217 249
1737428841771 0.5760869565217391 250
1737428842105 0.5652173913043478 251
1737428842438 0.4673913043478261 252
1737428842773 0.4782608695652174 253
1737428843109 0.532608695652174 254
1737428843456 0.5869565217391305 255
1737428843806 0.41304347826086957 256
1737428844150 0.4673913043478261 257
1737428844490 0.5108695652173914 258
1737428844826 0.391304347826087 259
1737428845158 0.6195652173913043 260
1737428845509 0.532608695652174 261
1737428845852 0.6304347826086957 262
1737428846204 0.5108695652173914 263
1737428846538 0.43478260869565216 264
1737428846872 0.5869565217391305 265
1737428847205 0.6413043478260869 266
1737428847536 0.5434782608695652 267
1737428847869 0.5434782608695652 268
1737428848213 0.5543478260869565 269
1737428848545 0.5869565217391305 270
1737428848889 0.532608695652174 271
1737428849230 0.5978260869565217 272
1737428849568 0.6195652173913043 273
1737428849901 0.6521739130434783 274
1737428850236 0.5652173913043478 275
1737428850581 0.5 276
1737428850923 0.5543478260869565 277
1737428851261 0.6086956521739131 278
1737428851596 0.5543478260869565 279
1737428851934 0.5217391304347826 280
1737428852267 0.6086956521739131 281
1737428852600 0.6195652173913043 282
1737428852934 0.6195652173913043 283
1737428853269 0.5543478260869565 284
1737428853611 0.5217391304347826 285
1737428853950 0.6739130434782609 286
1737428854286 0.6413043478260869 287
1737428854619 0.5543478260869565 288
1737428854949 0.5869565217391305 289
1737428855288 0.6086956521739131 290
1737428855632 0.5 291
1737428855978 0.4891304347826087 292
1737428856316 0.4891304347826087 293
1737428856648 0.532608695652174 294
1737428856985 0.5760869565217391 295
1737428857329 0.6086956521739131 296
1737428857669 0.532608695652174 297
1737428858016 0.5543478260869565 298
1737428858352 0.6195652173913043 299
1737428858695 0.5652173913043478 300
1737428859033 0.6521739130434783 301
1737428859369 0.45652173913043476 302
1737428859704 0.6304347826086957 303
1737428860039 0.5652173913043478 304
1737428860373 0.5543478260869565 305
1737428860706 0.5434782608695652 306
1737428861041 0.6086956521739131 307
1737428861375 0.6304347826086957 308
1737428861714 0.5760869565217391 309
1737428862054 0.6086956521739131 310
1737428862395 0.4673913043478261 311
1737428862734 0.532608695652174 312
1737428863068 0.6413043478260869 313
1737428863407 0.5543478260869565 314
1737428863748 0.5652173913043478 315
1737428864090 0.6956521739130435 316
1737428864430 0.6739130434782609 317
1737428864769 0.4891304347826087 318
1737428865102 0.5434782608695652 319
1737428865436 0.5652173913043478 320
1737428865777 0.6086956521739131 321
1737428866115 0.6304347826086957 322
1737428866448 0.5869565217391305 323
1737428866782 0.5543478260869565 324
1737428867116 0.5108695652173914 325
1737428867449 0.6195652173913043 326
1737428867789 0.6195652173913043 327
1737428868124 0.5434782608695652 328
1737428868458 0.532608695652174 329
1737428868789 0.6304347826086957 330
1737428869124 0.5 331
1737428869460 0.5869565217391305 332
1737428869793 0.5978260869565217 333
1737428870131 0.6195652173913043 334
1737428870466 0.5108695652173914 335
1737428870800 0.4891304347826087 336
1737428871132 0.532608695652174 337
1737428871471 0.5108695652173914 338
1737428871804 0.5978260869565217 339
1737428872137 0.5652173913043478 340
1737428872469 0.5760869565217391 341
1737428872809 0.6413043478260869 342
1737428873143 0.5543478260869565 343
1737428873475 0.6086956521739131 344
1737428873811 0.5434782608695652 345
1737428874146 0.6304347826086957 346
1737428874479 0.6739130434782609 347
1737428874812 0.5760869565217391 348
1737428875159 0.5760869565217391 349
1737428875535 0.5869565217391305 350
1737428875882 0.5978260869565217 351
1737428876219 0.4782608695652174 352
1737428876552 0.4782608695652174 353
1737428876897 0.5652173913043478 354
1737428877236 0.6413043478260869 355
1737428877586 0.532608695652174 356
1737428877923 0.6195652173913043 357
1737428878271 0.5869565217391305 358
1737428878630 0.6413043478260869 359
1737428878985 0.532608695652174 360
1737428879319 0.5869565217391305 361
1737428879663 0.4891304347826087 362
1737428880003 0.5217391304347826 363
1737428880343 0.532608695652174 364
1737428880676 0.5108695652173914 365
1737428881010 0.5217391304347826 366
1737428881345 0.717391304347826 367
1737428881678 0.6521739130434783 368
1737428882012 0.5760869565217391 369
1737428882344 0.5652173913043478 370
1737428882681 0.5869565217391305 371
1737428883024 0.6304347826086957 372
1737428883362 0.5652173913043478 373
1737428883694 0.6086956521739131 374
1737428884035 0.6521739130434783 375
1737428884398 0.6195652173913043 376
1737428884731 0.5869565217391305 377
1737428885066 0.6304347826086957 378
1737428885402 0.532608695652174 379
1737428885739 0.4782608695652174 380
1737428886084 0.5978260869565217 381
1737428886418 0.6086956521739131 382
1737428886749 0.5543478260869565 383
1737428887081 0.5543478260869565 384
1737428887416 0.5869565217391305 385
1737428887750 0.6195652173913043 386
1737428888090 0.5869565217391305 387
1737428888428 0.44565217391304346 388
1737428888761 0.5434782608695652 389
1737428889097 0.4891304347826087 390
1737428889432 0.532608695652174 391
1737428889771 0.532608695652174 392
1737428890111 0.6195652173913043 393
1737428890444 0.4891304347826087 394
1737428890780 0.6630434782608695 395
1737428891115 0.5434782608695652 396
1737428891450 0.5543478260869565 397
1737428891789 0.5 398
1737428892133 0.4891304347826087 399
1737428892478 0.6195652173913043 400
1737428892824 0.5217391304347826 401
1737428893155 0.5543478260869565 402
1737428893486 0.6086956521739131 403
1737428893818 0.5652173913043478 404
1737428894151 0.5978260869565217 405
1737428894485 0.5869565217391305 406
1737428894820 0.5978260869565217 407
1737428895160 0.5108695652173914 408
1737428895501 0.6195652173913043 409
1737428895839 0.5760869565217391 410
1737428896179 0.5760869565217391 411
1737428896519 0.5978260869565217 412
1737428896851 0.6739130434782609 413
1737428897186 0.6739130434782609 414
1737428897519 0.4782608695652174 415
1737428897854 0.5760869565217391 416
1737428898193 0.5652173913043478 417
1737428898527 0.532608695652174 418
1737428898861 0.5760869565217391 419
1737428899198 0.44565217391304346 420
1737428899541 0.5543478260869565 421
1737428899880 0.5108695652173914 422
1737428900214 0.5217391304347826 423
1737428900548 0.5543478260869565 424
1737428900882 0.532608695652174 425
1737428901215 0.5760869565217391 426
1737428901548 0.5978260869565217 427
1737428901885 0.6086956521739131 428
1737428902227 0.6195652173913043 429
1737428902571 0.6304347826086957 430
1737428902914 0.6413043478260869 431
1737428903258 0.5652173913043478 432
1737428903593 0.5869565217391305 433
1737428903927 0.5978260869565217 434
1737428904258 0.6739130434782609 435
1737428904595 0.6739130434782609 436
1737428904928 0.5869565217391305 437
1737428905265 0.6413043478260869 438
1737428905599 0.5869565217391305 439
1737428905933 0.6521739130434783 440
1737428906272 0.6195652173913043 441
