1737428754520 0.0 1
1737428754899 0.0 2
1737428755256 0.0 3
1737428755621 0.0 4
1737428755985 0.0 5
1737428756322 0.0 6
1737428756660 0.0 7
1737428756996 0.0 8
1737428757331 0.0 9
1737428757666 0.0 10
1737428758028 0.0 11
1737428758379 0.0 12
1737428758717 0.0 13
1737428759056 0.0 14
1737428759402 0.0 15
1737428759743 0.0 16
1737428760080 0.0 17
1737428760425 0.0 18
1737428760764 0.0 19
1737428761115 0.0 20
1737428761450 0.0 21
1737428761786 0.0 22
1737428762122 0.0 23
1737428762483 0.0 24
1737428762830 0.0 25
1737428763179 0.0 26
1737428763521 0.0 27
1737428763864 0.0 28
1737428764202 0.0 29
1737428764538 0.0 30
1737428764906 0.0 31
1737428765278 0.0 32
1737428765627 0.0 33
1737428765971 0.0 34
1737428766308 0.0 35
1737428766645 0.0 36
1737428766992 0.0 37
1737428767331 0.0 38
1737428767670 0.0 39
1737428768018 0.0 40
1737428768359 0.0 41
1737428768697 0.0 42
1737428769036 0.0 43
1737428769374 0.0 44
1737428769717 0.0 45
1737428770051 0.0 46
1737428770390 0.0 47
1737428770739 0.0 48
1737428771090 0.0 49
1737428771429 0.0 50
1737428771771 0.0 51
1737428772110 0.0 52
1737428772448 0.0 53
1737428772786 0.0 54
1737428773123 0.0 55
1737428773462 0.0 56
1737428773801 0.0 57
1737428774140 0.0 58
1737428774476 0.0 59
1737428774812 0.0 60
1737428775158 0.0 61
1737428775496 0.0 62
1737428775855 0.0 63
1737428776220 0.0 64
1737428776581 0.0 65
1737428776939 0.0 66
1737428777316 0.0 67
1737428777673 0.0 68
1737428778031 0.0 69
1737428778399 0.0 70
1737428778758 0.0 71
1737428779116 0.0 72
1737428779482 0.0 73
1737428779842 0.0 74
1737428780213 0.0 75
1737428780563 0.0 76
1737428780916 0.0 77
1737428781295 0.0 78
1737428781649 0.0 79
1737428781999 0.0 80
1737428782355 0.0 81
1737428782707 0.0 82
1737428783080 0.0 83
1737428783428 0.0 84
1737428783796 0.0 85
1737428784149 0.0 86
1737428784509 0.0 87
1737428784858 0.0 88
1737428785208 0.0 89
1737428785560 0.0 90
1737428785917 0.0 91
1737428786281 0.0 92
1737428786630 0.0 93
1737428786995 0.0 94
1737428787358 0.0 95
1737428787710 0.0 96
1737428788066 0.0 97
1737428788420 0.0 98
1737428788773 0.0 99
1737428789123 0.0 100
1737428789487 0.0 101
1737428789871 0.0 102
1737428790221 0.0 103
1737428790577 0.0 104
1737428790926 0.0 105
1737428791277 0.0 106
1737428791637 0.0 107
1737428791986 0.0 108
1737428792342 0.0 109
1737428792705 0.0 110
1737428793056 0.0 111
1737428793406 0.0 112
1737428793781 0.0 113
1737428794143 0.0 114
1737428794522 0.0 115
1737428794887 0.0 116
1737428795246 0.0 117
1737428795597 0.0 118
1737428795947 0.0 119
1737428796297 0.0 120
1737428796667 0.0 121
1737428797027 0.0 122
1737428797395 0.0 123
1737428797766 0.0 124
1737428798129 0.0 125
1737428798478 0.0 126
1737428798840 0.0 127
1737428799200 0.0 128
1737428799553 0.0 129
1737428799925 0.0 130
1737428800299 0.0 131
1737428800665 0.0 132
1737428801037 0.0 133
1737428801402 0.0 134
1737428801798 0.0 135
1737428802167 0.0 136
1737428802530 0.0 137
1737428802866 0.0 138
1737428803199 0.0 139
1737428803537 0.0 140
1737428803878 0.0 141
1737428804212 0.0 142
1737428804548 0.0 143
1737428804890 0.0 144
1737428805257 0.0 145
1737428805611 0.0 146
1737428805947 0.0 147
1737428806280 0.0 148
1737428806615 0.0 149
1737428806947 0.0 150
1737428807284 0.0 151
1737428807618 0.0 152
1737428807969 0.0 153
1737428808318 0.0 154
1737428808667 0.0 155
1737428809002 0.0 156
1737428809343 0.0 157
1737428809675 0.0 158
1737428810012 0.0 159
1737428810351 0.0 160
1737428810693 0.0 161
1737428811038 0.0 162
1737428811379 0.0 163
1737428811726 0.0 164
1737428812080 0.0 165
1737428812411 0.0 166
1737428812748 0.0 167
1737428813082 0.0 168
1737428813431 0.0 169
1737428813772 0.0 170
1737428814139 0.0 171
1737428814482 0.0 172
1737428814821 0.0 173
1737428815157 0.0 174
1737428815502 0.0 175
1737428815848 0.0 176
1737428816181 0.0 177
1737428816526 0.0 178
1737428816925 0.0 179
1737428817271 0.0 180
1737428817627 0.0 181
1737428817963 0.0 182
1737428818309 0.0 183
1737428818651 0.0 184
1737428818989 0.0 185
1737428819339 0.0 186
1737428819670 0.029411764705882353 187
1737428820003 0.0 188
1737428820342 0.0 189
1737428820677 0.0 190
1737428821009 0.03125 191
1737428821343 0.0 192
1737428821675 0.0 193
1737428822010 0.038461538461538464 194
1737428822343 0.0 195
1737428822676 0.0 196
1737428823010 0.0 197
1737428823343 0.0 198
1737428823676 0.0 199
1737428824009 0.0 200
1737428824343 0.0 201
1737428824676 0.0 202
1737428825011 0.0 203
1737428825345 0.0 204
1737428825680 0.0 205
1737428826014 0.0 206
1737428826349 0.0 207
1737428826681 0.0 208
1737428827015 0.0 209
1737428827349 0.0 210
1737428827682 0.0 211
1737428828023 0.0 212
1737428828384 0.0 213
1737428828775 0.0 214
1737428829159 0.0 215
1737428829518 0.0 216
1737428829898 0.0 217
1737428830281 0.0 218
1737428830660 0.0 219
1737428831002 0.0 220
1737428831386 0.0 221
1737428831758 0.0 222
1737428832107 0.0 223
1737428832486 0.0 224
1737428832861 0.0 225
1737428833225 0.0 226
1737428833587 0.0 227
1737428833953 0.0 228
1737428834319 0.0 229
1737428834665 0.0 230
1737428835016 0.0 231
1737428835384 0.0 232
1737428835744 0.0 233
1737428836092 0.0 234
1737428836451 0.0 235
1737428836815 0.0 236
1737428837167 0.0 237
1737428837532 0.058823529411764705 238
1737428837907 0.08333333333333333 239
1737428838285 0.16666666666666666 240
1737428838662 0.3333333333333333 241
1737428839037 0.41379310344827586 242
1737428839405 0.5555555555555556 243
1737428839752 0.76 244
1737428840088 0.9444444444444444 245
1737428840423 0.8620689655172413 246
1737428840758 0.7419354838709677 247
1737428841092 0.8888888888888888 248
1737428841427 0.8857142857142857 249
1737428841761 0.8181818181818182 250
1737428842096 0.7307692307692307 251
1737428842429 0.88 252
1737428842764 0.92 253
1737428843100 0.5 254
1737428843447 0.875 255
1737428843797 0.8181818181818182 256
1737428844141 0.9032258064516129 257
1737428844481 1.0 258
1737428844817 1.0 259
1737428845149 0.9615384615384616 260
1737428845499 0.8666666666666667 261
1737428845843 0.8 262
1737428846195 0.40625 263
1737428846528 0.4666666666666667 264
1737428846863 0.625 265
1737428847196 0.7407407407407407 266
1737428847527 0.6428571428571429 267
1737428847860 0.7931034482758621 268
1737428848203 0.8888888888888888 269
1737428848536 0.9629629629629629 270
1737428848880 0.9259259259259259 271
1737428849221 0.8857142857142857 272
1737428849559 0.7931034482758621 273
1737428849892 1.0 274
1737428850228 0.9166666666666666 275
1737428850572 0.8275862068965517 276
1737428850914 0.9642857142857143 277
1737428851252 0.7714285714285715 278
1737428851587 0.6206896551724138 279
1737428851926 0.782608695652174 280
1737428852258 0.8918918918918919 281
1737428852591 0.84 282
1737428852925 0.9696969696969697 283
1737428853261 0.8620689655172413 284
1737428853602 0.9655172413793104 285
1737428853942 0.9142857142857143 286
1737428854277 1.0 287
1737428854611 0.8484848484848485 288
1737428854941 0.918918918918919 289
1737428855278 0.9411764705882353 290
1737428855623 1.0 291
1737428855968 0.9714285714285714 292
1737428856307 1.0 293
1737428856639 1.0 294
1737428856977 1.0 295
1737428857320 1.0 296
1737428857661 0.8928571428571429 297
1737428858008 0.9354838709677419 298
1737428858344 0.925 299
1737428858687 0.9130434782608695 300
1737428859024 0.8928571428571429 301
1737428859360 0.8888888888888888 302
1737428859695 0.8064516129032258 303
1737428860030 0.65625 304
1737428860364 0.6666666666666666 305
1737428860697 0.5 306
1737428861033 0.6896551724137931 307
1737428861366 0.7777777777777778 308
1737428861706 0.72 309
1737428862046 0.8387096774193549 310
1737428862386 0.4482758620689655 311
1737428862725 0.6333333333333333 312
1737428863059 0.7428571428571429 313
1737428863398 0.6875 314
1737428863739 0.6470588235294118 315
1737428864081 0.8918918918918919 316
1737428864422 0.8529411764705882 317
1737428864760 0.9310344827586207 318
1737428865093 0.88 319
1737428865427 0.875 320
1737428865768 0.9259259259259259 321
1737428866106 0.9210526315789473 322
1737428866439 0.9393939393939394 323
1737428866773 0.9666666666666667 324
1737428867108 1.0 325
1737428867440 1.0 326
1737428867780 0.9142857142857143 327
1737428868114 1.0 328
1737428868449 0.92 329
1737428868781 0.9722222222222222 330
1737428869115 0.84 331
1737428869451 1.0 332
1737428869783 0.9583333333333334 333
1737428870122 0.925 334
1737428870457 0.9444444444444444 335
1737428870791 0.8666666666666667 336
1737428871123 0.9285714285714286 337
1737428871462 0.896551724137931 338
1737428871795 1.0 339
1737428872128 0.8529411764705882 340
1737428872460 0.96 341
1737428872800 0.975 342
1737428873134 0.9 343
1737428873466 0.8666666666666667 344
1737428873803 0.88 345
1737428874137 0.9117647058823529 346
1737428874470 0.9736842105263158 347
1737428874803 0.9090909090909091 348
1737428875144 0.9117647058823529 349
1737428875525 0.9354838709677419 350
1737428875873 0.9666666666666667 351
1737428876210 0.78125 352
1737428876544 1.0 353
1737428876887 0.8928571428571429 354
1737428877227 0.8181818181818182 355
1737428877576 0.875 356
1737428877914 0.7647058823529411 357
1737428878254 0.9259259259259259 358
1737428878619 0.7666666666666667 359
1737428878976 0.8666666666666667 360
1737428879310 0.7837837837837838 361
1737428879654 0.7142857142857143 362
1737428879995 0.6410256410256411 363
1737428880333 0.7419354838709677 364
1737428880667 0.7931034482758621 365
1737428881002 0.8333333333333334 366
1737428881336 0.9705882352941176 367
1737428881669 0.8285714285714286 368
1737428882003 0.8333333333333334 369
1737428882336 0.7333333333333333 370
1737428882673 0.9375 371
1737428883015 0.9666666666666667 372
1737428883353 0.8387096774193549 373
1737428883685 0.8125 374
1737428884026 0.9459459459459459 375
1737428884389 0.8666666666666667 376
1737428884723 0.896551724137931 377
1737428885057 0.896551724137931 378
1737428885394 0.8518518518518519 379
1737428885730 0.8064516129032258 380
1737428886075 0.967741935483871 381
1737428886409 0.967741935483871 382
1737428886740 0.9411764705882353 383
1737428887072 0.9 384
1737428887407 1.0 385
1737428887740 1.0 386
1737428888081 0.967741935483871 387
1737428888419 0.9642857142857143 388
1737428888752 1.0 389
1737428889087 1.0 390
1737428889424 1.0 391
1737428889763 1.0 392
1737428890102 0.9024390243902439 393
1737428890435 0.9259259259259259 394
1737428890771 1.0 395
1737428891106 0.9583333333333334 396
1737428891441 0.9565217391304348 397
1737428891781 0.8260869565217391 398
1737428892125 0.8846153846153846 399
1737428892469 0.9285714285714286 400
1737428892815 0.6756756756756757 401
1737428893146 0.8611111111111112 402
1737428893477 0.8333333333333334 403
1737428893810 0.88 404
1737428894142 0.7666666666666667 405
1737428894476 0.875 406
1737428894812 0.8205128205128205 407
1737428895151 0.8076923076923077 408
1737428895492 0.9333333333333333 409
1737428895830 0.8571428571428571 410
1737428896169 0.8787878787878788 411
1737428896510 0.9310344827586207 412
1737428896842 1.0 413
1737428897177 0.9354838709677419 414
1737428897510 0.9166666666666666 415
1737428897844 0.9655172413793104 416
1737428898184 0.9642857142857143 417
1737428898518 0.9354838709677419 418
1737428898852 0.8787878787878788 419
1737428899189 0.9473684210526315 420
1737428899532 0.9459459459459459 421
1737428899871 0.9523809523809523 422
1737428900206 0.9230769230769231 423
1737428900539 1.0 424
1737428900873 0.9629629629629629 425
1737428901205 0.9666666666666667 426
1737428901540 0.96875 427
1737428901876 0.9512195121951219 428
1737428902218 0.9444444444444444 429
1737428902562 0.9285714285714286 430
1737428902905 0.8648648648648649 431
1737428903249 0.9310344827586207 432
1737428903585 1.0 433
1737428903918 0.8928571428571429 434
1737428904249 0.972972972972973 435
1737428904586 0.9230769230769231 436
1737428904919 0.8571428571428571 437
1737428905256 0.9473684210526315 438
1737428905590 0.8484848484848485 439
1737428905924 0.8064516129032258 440
1737428906264 0.7894736842105263 441
