1737428754535 0.1875 1
1737428754912 0.1597796231508255 2
1737428755268 0.19487179815769196 3
1737428755634 0.1875 4
1737428755997 0.17204301059246063 5
1737428756333 0.1597796231508255 6
1737428756671 0.17204301059246063 7
1737428757008 0.18372702598571777 8
1737428757342 0.1875 9
1737428757677 0.14689265191555023 10
1737428758040 0.19487179815769196 11
1737428758390 0.16802167892456055 12
1737428758727 0.1984732747077942 13
1737428759070 0.18372702598571777 14
1737428759414 0.1875 15
1737428759755 0.12389380484819412 16
1737428760096 0.13793103396892548 17
1737428760437 0.18372702598571777 18
1737428760776 0.16802167892456055 19
1737428761127 0.191214457154274 20
1737428761462 0.1597796231508255 21
1737428761798 0.15555556118488312 22
1737428762142 0.17599999904632568 23
1737428762494 0.18372702598571777 24
1737428762842 0.17204301059246063 25
1737428763190 0.17204301059246063 26
1737428763534 0.17599999904632568 27
1737428763876 0.19487179815769196 28
1737428764213 0.21568627655506134 29
1737428764549 0.14245013892650604 30
1737428764925 0.17204301059246063 31
1737428765291 0.16802167892456055 32
1737428765638 0.16802167892456055 33
1737428765982 0.1597796231508255 34
1737428766320 0.1597796231508255 35
1737428766658 0.16802167892456055 36
1737428767003 0.1875 37
1737428767342 0.191214457154274 38
1737428767683 0.13793103396892548 39
1737428768029 0.16802167892456055 40
1737428768371 0.17599999904632568 41
1737428768709 0.191214457154274 42
1737428769048 0.16802167892456055 43
1737428769385 0.1875 44
1737428769728 0.19487179815769196 45
1737428770063 0.17989419400691986 46
1737428770402 0.1597796231508255 47
1737428770756 0.18372702598571777 48
1737428771101 0.15555556118488312 49
1737428771441 0.16802167892456055 50
1737428771783 0.17204301059246063 51
1737428772122 0.15126051008701324 52
1737428772459 0.1597796231508255 53
1737428772798 0.16393442451953888 54
1737428773135 0.17989419400691986 55
1737428773474 0.14689265191555023 56
1737428773813 0.17989419400691986 57
1737428774151 0.17989419400691986 58
1737428774488 0.13333334028720856 59
1737428774825 0.191214457154274 60
1737428775169 0.15126051008701324 61
1737428775508 0.191214457154274 62
1737428775866 0.15126051008701324 63
1737428776235 0.17989419400691986 64
1737428776593 0.14245013892650604 65
1737428776955 0.15555556118488312 66
1737428777328 0.191214457154274 67
1737428777684 0.1597796231508255 68
1737428778043 0.1597796231508255 69
1737428778412 0.16802167892456055 70
1737428778771 0.17599999904632568 71
1737428779129 0.17989419400691986 72
1737428779493 0.14689265191555023 73
1737428779854 0.16802167892456055 74
1737428780224 0.20551377534866333 75
1737428780574 0.17989419400691986 76
1737428780928 0.15555556118488312 77
1737428781308 0.14245013892650604 78
1737428781660 0.17599999904632568 79
1737428782010 0.14689265191555023 80
1737428782369 0.17599999904632568 81
1737428782720 0.14689265191555023 82
1737428783090 0.15555556118488312 83
1737428783439 0.15126051008701324 84
1737428783808 0.18372702598571777 85
1737428784161 0.15555556118488312 86
1737428784522 0.20202021300792694 87
1737428784870 0.1597796231508255 88
1737428785221 0.15555556118488312 89
1737428785572 0.1875 90
1737428785928 0.17989419400691986 91
1737428786294 0.15555556118488312 92
1737428786654 0.14689265191555023 93
1737428787006 0.15126051008701324 94
1737428787370 0.16802167892456055 95
1737428787722 0.1597796231508255 96
1737428788079 0.17989419400691986 97
1737428788432 0.17989419400691986 98
1737428788785 0.16802167892456055 99
1737428789135 0.17989419400691986 100
1737428789498 0.17989419400691986 101
1737428789882 0.17989419400691986 102
1737428790233 0.19487179815769196 103
1737428790589 0.16802167892456055 104
1737428790938 0.16393442451953888 105
1737428791289 0.16802167892456055 106
1737428791648 0.14689265191555023 107
1737428791997 0.125 108
1737428792355 0.17204301059246063 109
1737428792717 0.17204301059246063 110
1737428793068 0.191214457154274 111
1737428793417 0.20144535601139069 112
1737428793794 0.16393442451953888 113
1737428794155 0.1860852688550949 114
1737428794535 0.1652892529964447 115
1737428794899 0.19850103557109833 116
1737428795257 0.23111110925674438 117
1737428795611 0.16643290221691132 118
1737428795959 0.16453537344932556 119
1737428796310 0.2065095454454422 120
1737428796679 0.17172925174236298 121
1737428797040 0.1707988977432251 122
1737428797407 0.1693500280380249 123
1737428797782 0.12727272510528564 124
1737428798140 0.16726791858673096 125
1737428798490 0.2071794867515564 126
1737428798856 0.28949692845344543 127
1737428799211 0.21521155536174774 128
1737428799564 0.2627066671848297 129
1737428799938 0.2643274962902069 130
1737428800311 0.26049235463142395 131
1737428800680 0.19372153282165527 132
1737428801048 0.2142857164144516 133
1737428801415 0.19677571952342987 134
1737428801814 0.20529402792453766 135
1737428802178 0.20304818451404572 136
1737428802544 0.255952388048172 137
1737428802877 0.15819208323955536 138
1737428803210 0.22417767345905304 139
1737428803549 0.23309548199176788 140
1737428803889 0.2637292444705963 141
1737428804224 0.16229286789894104 142
1737428804559 0.21160320937633514 143
1737428804901 0.20652174949645996 144
1737428805269 0.27745163440704346 145
1737428805622 0.2999715805053711 146
1737428805959 0.2531645596027374 147
1737428806291 0.22929416596889496 148
1737428806626 0.22320063412189484 149
1737428806959 0.29013922810554504 150
1737428807295 0.2074074149131775 151
1737428807631 0.1993797868490219 152
1737428807981 0.20551924407482147 153
1737428808329 0.2367892861366272 154
1737428808679 0.21928858757019043 155
1737428809016 0.19981326162815094 156
1737428809355 0.25071224570274353 157
1737428809687 0.17294080555438995 158
1737428810023 0.19100092351436615 159
1737428810362 0.17386490106582642 160
1737428810708 0.1882692575454712 161
1737428811049 0.1838260293006897 162
1737428811391 0.1774478554725647 163
1737428811737 0.19691120088100433 164
1737428812091 0.17833800613880157 165
1737428812422 0.21216218173503876 166
1737428812760 0.20555555820465088 167
1737428813093 0.1859838366508484 168
1737428813442 0.20332883298397064 169
1737428813782 0.2504575252532959 170
1737428814150 0.18767507374286652 171
1737428814494 0.22213758528232574 172
1737428814833 0.27097705006599426 173
1737428815169 0.25339367985725403 174
1737428815514 0.2153312712907791 175
1737428815859 0.21788962185382843 176
1737428816193 0.30346477031707764 177
1737428816554 0.20371074974536896 178
1737428816939 0.26915475726127625 179
1737428817283 0.2830623686313629 180
1737428817639 0.28611111640930176 181
1737428817974 0.29086554050445557 182
1737428818322 0.24867314100265503 183
1737428818662 0.2143658846616745 184
1737428819000 0.2847559154033661 185
1737428819350 0.2670536935329437 186
1737428819681 0.2995354235172272 187
1737428820016 0.27071937918663025 188
1737428820353 0.24242424964904785 189
1737428820688 0.1955694705247879 190
1737428821021 0.21518927812576294 191
1737428821354 0.2407618910074234 192
1737428821687 0.18892832100391388 193
1737428822021 0.2187597006559372 194
1737428822354 0.1875 195
1737428822688 0.1924242377281189 196
1737428823021 0.22323232889175415 197
1737428823354 0.20652174949645996 198
1737428823687 0.2647527754306793 199
1737428824020 0.2561010420322418 200
1737428824355 0.17996716499328613 201
1737428824688 0.14245013892650604 202
1737428825022 0.18791742622852325 203
1737428825355 0.1707988977432251 204
1737428825691 0.18549127876758575 205
1737428826025 0.20388968288898468 206
1737428826360 0.1666666716337204 207
1737428826693 0.2074870616197586 208
1737428827026 0.22483880817890167 209
1737428827360 0.17204301059246063 210
1737428827694 0.14245013892650604 211
1737428828034 0.191214457154274 212
1737428828399 0.16616617143154144 213
1737428828787 0.13333334028720856 214
1737428829170 0.17204301059246063 215
1737428829530 0.17204301059246063 216
1737428829910 0.14689265191555023 217
1737428830294 0.12865497171878815 218
1737428830671 0.20551377534866333 219
1737428831013 0.17741936445236206 220
1737428831397 0.18372702598571777 221
1737428831771 0.17741936445236206 222
1737428832119 0.17989419400691986 223
1737428832498 0.191214457154274 224
1737428832873 0.13793103396892548 225
1737428833237 0.15555556118488312 226
1737428833601 0.1875 227
1737428833964 0.15555556118488312 228
1737428834331 0.16393442451953888 229
1737428834676 0.19935137033462524 230
1737428835028 0.16898147761821747 231
1737428835396 0.16393442451953888 232
1737428835756 0.12389380484819412 233
1737428836104 0.17912912368774414 234
1737428836462 0.1827957034111023 235
1737428836828 0.19935588538646698 236
1737428837178 0.1328153908252716 237
1737428837544 0.27538201212882996 238
1737428837919 0.34873637557029724 239
1737428838297 0.2994840145111084 240
1737428838674 0.39396801590919495 241
1737428839049 0.4984036386013031 242
1737428839417 0.45657357573509216 243
1737428839765 0.532460629940033 244
1737428840099 0.5371572375297546 245
1737428840435 0.5553368926048279 246
1737428840770 0.43355557322502136 247
1737428841104 0.5574960112571716 248
1737428841437 0.5698608756065369 249
1737428841773 0.5530534386634827 250
1737428842108 0.5729529857635498 251
1737428842441 0.46202024817466736 252
1737428842776 0.4699883460998535 253
1737428843111 0.5220754742622375 254
1737428843459 0.5543655753135681 255
1737428843809 0.39966699481010437 256
1737428844153 0.4163212776184082 257
1737428844493 0.42359110713005066 258
1737428844828 0.33793601393699646 259
1737428845161 0.4994749128818512 260
1737428845512 0.433368444442749 261
1737428845855 0.5088689923286438 262
1737428846206 0.3867781162261963 263
1737428846541 0.36437907814979553 264
1737428846874 0.47024670243263245 265
1737428847208 0.5251229405403137 266
1737428847538 0.427619069814682 267
1737428847871 0.4411884546279907 268
1737428848215 0.46176472306251526 269
1737428848547 0.478787899017334 270
1737428848891 0.446674108505249 271
1737428849233 0.4761904776096344 272
1737428849570 0.5086644887924194 273
1737428849904 0.5327334403991699 274
1737428850239 0.458781361579895 275
1737428850584 0.4268401563167572 276
1737428850926 0.4717261791229248 277
1737428851264 0.483471542596817 278
1737428851599 0.467348575592041 279
1737428851937 0.46495118737220764 280
1737428852269 0.4812556505203247 281
1737428852603 0.47070440649986267 282
1737428852936 0.49226441979408264 283
1737428853272 0.44901958107948303 284
1737428853613 0.4282624423503876 285
1737428853952 0.500777006149292 286
1737428854288 0.5063419342041016 287
1737428854622 0.4548419415950775 288
1737428854952 0.45404210686683655 289
1737428855290 0.47633251547813416 290
1737428855634 0.40302082896232605 291
1737428855980 0.3809116780757904 292
1737428856319 0.39117538928985596 293
1737428856650 0.42802751064300537 294
1737428856987 0.43859943747520447 295
1737428857331 0.47261443734169006 296
1737428857672 0.42709043622016907 297
1737428858019 0.46410056948661804 298
1737428858355 0.4647773206233978 299
1737428858698 0.48764967918395996 300
1737428859036 0.5257788896560669 301
1737428859372 0.4170283079147339 302
1737428859707 0.5318007469177246 303
1737428860041 0.456498384475708 304
1737428860375 0.4777034819126129 305
1737428860708 0.43817201256752014 306
1737428861044 0.47571900486946106 307
1737428861377 0.4959982931613922 308
1737428861717 0.4815700948238373 309
1737428862056 0.5015442967414856 310
1737428862398 0.395155668258667 311
1737428862736 0.43237602710723877 312
1737428863070 0.49583330750465393 313
1737428863409 0.45011821389198303 314
1737428863749 0.4470854699611664 315
1737428864092 0.526024341583252 316
1737428864433 0.5234441757202148 317
1737428864771 0.4226006269454956 318
1737428865105 0.45802679657936096 319
1737428865438 0.45438122749328613 320
1737428865779 0.49125874042510986 321
1737428866118 0.4785250127315521 322
1737428866451 0.4694017171859741 323
1737428866784 0.44341883063316345 324
1737428867119 0.43012821674346924 325
1737428867452 0.48578810691833496 326
1737428867792 0.46743297576904297 327
1737428868127 0.4419088363647461 328
1737428868460 0.45327869057655334 329
1737428868791 0.4783068895339966 330
1737428869126 0.4122072756290436 331
1737428869463 0.4728426933288574 332
1737428869796 0.4775339663028717 333
1737428870134 0.46423792839050293 334
1737428870468 0.3958021104335785 335
1737428870802 0.39907407760620117 336
1737428871135 0.4348335564136505 337
1737428871473 0.41693010926246643 338
1737428871807 0.48405036330223083 339
1737428872139 0.47014355659484863 340
1737428872473 0.4533776342868805 341
1737428872812 0.4949289858341217 342
1737428873145 0.4571428596973419 343
1737428873477 0.47750410437583923 344
1737428873814 0.4501749575138092 345
1737428874148 0.490620493888855 346
1737428874481 0.52491694688797 347
1737428874815 0.47159090638160706 348
1737428875164 0.4612095355987549 349
1737428875537 0.48063382506370544 350
1737428875884 0.49247875809669495 351
1737428876222 0.39843282103538513 352
1737428876554 0.4181560277938843 353
1737428876900 0.4570707082748413 354
1737428877239 0.4932215213775635 355
1737428877588 0.443469762802124 356
1737428877926 0.479828804731369 357
1737428878276 0.4974747598171234 358
1737428878635 0.49751076102256775 359
1737428878987 0.4666926860809326 360
1737428879322 0.4699889123439789 361
1737428879666 0.40069687366485596 362
1737428880006 0.41738268733024597 363
1737428880346 0.4481481611728668 364
1737428880679 0.4593290388584137 365
1737428881013 0.45555758476257324 366
1737428881347 0.573968231678009 367
1737428881680 0.5314040780067444 368
1737428882014 0.5094947814941406 369
1737428882347 0.5021254420280457 370
1737428882684 0.49599599838256836 371
1737428883027 0.5217803120613098 372
1737428883364 0.4660257399082184 373
1737428883696 0.49723950028419495 374
1737428884037 0.5241501927375793 375
1737428884400 0.49711373448371887 376
1737428884734 0.4965198040008545 377
1737428885069 0.49641847610473633 378
1737428885405 0.4449366331100464 379
1737428885742 0.39411410689353943 380
1737428886087 0.4757084846496582 381
1737428886420 0.4780701696872711 382
1737428886751 0.4528609812259674 383
1737428887084 0.43856143951416016 384
1737428887418 0.46257564425468445 385
1737428887752 0.4791334569454193 386
1737428888093 0.47230932116508484 387
1737428888431 0.3541666567325592 388
1737428888763 0.431204229593277 389
1737428889099 0.38762056827545166 390
1737428889435 0.4099576473236084 391
1737428889774 0.4232158958911896 392
1737428890114 0.46003401279449463 393
1737428890446 0.39355477690696716 394
1737428890782 0.5426594614982605 395
1737428891117 0.4632513225078583 396
1737428891452 0.5279886722564697 397
1737428891792 0.41119763255119324 398
1737428892136 0.42393162846565247 399
1737428892481 0.48453161120414734 400
1737428892826 0.43726420402526855 401
1737428893157 0.4521099627017975 402
1737428893489 0.48215487599372864 403
1737428893821 0.4957972466945648 404
1737428894154 0.4927147328853607 405
1737428894488 0.47237443923950195 406
1737428894823 0.47236838936805725 407
1737428895163 0.43327438831329346 408
1737428895504 0.5211814045906067 409
1737428895841 0.48564425110816956 410
1737428896181 0.46742239594459534 411
1737428896521 0.4857109785079956 412
1737428896854 0.5269008278846741 413
1737428897188 0.543499767780304 414
1737428897522 0.40190187096595764 415
1737428897856 0.4614690840244293 416
1737428898195 0.4530644714832306 417
1737428898530 0.43442144989967346 418
1737428898864 0.44914793968200684 419
1737428899201 0.39526525139808655 420
1737428899543 0.4370356500148773 421
1737428899883 0.4321322441101074 422
1737428900217 0.42610231041908264 423
1737428900551 0.43748894333839417 424
1737428900884 0.4340241253376007 425
1737428901217 0.46388888359069824 426
1737428901551 0.46293625235557556 427
1737428901888 0.47242066264152527 428
1737428902229 0.5156683325767517 429
1737428902573 0.5369501709938049 430
1737428902916 0.5360885262489319 431
1737428903261 0.48848986625671387 432
1737428903596 0.49439549446105957 433
1737428903929 0.5138685703277588 434
1737428904260 0.5202677249908447 435
1737428904597 0.5207985043525696 436
1737428904931 0.4818771183490753 437
1737428905267 0.5404741764068604 438
1737428905601 0.47843137383461 439
1737428905935 0.5170441269874573 440
1737428906275 0.4952702522277832 441
