1737428754540 1.0957281589508057 1
1737428754916 1.0999212265014648 2
1737428755273 1.0977751016616821 3
1737428755638 1.0989925861358643 4
1737428756001 1.0980124473571777 5
1737428756337 1.0977184772491455 6
1737428756675 1.0990912914276123 7
1737428757011 1.0960400104522705 8
1737428757346 1.0948679447174072 9
1737428757682 1.1039143800735474 10
1737428758044 1.0943976640701294 11
1737428758394 1.0999841690063477 12
1737428758732 1.0916619300842285 13
1737428759075 1.0960716009140015 14
1737428759419 1.0958894491195679 15
1737428759759 1.107731580734253 16
1737428760101 1.1026114225387573 17
1737428760441 1.094059944152832 18
1737428760780 1.0989906787872314 19
1737428761131 1.0946340560913086 20
1737428761466 1.1023250818252563 21
1737428761802 1.1003988981246948 22
1737428762153 1.0963078737258911 23
1737428762498 1.0941970348358154 24
1737428762846 1.0981929302215576 25
1737428763194 1.0976366996765137 26
1737428763538 1.0983332395553589 27
1737428763880 1.0919066667556763 28
1737428764217 1.0880553722381592 29
1737428764553 1.1036579608917236 30
1737428764928 1.0985122919082642 31
1737428765295 1.1004453897476196 32
1737428765645 1.0977158546447754 33
1737428765986 1.100844383239746 34
1737428766324 1.100723385810852 35
1737428766661 1.099689245223999 36
1737428767007 1.095625638961792 37
1737428767346 1.0952178239822388 38
1737428767687 1.102641224861145 39
1737428768033 1.097152829170227 40
1737428768375 1.09927237033844 41
1737428768713 1.0920156240463257 42
1737428769052 1.09930419921875 43
1737428769390 1.0942925214767456 44
1737428769732 1.0942765474319458 45
1737428770067 1.0971301794052124 46
1737428770407 1.1005440950393677 47
1737428770765 1.095369815826416 48
1737428771105 1.1018253564834595 49
1737428771445 1.099555492401123 50
1737428771788 1.101117730140686 51
1737428772126 1.102077603340149 52
1737428772462 1.101341724395752 53
1737428772801 1.0988956689834595 54
1737428773138 1.0967811346054077 55
1737428773479 1.1020355224609375 56
1737428773816 1.0982320308685303 57
1737428774155 1.0958603620529175 58
1737428774492 1.1031004190444946 59
1737428774829 1.0949398279190063 60
1737428775176 1.102239966392517 61
1737428775512 1.0941635370254517 62
1737428775871 1.100897192955017 63
1737428776240 1.096605896949768 64
1737428776598 1.1027659177780151 65
1737428776959 1.0997182130813599 66
1737428777332 1.0954179763793945 67
1737428777689 1.1002227067947388 68
1737428778050 1.1009266376495361 69
1737428778416 1.0968561172485352 70
1737428778776 1.097279667854309 71
1737428779133 1.095828652381897 72
1737428779496 1.1017640829086304 73
1737428779858 1.0985666513442993 74
1737428780229 1.0931721925735474 75
1737428780578 1.0969383716583252 76
1737428780932 1.1019251346588135 77
1737428781313 1.1025147438049316 78
1737428781665 1.098311185836792 79
1737428782014 1.1022875308990479 80
1737428782373 1.0983656644821167 81
1737428782723 1.1000396013259888 82
1737428783094 1.100599765777588 83
1737428783443 1.101415753364563 84
1737428783811 1.0963627099990845 85
1737428784165 1.1001397371292114 86
1737428784525 1.094445824623108 87
1737428784875 1.1000317335128784 88
1737428785225 1.0998713970184326 89
1737428785576 1.0966465473175049 90
1737428785933 1.0968812704086304 91
1737428786297 1.099760890007019 92
1737428786662 1.1007812023162842 93
1737428787011 1.0987670421600342 94
1737428787374 1.09772789478302 95
1737428787727 1.0969284772872925 96
1737428788083 1.099542498588562 97
1737428788436 1.0985291004180908 98
1737428788789 1.0982822179794312 99
1737428789140 1.098204255104065 100
1737428789502 1.0965579748153687 101
1737428789886 1.0972446203231812 102
1737428790238 1.0946025848388672 103
1737428790593 1.097893238067627 104
1737428790942 1.0975289344787598 105
1737428791293 1.0981335639953613 106
1737428791653 1.1011807918548584 107
1737428792001 1.1053792238235474 108
1737428792358 1.0964207649230957 109
1737428792721 1.096423625946045 110
1737428793072 1.095184564590454 111
1737428793421 1.0927060842514038 112
1737428793797 1.0998252630233765 113
1737428794158 1.0974940061569214 114
1737428794539 1.1001297235488892 115
1737428794903 1.0977956056594849 116
1737428795261 1.0965895652770996 117
1737428795614 1.1026045083999634 118
1737428795963 1.1017166376113892 119
1737428796314 1.1009876728057861 120
1737428796683 1.100429892539978 121
1737428797044 1.0981628894805908 122
1737428797411 1.0961554050445557 123
1737428797789 1.1016535758972168 124
1737428798144 1.0998544692993164 125
1737428798494 1.0990715026855469 126
1737428798861 1.1017032861709595 127
1737428799215 1.1001633405685425 128
1737428799568 1.0944852828979492 129
1737428799942 1.0998508930206299 130
1737428800315 1.096354603767395 131
1737428800687 1.0968316793441772 132
1737428801052 1.0987277030944824 133
1737428801419 1.100684404373169 134
1737428801818 1.0924439430236816 135
1737428802182 1.1006046533584595 136
1737428802548 1.0958812236785889 137
1737428802881 1.0982574224472046 138
1737428803214 1.0982334613800049 139
1737428803553 1.0984063148498535 140
1737428803894 1.094956874847412 141
1737428804228 1.1005275249481201 142
1737428804564 1.1008158922195435 143
1737428804905 1.097638726234436 144
1737428805273 1.0968776941299438 145
1737428805625 1.0981022119522095 146
1737428805962 1.0965691804885864 147
1737428806295 1.0936609506607056 148
1737428806630 1.1023304462432861 149
1737428806963 1.1041498184204102 150
1737428807300 1.0968353748321533 151
1737428807635 1.0993765592575073 152
1737428807985 1.0980174541473389 153
1737428808333 1.0982468128204346 154
1737428808683 1.1030884981155396 155
1737428809023 1.094640851020813 156
1737428809359 1.0963302850723267 157
1737428809690 1.1017624139785767 158
1737428810027 1.0986133813858032 159
1737428810366 1.097875952720642 160
1737428810712 1.099993109703064 161
1737428811053 1.1032004356384277 162
1737428811396 1.0980795621871948 163
1737428811741 1.1011474132537842 164
1737428812095 1.0960451364517212 165
1737428812426 1.1004436016082764 166
1737428812764 1.100544810295105 167
1737428813097 1.1012037992477417 168
1737428813446 1.0988459587097168 169
1737428813787 1.0987616777420044 170
1737428814154 1.1034562587738037 171
1737428814498 1.098669171333313 172
1737428814837 1.101833701133728 173
1737428815172 1.0985515117645264 174
1737428815517 1.100954532623291 175
1737428815863 1.0995738506317139 176
1737428816196 1.098602533340454 177
1737428816562 1.1005898714065552 178
1737428816944 1.0986696481704712 179
1737428817287 1.0976980924606323 180
1737428817643 1.0971297025680542 181
1737428817978 1.0975384712219238 182
1737428818327 1.0985026359558105 183
1737428818666 1.098467469215393 184
1737428819004 1.0972880125045776 185
1737428819354 1.0986676216125488 186
1737428819685 1.0981441736221313 187
1737428820020 1.0986032485961914 188
1737428820357 1.0978111028671265 189
1737428820692 1.0995917320251465 190
1737428821025 1.0986762046813965 191
1737428821358 1.0969103574752808 192
1737428821691 1.099056601524353 193
1737428822025 1.0981202125549316 194
1737428822358 1.0984598398208618 195
1737428822692 1.0983692407608032 196
1737428823025 1.0977721214294434 197
1737428823358 1.0979305505752563 198
1737428823691 1.0991934537887573 199
1737428824024 1.096369743347168 200
1737428824358 1.0991398096084595 201
1737428824692 1.0993794202804565 202
1737428825026 1.0978425741195679 203
1737428825359 1.0983550548553467 204
1737428825695 1.097671389579773 205
1737428826029 1.0970460176467896 206
1737428826365 1.097979187965393 207
1737428826697 1.0975459814071655 208
1737428827030 1.0982857942581177 209
1737428827364 1.0982524156570435 210
1737428827698 1.1006156206130981 211
1737428828037 1.0957921743392944 212
1737428828403 1.0991383790969849 213
1737428828792 1.101365327835083 214
1737428829174 1.0972226858139038 215
1737428829534 1.097373127937317 216
1737428829914 1.100016713142395 217
1737428830301 1.0998855829238892 218
1737428830675 1.0956100225448608 219
1737428831018 1.0974184274673462 220
1737428831401 1.0970577001571655 221
1737428831775 1.0974831581115723 222
1737428832124 1.0956674814224243 223
1737428832502 1.095637321472168 224
1737428832877 1.0996242761611938 225
1737428833241 1.0977777242660522 226
1737428833607 1.0960187911987305 227
1737428833968 1.0975483655929565 228
1737428834335 1.096397042274475 229
1737428834681 1.094812035560608 230
1737428835032 1.097564697265625 231
1737428835400 1.0967979431152344 232
1737428835760 1.0963174104690552 233
1737428836108 1.0945550203323364 234
1737428836466 1.0924016237258911 235
1737428836831 1.0938923358917236 236
1737428837184 1.098260521888733 237
1737428837548 1.0929286479949951 238
1737428837923 1.0912485122680664 239
1737428838301 1.092085599899292 240
1737428838678 1.0895512104034424 241
1737428839054 1.0864719152450562 242
1737428839421 1.0875236988067627 243
1737428839769 1.08440363407135 244
1737428840103 1.0825811624526978 245
1737428840439 1.0807303190231323 246
1737428840774 1.0837899446487427 247
1737428841108 1.0754523277282715 248
1737428841441 1.0660312175750732 249
1737428841777 1.065165638923645 250
1737428842112 1.0598411560058594 251
1737428842445 1.0548431873321533 252
1737428842780 1.0474367141723633 253
1737428843116 1.0600244998931885 254
1737428843463 1.0167219638824463 255
1737428843813 1.0332653522491455 256
1737428844156 1.0406280755996704 257
1737428844497 1.0447394847869873 258
1737428844832 1.066080927848816 259
1737428845165 1.0109606981277466 260
1737428845516 0.9917274713516235 261
1737428845859 0.9456924796104431 262
1737428846210 1.0432078838348389 263
1737428846544 1.0213507413864136 264
1737428846878 0.9576231837272644 265
1737428847211 0.9252521395683289 266
1737428847542 0.982063889503479 267
1737428847875 0.9444897770881653 268
1737428848219 0.9120014905929565 269
1737428848552 0.8682399988174438 270
1737428848895 0.9163374900817871 271
1737428849237 0.8678897619247437 272
1737428849574 0.8726003766059875 273
1737428849908 0.8146609663963318 274
1737428850243 0.8915049433708191 275
1737428850588 0.9216441512107849 276
1737428850929 0.8166636824607849 277
1737428851268 0.8793948888778687 278
1737428851603 0.9355129599571228 279
1737428851941 0.8453496098518372 280
1737428852273 0.7966673374176025 281
1737428852606 0.9297351241111755 282
1737428852940 0.7985113263130188 283
1737428853276 0.9145727753639221 284
1737428853617 0.9180771112442017 285
1737428853958 0.8139835000038147 286
1737428854292 0.7146314382553101 287
1737428854626 0.8505644798278809 288
1737428854956 0.8792980313301086 289
1737428855294 0.8992257118225098 290
1737428855638 1.0429092645645142 291
1737428855983 1.0258049964904785 292
1737428856323 0.9664086699485779 293
1737428856654 0.9846751093864441 294
1737428856992 0.9061686396598816 295
1737428857335 0.8901695013046265 296
1737428857680 0.9766510725021362 297
1737428858022 0.929093062877655 298
1737428858359 0.8806058764457703 299
1737428858702 0.8975359201431274 300
1737428859041 0.843669056892395 301
1737428859376 0.8852577805519104 302
1737428859711 0.8303898572921753 303
1737428860045 0.9684034585952759 304
1737428860379 0.9790823459625244 305
1737428860713 1.0723174810409546 306
1737428861048 0.925205409526825 307
1737428861381 0.8772971034049988 308
1737428861720 0.9273021817207336 309
1737428862061 0.8143376708030701 310
1737428862402 1.110397219657898 311
1737428862740 0.9702364802360535 312
1737428863075 0.9024618268013 313
1737428863413 0.9561670422554016 314
1737428863755 0.9644739627838135 315
1737428864096 0.8017754554748535 316
1737428864437 0.8041801452636719 317
1737428864775 0.8642380833625793 318
1737428865109 0.8727408051490784 319
1737428865442 0.8801100254058838 320
1737428865783 0.8329982757568359 321
1737428866122 0.8467774391174316 322
1737428866455 0.8393990993499756 323
1737428866788 0.8898991942405701 324
1737428867123 0.9431633949279785 325
1737428867456 0.8239012956619263 326
1737428867795 0.9178008437156677 327
1737428868130 0.8971371054649353 328
1737428868464 0.9542734622955322 329
1737428868795 0.8671239018440247 330
1737428869130 0.9896363615989685 331
1737428869467 0.8224860429763794 332
1737428869800 0.8854437470436096 333
1737428870138 0.8659778237342834 334
1737428870473 0.9283165335655212 335
1737428870806 0.9530114531517029 336
1737428871138 0.9174870848655701 337
1737428871477 0.9330984950065613 338
1737428871811 0.8456113934516907 339
1737428872143 0.9009986519813538 340
1737428872476 0.91084885597229 341
1737428872816 0.7363885641098022 342
1737428873149 0.8643497228622437 343
1737428873481 0.8882056474685669 344
1737428873818 0.8896492123603821 345
1737428874152 0.8359922170639038 346
1737428874485 0.7514078617095947 347
1737428874818 0.8522754311561584 348
1737428875173 0.832588791847229 349
1737428875541 0.8139309287071228 350
1737428875888 0.7701373100280762 351
1737428876226 0.9632033705711365 352
1737428876559 0.8788971900939941 353
1737428876904 0.8797351121902466 354
1737428877243 0.8980339169502258 355
1737428877593 0.8652772307395935 356
1737428877930 0.9261048436164856 357
1737428878284 0.781129002571106 358
1737428878642 0.8839951157569885 359
1737428878991 0.7982796430587769 360
1737428879326 0.8718999624252319 361
1737428879669 0.9979926347732544 362
1737428880010 1.006674885749817 363
1737428880350 0.8915555477142334 364
1737428880683 0.8612570762634277 365
1737428881017 0.8943741917610168 366
1737428881351 0.7293558716773987 367
1737428881684 0.8258618116378784 368
1737428882018 0.8254072070121765 369
1737428882351 0.9304640293121338 370
1737428882688 0.7900881767272949 371
1737428883031 0.6934171915054321 372
1737428883368 0.9808729290962219 373
1737428883700 0.9004480242729187 374
1737428884045 0.7407976388931274 375
1737428884404 0.8014357089996338 376
1737428884738 0.8423000574111938 377
1737428885073 0.8593766689300537 378
1737428885409 0.8992879986763 379
1737428885746 1.000064492225647 380
1737428886091 0.8649641275405884 381
1737428886424 0.863960862159729 382
1737428886755 0.8864628076553345 383
1737428887088 0.9654382467269897 384
1737428887422 0.90103679895401 385
1737428887756 0.9449743032455444 386
1737428888096 0.9403440356254578 387
1737428888435 1.1803771257400513 388
1737428888767 1.0250561237335205 389
1737428889104 1.0156434774398804 390
1737428889438 0.973452091217041 391
1737428889778 0.985822319984436 392
1737428890118 0.9075314998626709 393
1737428890450 1.0190659761428833 394
1737428890786 0.7475454211235046 395
1737428891121 0.8878398537635803 396
1737428891456 0.8207418918609619 397
1737428891796 0.9490669965744019 398
1737428892140 0.8991693258285522 399
1737428892485 0.8489280343055725 400
1737428892830 0.9301359057426453 401
1737428893161 0.8685786128044128 402
1737428893493 0.8716530203819275 403
1737428893825 0.8366848230361938 404
1737428894158 0.8988429307937622 405
1737428894492 0.8739765882492065 406
1737428894828 0.8778988122940063 407
1737428895167 0.952966034412384 408
1737428895508 0.875112771987915 409
1737428895846 0.9306434988975525 410
1737428896185 0.8591641783714294 411
1737428896525 0.8253533840179443 412
1737428896858 0.7650941610336304 413
1737428897192 0.8229109048843384 414
1737428897526 0.9647619128227234 415
1737428897860 0.8544057011604309 416
1737428898199 0.8845899701118469 417
1737428898534 0.8728649020195007 418
1737428898868 0.9227922558784485 419
1737428899205 0.9033332467079163 420
1737428899547 0.8585987687110901 421
1737428899886 0.8824560642242432 422
1737428900221 0.9224639534950256 423
1737428900555 0.8625990152359009 424
1737428900888 0.8767666220664978 425
1737428901221 0.8706923723220825 426
1737428901555 0.8625458478927612 427
1737428901892 0.8482592105865479 428
1737428902234 0.8372904062271118 429
1737428902577 0.8319710493087769 430
1737428902920 0.8692097663879395 431
1737428903265 0.8218011260032654 432
1737428903600 0.8092984557151794 433
1737428903933 0.8585594296455383 434
1737428904264 0.7492474913597107 435
1737428904601 0.8114472031593323 436
1737428904935 0.8943666219711304 437
1737428905272 0.7712306380271912 438
1737428905605 0.8469582200050354 439
1737428905939 0.8109198808670044 440
1737428906279 0.8316152691841125 441
