1737428754518 0.0 1
1737428754897 0.0 2
1737428755255 0.0 3
1737428755620 0.0 4
1737428755983 0.0 5
1737428756321 0.0 6
1737428756658 0.0 7
1737428756995 0.0 8
1737428757330 0.0 9
1737428757664 0.0 10
1737428758027 0.0 11
1737428758377 0.0 12
1737428758715 0.0 13
1737428759055 0.0 14
1737428759401 0.0 15
1737428759741 0.0 16
1737428760078 0.0 17
1737428760423 0.0 18
1737428760763 0.0 19
1737428761114 0.0 20
1737428761449 0.0 21
1737428761786 0.0 22
1737428762121 0.0 23
1737428762481 0.0 24
1737428762828 0.0 25
1737428763178 0.0 26
1737428763520 0.0 27
1737428763862 0.0 28
1737428764201 0.0 29
1737428764537 0.0 30
1737428764902 0.0 31
1737428765277 0.0 32
1737428765626 0.0 33
1737428765970 0.0 34
1737428766307 0.0 35
1737428766644 0.0 36
1737428766991 0.0 37
1737428767329 0.0 38
1737428767669 0.0 39
1737428768016 0.0 40
1737428768358 0.0 41
1737428768696 0.0 42
1737428769035 0.0 43
1737428769373 0.0 44
1737428769715 0.0 45
1737428770050 0.0 46
1737428770388 0.0 47
1737428770736 0.0 48
1737428771088 0.0 49
1737428771428 0.0 50
1737428771770 0.0 51
1737428772109 0.0 52
1737428772447 0.0 53
1737428772785 0.0 54
1737428773121 0.0 55
1737428773461 0.0 56
1737428773799 0.0 57
1737428774139 0.0 58
1737428774475 0.0 59
1737428774811 0.0 60
1737428775156 0.0 61
1737428775495 0.0 62
1737428775854 0.0 63
1737428776216 0.0 64
1737428776579 0.0 65
1737428776937 0.0 66
1737428777314 0.0 67
1737428777671 0.0 68
1737428778030 0.0 69
1737428778398 0.0 70
1737428778756 0.0 71
1737428779114 0.0 72
1737428779481 0.0 73
1737428779840 0.0 74
1737428780212 0.0 75
1737428780562 0.0 76
1737428780915 0.0 77
1737428781293 0.0 78
1737428781646 0.0 79
1737428781998 0.0 80
1737428782354 0.0 81
1737428782706 0.0 82
1737428783078 0.0 83
1737428783426 0.0 84
1737428783795 0.0 85
1737428784148 0.0 86
1737428784508 0.0 87
1737428784857 0.0 88
1737428785208 0.0 89
1737428785559 0.0 90
1737428785916 0.0 91
1737428786280 0.0 92
1737428786629 0.0 93
1737428786993 0.0 94
1737428787356 0.0 95
1737428787709 0.0 96
1737428788065 0.0 97
1737428788419 0.0 98
1737428788772 0.0 99
1737428789122 0.0 100
1737428789485 0.0 101
1737428789870 0.0 102
1737428790220 0.0 103
1737428790576 0.0 104
1737428790925 0.0 105
1737428791276 0.0 106
1737428791635 0.0 107
1737428791985 0.0 108
1737428792340 0.0 109
1737428792703 0.0 110
1737428793055 0.0 111
1737428793405 0.0 112
1737428793779 0.0 113
1737428794141 0.0 114
1737428794521 0.0 115
1737428794886 0.0 116
1737428795244 0.0 117
1737428795596 0.0 118
1737428795946 0.0 119
1737428796296 0.0 120
1737428796665 0.0 121
1737428797025 0.0 122
1737428797394 0.0 123
1737428797765 0.0 124
1737428798128 0.0 125
1737428798477 0.0 126
1737428798839 0.0 127
1737428799199 0.0 128
1737428799552 0.0 129
1737428799924 0.0 130
1737428800297 0.0 131
1737428800664 0.0 132
1737428801035 0.0 133
1737428801400 0.0 134
1737428801796 0.0 135
1737428802165 0.0 136
1737428802528 0.0 137
1737428802865 0.0 138
1737428803198 0.0 139
1737428803535 0.0 140
1737428803877 0.0 141
1737428804211 0.0 142
1737428804547 0.0 143
1737428804889 0.0 144
1737428805256 0.0 145
1737428805609 0.0 146
1737428805945 0.0 147
1737428806278 0.0 148
1737428806613 0.0 149
1737428806946 0.0 150
1737428807282 0.0 151
1737428807617 0.0 152
1737428807967 0.0 153
1737428808317 0.0 154
1737428808666 0.0 155
1737428809000 0.0 156
1737428809341 0.0 157
1737428809674 0.0 158
1737428810011 0.0 159
1737428810350 0.0 160
1737428810692 0.0 161
1737428811036 0.0 162
1737428811378 0.0 163
1737428811724 0.0 164
1737428812079 0.0 165
1737428812410 0.0 166
1737428812747 0.0 167
1737428813081 0.0 168
1737428813430 0.0 169
1737428813770 0.0 170
1737428814138 0.0 171
1737428814481 0.0 172
1737428814820 0.0 173
1737428815156 0.0 174
1737428815501 0.0 175
1737428815846 0.0 176
1737428816180 0.0 177
1737428816523 0.0 178
1737428816923 0.0 179
1737428817269 0.0 180
1737428817625 0.0 181
1737428817962 0.0 182
1737428818308 0.0 183
1737428818650 0.0 184
1737428818988 0.0 185
1737428819337 0.0 186
1737428819669 1.0 187
1737428820002 0.0 188
1737428820341 0.0 189
1737428820675 0.0 190
1737428821008 1.0 191
1737428821341 0.0 192
1737428821674 0.0 193
1737428822009 1.0 194
1737428822342 0.0 195
1737428822675 0.0 196
1737428823008 0.0 197
1737428823341 0.0 198
1737428823674 0.0 199
1737428824007 0.0 200
1737428824342 0.0 201
1737428824675 0.0 202
1737428825009 0.0 203
1737428825344 0.0 204
1737428825679 0.0 205
1737428826013 0.0 206
1737428826347 0.0 207
1737428826680 0.0 208
1737428827014 0.0 209
1737428827348 0.0 210
1737428827681 0.0 211
1737428828021 0.0 212
1737428828383 0.0 213
1737428828773 0.0 214
1737428829157 0.0 215
1737428829517 0.0 216
1737428829897 0.0 217
1737428830279 0.0 218
1737428830659 0.0 219
1737428831001 0.0 220
1737428831384 0.0 221
1737428831757 0.0 222
1737428832106 0.0 223
1737428832485 0.0 224
1737428832859 0.0 225
1737428833223 0.0 226
1737428833586 0.0 227
1737428833952 0.0 228
1737428834318 0.0 229
1737428834663 0.0 230
1737428835015 0.0 231
1737428835383 0.0 232
1737428835742 0.0 233
1737428836090 0.0 234
1737428836450 0.0 235
1737428836814 0.0 236
1737428837166 0.0 237
1737428837530 1.0 238
1737428837905 1.0 239
1737428838283 0.625 240
1737428838661 0.6428571428571429 241
1737428839036 0.8571428571428571 242
1737428839403 0.8 243
1737428839751 0.6551724137931034 244
1737428840086 0.7083333333333334 245
1737428840421 0.6410256410256411 246
1737428840757 0.5348837209302325 247
1737428841091 0.64 248
1737428841425 0.7560975609756098 249
1737428841760 0.7105263157894737 250
1737428842095 0.7037037037037037 251
1737428842428 0.5945945945945946 252
1737428842762 0.575 253
1737428843098 0.8421052631578947 254
1737428843445 0.8235294117647058 255
1737428843796 0.5454545454545454 256
1737428844140 0.5 257
1737428844480 0.47297297297297297 258
1737428844816 0.3442622950819672 259
1737428845148 0.49019607843137253 260
1737428845497 0.5909090909090909 261
1737428845842 0.8333333333333334 262
1737428846194 0.8666666666666667 263
1737428846527 0.7777777777777778 264
1737428846862 1.0 265
1737428847195 0.8333333333333334 266
1737428847526 0.6428571428571429 267
1737428847859 0.6764705882352942 268
1737428848202 0.6486486486486487 269
1737428848534 0.6842105263157895 270
1737428848879 0.5952380952380952 271
1737428849219 0.7380952380952381 272
1737428849558 0.696969696969697 273
1737428849891 0.6976744186046512 274
1737428850226 0.5789473684210527 275
1737428850571 0.631578947368421 276
1737428850913 0.75 277
1737428851251 0.84375 278
1737428851586 0.8181818181818182 279
1737428851925 0.782608695652174 280
1737428852257 0.7333333333333333 281
1737428852590 0.5675675675675675 282
1737428852924 0.6956521739130435 283
1737428853259 0.6410256410256411 284
1737428853600 0.5957446808510638 285
1737428853940 0.7441860465116279 286
1737428854275 0.8 287
1737428854609 0.7 288
1737428854940 0.6938775510204082 289
1737428855277 0.6274509803921569 290
1737428855622 0.48333333333333334 291
1737428855968 0.4927536231884058 292
1737428856306 0.5263157894736842 293
1737428856638 0.5081967213114754 294
1737428856975 0.576271186440678 295
1737428857319 0.5510204081632653 296
1737428857659 0.5208333333333334 297
1737428858006 0.5576923076923077 298
1737428858342 0.6727272727272727 299
1737428858686 0.5384615384615384 300
1737428859023 0.6756756756756757 301
1737428859359 0.6857142857142857 302
1737428859694 0.9259259259259259 303
1737428860029 0.84 304
1737428860363 0.6923076923076923 305
1737428860696 0.7 306
1737428861031 0.7407407407407407 307
1737428861365 0.9032258064516129 308
1737428861704 0.72 309
1737428862044 0.8666666666666667 310
1737428862385 0.7647058823529411 311
1737428862723 0.7307692307692307 312
1737428863058 0.8666666666666667 313
1737428863397 0.7857142857142857 314
1737428863738 0.7857142857142857 315
1737428864080 0.825 316
1737428864420 0.8529411764705882 317
1737428864758 0.6923076923076923 318
1737428865092 0.6875 319
1737428865425 0.7 320
1737428865767 0.6578947368421053 321
1737428866105 0.7291666666666666 322
1737428866438 0.6888888888888889 323
1737428866772 0.6041666666666666 324
1737428867106 0.5094339622641509 325
1737428867439 0.6538461538461539 326
1737428867779 0.6153846153846154 327
1737428868113 0.58 328
1737428868448 0.5 329
1737428868779 0.6481481481481481 330
1737428869114 0.5 331
1737428869450 0.6739130434782609 332
1737428869782 0.5476190476190477 333
1737428870121 0.6981132075471698 334
1737428870456 0.6071428571428571 335
1737428870789 0.6190476190476191 336
1737428871122 0.5909090909090909 337
1737428871459 0.5909090909090909 338
1737428871794 0.5952380952380952 339
1737428872127 0.6904761904761905 340
1737428872459 0.5333333333333333 341
1737428872799 0.8297872340425532 342
1737428873132 0.675 343
1737428873465 0.65 344
1737428873801 0.6111111111111112 345
1737428874136 0.7209302325581395 346
1737428874468 0.7708333333333334 347
1737428874802 0.6060606060606061 348
1737428875142 0.7560975609756098 349
1737428875524 0.725 350
1737428875872 0.7837837837837838 351
1737428876209 0.6578947368421053 352
1737428876542 0.5151515151515151 353
1737428876886 0.6578947368421053 354
1737428877226 0.7105263157894737 355
1737428877575 0.7 356
1737428877913 0.7222222222222222 357
1737428878251 0.7575757575757576 358
1737428878618 0.7931034482758621 359
1737428878975 0.8387096774193549 360
1737428879309 0.8787878787878788 361
1737428879652 0.7142857142857143 362
1737428879993 0.8620689655172413 363
1737428880332 0.7931034482758621 364
1737428880666 0.7931034482758621 365
1737428881000 0.6060606060606061 366
1737428881335 0.8048780487804879 367
1737428881668 0.8055555555555556 368
1737428882002 0.8064516129032258 369
1737428882334 0.7096774193548387 370
1737428882672 0.7142857142857143 371
1737428883014 0.8529411764705882 372
1737428883351 0.5777777777777777 373
1737428883684 0.7027027027027027 374
1737428884025 0.813953488372093 375
1737428884387 0.8125 376
1737428884722 0.7027027027027027 377
1737428885056 0.65 378
1737428885392 0.6388888888888888 379
1737428885729 0.5813953488372093 380
1737428886073 0.6382978723404256 381
1737428886407 0.6122448979591837 382
1737428886739 0.6037735849056604 383
1737428887071 0.5625 384
1737428887405 0.5892857142857143 385
1737428887738 0.5357142857142857 386
1737428888080 0.5357142857142857 387
1737428888417 0.39705882352941174 388
1737428888751 0.46774193548387094 389
1737428889086 0.5079365079365079 390
1737428889422 0.5238095238095238 391
1737428889761 0.44 392
1737428890101 0.6491228070175439 393
1737428890433 0.46296296296296297 394
1737428890769 0.7555555555555555 395
1737428891105 0.5609756097560976 396
1737428891439 0.7096774193548387 397
1737428891779 0.48717948717948717 398
1737428892124 0.5897435897435898 399
1737428892468 0.65 400
1737428892813 0.8620689655172413 401
1737428893145 0.775 402
1737428893476 0.6944444444444444 403
1737428893809 0.7586206896551724 404
1737428894141 0.696969696969697 405
1737428894475 0.6829268292682927 406
1737428894810 0.8648648648648649 407
1737428895150 0.5833333333333334 408
1737428895490 0.6222222222222222 409
1737428895829 0.6122448979591837 410
1737428896168 0.7631578947368421 411
1737428896508 0.7105263157894737 412
1737428896841 0.7317073170731707 413
1737428897176 0.6904761904761905 414
1737428897509 0.4583333333333333 415
1737428897843 0.6363636363636364 416
1737428898183 0.5510204081632653 417
1737428898517 0.6744186046511628 418
1737428898851 0.58 419
1737428899188 0.47368421052631576 420
1737428899530 0.6730769230769231 421
1737428899870 0.5405405405405406 422
1737428900205 0.5454545454545454 423
1737428900538 0.6111111111111112 424
1737428900871 0.5652173913043478 425
1737428901203 0.58 426
1737428901539 0.6326530612244898 427
1737428901875 0.7090909090909091 428
1737428902217 0.6666666666666666 429
1737428902561 0.7027027027027027 430
1737428902902 0.7111111111111111 431
1737428903248 0.675 432
1737428903583 0.6875 433
1737428903917 0.6756756756756757 434
1737428904248 0.782608695652174 435
1737428904585 0.6857142857142857 436
1737428904918 0.6818181818181818 437
1737428905254 0.72 438
1737428905589 0.8 439
1737428905923 0.8064516129032258 440
1737428906262 0.8333333333333334 441
