1737428754526 0.0 1
1737428754902 0.0 2
1737428755261 0.0 3
1737428755625 0.0 4
1737428755989 0.0 5
1737428756326 0.0 6
1737428756664 0.0 7
1737428757000 0.0 8
1737428757335 0.0 9
1737428757669 0.0 10
1737428758032 0.0 11
1737428758383 0.0 12
1737428758720 0.0 13
1737428759061 0.0 14
1737428759407 0.0 15
1737428759747 0.0 16
1737428760083 0.0 17
1737428760429 0.0 18
1737428760769 0.0 19
1737428761119 0.0 20
1737428761454 0.0 21
1737428761790 0.0 22
1737428762130 0.0 23
1737428762486 0.0 24
1737428762833 0.0 25
1737428763183 0.0 26
1737428763526 0.0 27
1737428763869 0.0 28
1737428764205 0.0 29
1737428764542 0.0 30
1737428764913 0.0 31
1737428765283 0.0 32
1737428765631 0.0 33
1737428765975 0.0 34
1737428766311 0.0 35
1737428766649 0.0 36
1737428766996 0.0 37
1737428767334 0.0 38
1737428767674 0.0 39
1737428768022 0.0 40
1737428768363 0.0 41
1737428768701 0.0 42
1737428769039 0.0 43
1737428769378 0.0 44
1737428769721 0.0 45
1737428770055 0.0 46
1737428770393 0.0 47
1737428770744 0.0 48
1737428771094 0.0 49
1737428771433 0.0 50
1737428771775 0.0 51
1737428772114 0.0 52
1737428772452 0.0 53
1737428772790 0.0 54
1737428773126 0.0 55
1737428773467 0.0 56
1737428773805 0.0 57
1737428774144 0.0 58
1737428774479 0.0 59
1737428774817 0.0 60
1737428775162 0.0 61
1737428775500 0.0 62
1737428775859 0.0 63
1737428776225 0.0 64
1737428776585 0.0 65
1737428776944 0.0 66
1737428777320 0.0 67
1737428777676 0.0 68
1737428778035 0.0 69
1737428778403 0.0 70
1737428778762 0.0 71
1737428779121 0.0 72
1737428779486 0.0 73
1737428779845 0.0 74
1737428780216 0.0 75
1737428780567 0.0 76
1737428780921 0.0 77
1737428781299 0.0 78
1737428781653 0.0 79
1737428782003 0.0 80
1737428782361 0.0 81
1737428782711 0.0 82
1737428783083 0.0 83
1737428783431 0.0 84
1737428783800 0.0 85
1737428784153 0.0 86
1737428784513 0.0 87
1737428784862 0.0 88
1737428785213 0.0 89
1737428785565 0.0 90
1737428785920 0.0 91
1737428786285 0.0 92
1737428786638 0.0 93
1737428786998 0.0 94
1737428787362 0.0 95
1737428787714 0.0 96
1737428788071 0.0 97
1737428788424 0.0 98
1737428788778 0.0 99
1737428789128 0.0 100
1737428789490 0.0 101
1737428789875 0.0 102
1737428790225 0.0 103
1737428790581 0.0 104
1737428790931 0.0 105
1737428791281 0.0 106
1737428791641 0.0 107
1737428791990 0.0 108
1737428792345 0.0 109
1737428792709 0.0 110
1737428793060 0.0 111
1737428793410 0.025 112
1737428793785 0.0 113
1737428794146 0.029411764705882353 114
1737428794527 0.0 115
1737428794891 0.058823529411764705 116
1737428795250 0.07692307692307693 117
1737428795602 0.03571428571428571 118
1737428795951 0.03333333333333333 119
1737428796301 0.047619047619047616 120
1737428796671 0.0625 121
1737428797031 0.0 122
1737428797400 0.025 123
1737428797771 0.0 124
1737428798133 0.10869565217391304 125
1737428798482 0.125 126
1737428798846 0.3076923076923077 127
1737428799204 0.2413793103448276 128
1737428799557 0.5789473684210527 129
1737428799929 0.6176470588235294 130
1737428800302 0.7586206896551724 131
1737428800670 0.8620689655172413 132
1737428801041 0.9032258064516129 133
1737428801407 0.9230769230769231 134
1737428801803 0.8648648648648649 135
1737428802171 1.0 136
1737428802535 0.9354838709677419 137
1737428802870 0.9655172413793104 138
1737428803203 0.9642857142857143 139
1737428803541 0.7878787878787878 140
1737428803882 0.868421052631579 141
1737428804216 0.8571428571428571 142
1737428804552 0.9090909090909091 143
1737428804894 0.5666666666666667 144
1737428805260 0.6896551724137931 145
1737428805614 0.6774193548387096 146
1737428805951 0.5161290322580645 147
1737428806284 0.4 148
1737428806618 0.47619047619047616 149
1737428806951 0.47619047619047616 150
1737428807288 0.17073170731707318 151
1737428807623 0.08 152
1737428807973 0.1282051282051282 153
1737428808322 0.10714285714285714 154
1737428808671 0.2 155
1737428809005 0.05714285714285714 156
1737428809347 0.10344827586206896 157
1737428809679 0.0625 158
1737428810016 0.03333333333333333 159
1737428810355 0.05714285714285714 160
1737428810698 0.03571428571428571 161
1737428811041 0.07692307692307693 162
1737428811383 0.05555555555555555 163
1737428811730 0.0967741935483871 164
1737428812084 0.02564102564102564 165
1737428812415 0.1 166
1737428812752 0.043478260869565216 167
1737428813086 0.10344827586206896 168
1737428813434 0.09090909090909091 169
1737428813775 0.25 170
1737428814143 0.14814814814814814 171
1737428814486 0.21428571428571427 172
1737428814825 0.3793103448275862 173
1737428815161 0.2608695652173913 174
1737428815506 0.2571428571428571 175
1737428815851 0.25 176
1737428816185 0.55 177
1737428816536 0.27586206896551724 178
1737428816929 0.3548387096774194 179
1737428817275 0.3448275862068966 180
1737428817631 0.3939393939393939 181
1737428817967 0.30303030303030304 182
1737428818313 0.22580645161290322 183
1737428818655 0.1891891891891892 184
1737428818993 0.26666666666666666 185
1737428819343 0.2647058823529412 186
1737428819674 0.2692307692307692 187
1737428820008 0.25 188
1737428820346 0.13793103448275862 189
1737428820680 0.09090909090909091 190
1737428821013 0.1 191
1737428821347 0.08695652173913043 192
1737428821679 0.125 193
1737428822014 0.08108108108108109 194
1737428822347 0.034482758620689655 195
1737428822680 0.03333333333333333 196
1737428823014 0.075 197
1737428823346 0.08108108108108109 198
1737428823679 0.2 199
1737428824012 0.1 200
1737428824347 0.03333333333333333 201
1737428824680 0.0 202
1737428825015 0.029411764705882353 203
1737428825348 0.0 204
1737428825684 0.03333333333333333 205
1737428826017 0.03225806451612903 206
1737428826352 0.0 207
1737428826685 0.041666666666666664 208
1737428827019 0.07407407407407407 209
1737428827353 0.0 210
1737428827686 0.0 211
1737428828026 0.0 212
1737428828388 0.027777777777777776 213
1737428828779 0.0 214
1737428829162 0.0 215
1737428829522 0.0 216
1737428829902 0.0 217
1737428830286 0.0 218
1737428830663 0.0 219
1737428831006 0.0 220
1737428831389 0.0 221
1737428831763 0.0 222
1737428832112 0.0 223
1737428832490 0.0 224
1737428832864 0.0 225
1737428833229 0.0 226
1737428833591 0.0 227
1737428833957 0.0 228
1737428834323 0.0 229
1737428834669 0.02857142857142857 230
1737428835020 0.03225806451612903 231
1737428835388 0.0 232
1737428835748 0.0 233
1737428836096 0.02857142857142857 234
1737428836455 0.0 235
1737428836820 0.06451612903225806 236
1737428837171 0.04 237
1737428837536 0.1935483870967742 238
1737428837911 0.25 239
1737428838289 0.20689655172413793 240
1737428838666 0.3225806451612903 241
1737428839041 0.5517241379310345 242
1737428839409 0.4 243
1737428839756 0.3103448275862069 244
1737428840092 0.36666666666666664 245
1737428840428 0.358974358974359 246
1737428840762 0.1935483870967742 247
1737428841096 0.3103448275862069 248
1737428841430 0.3333333333333333 249
1737428841765 0.3 250
1737428842100 0.4 251
1737428842433 0.18421052631578946 252
1737428842768 0.2727272727272727 253
1737428843104 0.2903225806451613 254
1737428843451 0.17647058823529413 255
1737428843801 0.046511627906976744 256
1737428844145 0.10810810810810811 257
1737428844485 0.14814814814814814 258
1737428844821 0.02702702702702703 259
1737428845153 0.04 260
1737428845502 0.0 261
1737428845847 0.0 262
1737428846199 0.0 263
1737428846532 0.0 264
1737428846867 0.0 265
1737428847200 0.038461538461538464 266
1737428847531 0.0 267
1737428847864 0.0 268
1737428848207 0.0 269
1737428848540 0.0 270
1737428848884 0.0 271
1737428849225 0.0 272
1737428849563 0.038461538461538464 273
1737428849896 0.03571428571428571 274
1737428850231 0.0 275
1737428850576 0.0 276
1737428850918 0.0 277
1737428851256 0.0 278
1737428851591 0.03333333333333333 279
1737428851930 0.0 280
1737428852262 0.0 281
1737428852595 0.0 282
1737428852929 0.0 283
1737428853264 0.0 284
1737428853606 0.0 285
1737428853945 0.0 286
1737428854280 0.0 287
1737428854615 0.0 288
1737428854945 0.0 289
1737428855283 0.0 290
1737428855627 0.0 291
1737428855972 0.0 292
1737428856311 0.0 293
1737428856643 0.0 294
1737428856980 0.0 295
1737428857324 0.0 296
1737428857664 0.0 297
1737428858011 0.029411764705882353 298
1737428858347 0.0 299
1737428858691 0.058823529411764705 300
1737428859028 0.041666666666666664 301
1737428859364 0.023809523809523808 302
1737428859699 0.037037037037037035 303
1737428860034 0.0 304
1737428860368 0.07142857142857142 305
1737428860701 0.034482758620689655 306
1737428861036 0.0 307
1737428861370 0.0 308
1737428861710 0.03333333333333333 309
1737428862049 0.0 310
1737428862390 0.029411764705882353 311
1737428862728 0.0 312
1737428863063 0.0 313
1737428863402 0.0 314
1737428863742 0.0 315
1737428864085 0.0 316
1737428864425 0.0 317
1737428864764 0.0 318
1737428865097 0.0 319
1737428865431 0.0 320
1737428865772 0.0 321
1737428866110 0.0 322
1737428866443 0.0 323
1737428866777 0.0 324
1737428867111 0.0 325
1737428867444 0.0 326
1737428867784 0.0 327
1737428868119 0.0 328
1737428868453 0.027777777777777776 329
1737428868784 0.0 330
1737428869119 0.0 331
1737428869455 0.0 332
1737428869788 0.0 333
1737428870126 0.0 334
1737428870461 0.0 335
1737428870795 0.0 336
1737428871127 0.0 337
1737428871466 0.0 338
1737428871799 0.0 339
1737428872132 0.03125 340
1737428872464 0.0 341
1737428872804 0.0 342
1737428873138 0.0 343
1737428873470 0.0 344
1737428873806 0.0 345
1737428874141 0.0 346
1737428874474 0.0 347
1737428874807 0.0 348
1737428875151 0.0 349
1737428875529 0.0 350
1737428875877 0.0 351
1737428876214 0.0 352
1737428876547 0.0 353
1737428876892 0.0 354
1737428877231 0.0 355
1737428877579 0.0 356
1737428877918 0.0 357
1737428878262 0.0 358
1737428878623 0.0 359
1737428878980 0.0 360
1737428879314 0.0 361
1737428879658 0.0 362
1737428879998 0.0 363
1737428880338 0.0 364
1737428880671 0.02564102564102564 365
1737428881005 0.027777777777777776 366
1737428881340 0.043478260869565216 367
1737428881673 0.038461538461538464 368
1737428882007 0.06060606060606061 369
1737428882339 0.0967741935483871 370
1737428882676 0.030303030303030304 371
1737428883019 0.0 372
1737428883357 0.03333333333333333 373
1737428883689 0.037037037037037035 374
1737428884030 0.038461538461538464 375
1737428884392 0.0 376
1737428884727 0.030303030303030304 377
1737428885061 0.0 378
1737428885397 0.0 379
1737428885735 0.0 380
1737428886078 0.0 381
1737428886413 0.0 382
1737428886744 0.0 383
1737428887076 0.0 384
1737428887411 0.0 385
1737428887744 0.0 386
1737428888085 0.0 387
1737428888423 0.0 388
1737428888756 0.0 389
1737428889092 0.03125 390
1737428889427 0.0 391
1737428889766 0.0 392
1737428890106 0.0 393
1737428890439 0.0 394
1737428890775 0.034482758620689655 395
1737428891110 0.029411764705882353 396
1737428891445 0.09523809523809523 397
1737428891784 0.0 398
1737428892129 0.0 399
1737428892473 0.0 400
1737428892819 0.0 401
1737428893150 0.0 402
1737428893481 0.0 403
1737428893813 0.029411764705882353 404
1737428894146 0.03571428571428571 405
1737428894480 0.0 406
1737428894815 0.0 407
1737428895155 0.03225806451612903 408
1737428895496 0.07407407407407407 409
1737428895834 0.06896551724137931 410
1737428896173 0.0 411
1737428896514 0.0 412
1737428896846 0.0 413
1737428897181 0.038461538461538464 414
1737428897514 0.0 415
1737428897848 0.0 416
1737428898188 0.0 417
1737428898522 0.0 418
1737428898856 0.0 419
1737428899193 0.0 420
1737428899535 0.0 421
1737428899875 0.0 422
1737428900210 0.0 423
1737428900543 0.0 424
1737428900877 0.0 425
1737428901209 0.0 426
1737428901544 0.0 427
1737428901880 0.038461538461538464 428
1737428902222 0.07142857142857142 429
1737428902566 0.07142857142857142 430
1737428902909 0.07407407407407407 431
1737428903253 0.02631578947368421 432
1737428903588 0.0625 433
1737428903922 0.06451612903225806 434
1737428904253 0.0 435
1737428904590 0.0 436
1737428904923 0.034482758620689655 437
1737428905260 0.03225806451612903 438
1737428905594 0.0 439
1737428905928 0.0 440
1737428906267 0.0 441
