1737428754522 0.0 1
1737428754900 0.0 2
1737428755258 0.0 3
1737428755622 0.0 4
1737428755986 0.0 5
1737428756323 0.0 6
1737428756661 0.0 7
1737428756998 0.0 8
1737428757332 0.0 9
1737428757667 0.0 10
1737428758029 0.0 11
1737428758380 0.0 12
1737428758717 0.0 13
1737428759058 0.0 14
1737428759404 0.0 15
1737428759744 0.0 16
1737428760081 0.0 17
1737428760425 0.0 18
1737428760766 0.0 19
1737428761116 0.0 20
1737428761452 0.0 21
1737428761788 0.0 22
1737428762124 0.0 23
1737428762484 0.0 24
1737428762831 0.0 25
1737428763181 0.0 26
1737428763523 0.0 27
1737428763866 0.0 28
1737428764203 0.0 29
1737428764540 0.0 30
1737428764908 0.0 31
1737428765280 0.0 32
1737428765628 0.0 33
1737428765973 0.0 34
1737428766309 0.0 35
1737428766646 0.0 36
1737428766993 0.0 37
1737428767332 0.0 38
1737428767672 0.0 39
1737428768019 0.0 40
1737428768360 0.0 41
1737428768698 0.0 42
1737428769037 0.0 43
1737428769375 0.0 44
1737428769719 0.0 45
1737428770053 0.0 46
1737428770391 0.0 47
1737428770741 0.0 48
1737428771091 0.0 49
1737428771430 0.0 50
1737428771772 0.0 51
1737428772112 0.0 52
1737428772449 0.0 53
1737428772788 0.0 54
1737428773124 0.0 55
1737428773464 0.0 56
1737428773802 0.0 57
1737428774141 0.0 58
1737428774477 0.0 59
1737428774814 0.0 60
1737428775159 0.0 61
1737428775498 0.0 62
1737428775856 0.0 63
1737428776222 0.0 64
1737428776582 0.0 65
1737428776940 0.0 66
1737428777317 0.0 67
1737428777674 0.0 68
1737428778032 0.0 69
1737428778401 0.0 70
1737428778760 0.0 71
1737428779118 0.0 72
1737428779484 0.0 73
1737428779843 0.0 74
1737428780215 0.0 75
1737428780564 0.0 76
1737428780918 0.0 77
1737428781296 0.0 78
1737428781650 0.0 79
1737428782000 0.0 80
1737428782357 0.0 81
1737428782708 0.0 82
1737428783081 0.0 83
1737428783428 0.0 84
1737428783798 0.0 85
1737428784151 0.0 86
1737428784511 0.0 87
1737428784859 0.0 88
1737428785210 0.0 89
1737428785562 0.0 90
1737428785918 0.0 91
1737428786283 0.0 92
1737428786633 0.0 93
1737428786996 0.0 94
1737428787360 0.0 95
1737428787711 0.0 96
1737428788069 0.0 97
1737428788422 0.0 98
1737428788774 0.0 99
1737428789126 0.0 100
1737428789488 0.0 101
1737428789872 0.0 102
1737428790222 0.0 103
1737428790578 0.0 104
1737428790928 0.0 105
1737428791278 0.0 106
1737428791638 0.0 107
1737428791987 0.0 108
1737428792343 0.0 109
1737428792706 0.0 110
1737428793058 0.0 111
1737428793407 0.04878048780487805 112
1737428793782 0.0 113
1737428794144 0.05405405405405406 114
1737428794524 0.0 115
1737428794888 0.10810810810810811 116
1737428795247 0.13333333333333333 117
1737428795599 0.06451612903225806 118
1737428795949 0.058823529411764705 119
1737428796298 0.07407407407407407 120
1737428796668 0.10810810810810811 121
1737428797028 0.0 122
1737428797397 0.046511627906976744 123
1737428797768 0.0 124
1737428798131 0.17857142857142858 125
1737428798479 0.16 126
1737428798842 0.36363636363636365 127
1737428799201 0.2413793103448276 128
1737428799554 0.4782608695652174 129
1737428799926 0.4421052631578947 130
1737428800300 0.4536082474226804 131
1737428800666 0.45871559633027525 132
1737428801038 0.5 133
1737428801404 0.43243243243243246 134
1737428801799 0.5289256198347108 135
1737428802168 0.4424778761061947 136
1737428802531 0.5178571428571429 137
1737428802867 0.4745762711864407 138
1737428803200 0.4864864864864865 139
1737428803538 0.47706422018348627 140
1737428803880 0.5689655172413793 141
1737428804213 0.44036697247706424 142
1737428804549 0.40404040404040403 143
1737428804891 0.3695652173913043 144
1737428805258 0.47619047619047616 145
1737428805612 0.49411764705882355 146
1737428805948 0.4050632911392405 147
1737428806281 0.37209302325581395 148
1737428806616 0.2898550724637681 149
1737428806949 0.39215686274509803 150
1737428807285 0.2222222222222222 151
1737428807620 0.10256410256410256 152
1737428807970 0.18518518518518517 153
1737428808320 0.15384615384615385 154
1737428808669 0.2222222222222222 155
1737428809003 0.09523809523809523 156
1737428809344 0.15384615384615385 157
1737428809676 0.10810810810810811 158
1737428810013 0.06060606060606061 159
1737428810352 0.09302325581395349 160
1737428810695 0.06060606060606061 161
1737428811039 0.1111111111111111 162
1737428811380 0.0975609756097561 163
1737428811727 0.16216216216216217 164
1737428812081 0.047619047619047616 165
1737428812413 0.15 166
1737428812749 0.06666666666666667 167
1737428813083 0.14285714285714285 168
1737428813432 0.15384615384615385 169
1737428813773 0.32 170
1737428814140 0.19047619047619047 171
1737428814483 0.23076923076923078 172
1737428814823 0.38596491228070173 173
1737428815159 0.23076923076923078 174
1737428815504 0.3050847457627119 175
1737428815849 0.25806451612903225 176
1737428816183 0.3548387096774194 177
1737428816529 0.26229508196721313 178
1737428816926 0.36065573770491804 179
1737428817272 0.3389830508474576 180
1737428817629 0.4 181
1737428817964 0.37735849056603776 182
1737428818311 0.28 183
1737428818652 0.25925925925925924 184
1737428818990 0.3018867924528302 185
1737428819340 0.33962264150943394 186
1737428819671 0.34146341463414637 187
1737428820005 0.2978723404255319 188
1737428820343 0.18181818181818182 189
1737428820678 0.14634146341463414 190
1737428821010 0.13636363636363635 191
1737428821344 0.11428571428571428 192
1737428821677 0.1509433962264151 193
1737428822011 0.1276595744680851 194
1737428822344 0.0625 195
1737428822678 0.06060606060606061 196
1737428823011 0.13636363636363635 197
1737428823344 0.15 198
1737428823677 0.30303030303030304 199
1737428824010 0.14814814814814814 200
1737428824344 0.05714285714285714 201
1737428824678 0.0 202
1737428825012 0.05555555555555555 203
1737428825346 0.0 204
1737428825681 0.06060606060606061 205
1737428826015 0.058823529411764705 206
1737428826350 0.0 207
1737428826682 0.07407407407407407 208
1737428827016 0.13793103448275862 209
1737428827350 0.0 210
1737428827683 0.0 211
1737428828024 0.0 212
1737428828385 0.05405405405405406 213
1737428828776 0.0 214
1737428829160 0.0 215
1737428829520 0.0 216
1737428829900 0.0 217
1737428830283 0.0 218
1737428830661 0.0 219
1737428831004 0.0 220
1737428831387 0.0 221
1737428831759 0.0 222
1737428832109 0.0 223
1737428832487 0.0 224
1737428832862 0.0 225
1737428833226 0.0 226
1737428833588 0.0 227
1737428833955 0.0 228
1737428834320 0.0 229
1737428834666 0.05405405405405406 230
1737428835018 0.0625 231
1737428835386 0.0 232
1737428835745 0.0 233
1737428836093 0.05405405405405406 234
1737428836452 0.0 235
1737428836817 0.1111111111111111 236
1737428837168 0.058823529411764705 237
1737428837533 0.2727272727272727 238
1737428837908 0.3018867924528302 239
1737428838286 0.23529411764705882 240
1737428838664 0.3125 241
1737428839038 0.47761194029850745 242
1737428839406 0.375 243
1737428839754 0.3103448275862069 244
1737428840089 0.39285714285714285 245
1737428840425 0.4745762711864407 246
1737428840760 0.23076923076923078 247
1737428841094 0.4 248
1737428841428 0.41379310344827586 249
1737428841763 0.3673469387755102 250
1737428842098 0.4666666666666667 251
1737428842431 0.24561403508771928 252
1737428842765 0.32727272727272727 253
1737428843101 0.3673469387755102 254
1737428843448 0.26666666666666666 255
1737428843799 0.07692307692307693 256
1737428844142 0.17391304347826086 257
1737428844483 0.22857142857142856 258
1737428844818 0.05 259
1737428845150 0.07407407407407407 260
1737428845500 0.0 261
1737428845844 0.0 262
1737428846196 0.0 263
1737428846530 0.0 264
1737428846865 0.0 265
1737428847198 0.07407407407407407 266
1737428847528 0.0 267
1737428847861 0.0 268
1737428848205 0.0 269
1737428848537 0.0 270
1737428848881 0.0 271
1737428849222 0.0 272
1737428849560 0.06666666666666667 273
1737428849893 0.06896551724137931 274
1737428850229 0.0 275
1737428850573 0.0 276
1737428850916 0.0 277
1737428851254 0.0 278
1737428851589 0.0625 279
1737428851927 0.0 280
1737428852259 0.0 281
1737428852592 0.0 282
1737428852926 0.0 283
1737428853262 0.0 284
1737428853603 0.0 285
1737428853943 0.0 286
1737428854278 0.0 287
1737428854612 0.0 288
1737428854942 0.0 289
1737428855280 0.0 290
1737428855624 0.0 291
1737428855970 0.0 292
1737428856309 0.0 293
1737428856640 0.0 294
1737428856978 0.0 295
1737428857321 0.0 296
1737428857662 0.0 297
1737428858009 0.05714285714285714 298
1737428858345 0.0 299
1737428858688 0.1111111111111111 300
1737428859026 0.07692307692307693 301
1737428859361 0.046511627906976744 302
1737428859696 0.06666666666666667 303
1737428860031 0.0 304
1737428860365 0.12121212121212122 305
1737428860699 0.06451612903225806 306
1737428861034 0.0 307
1737428861367 0.0 308
1737428861707 0.06451612903225806 309
1737428862047 0.0 310
1737428862387 0.05714285714285714 311
1737428862726 0.0 312
1737428863061 0.0 313
1737428863399 0.0 314
1737428863740 0.0 315
1737428864083 0.0 316
1737428864423 0.0 317
1737428864761 0.0 318
1737428865095 0.0 319
1737428865428 0.0 320
1737428865770 0.0 321
1737428866108 0.0 322
1737428866441 0.0 323
1737428866774 0.0 324
1737428867109 0.0 325
1737428867441 0.0 326
1737428867782 0.0 327
1737428868116 0.0 328
1737428868451 0.05405405405405406 329
1737428868782 0.0 330
1737428869116 0.0 331
1737428869453 0.0 332
1737428869785 0.0 333
1737428870123 0.0 334
1737428870459 0.0 335
1737428870792 0.0 336
1737428871125 0.0 337
1737428871463 0.0 338
1737428871797 0.0 339
1737428872129 0.06060606060606061 340
1737428872461 0.0 341
1737428872801 0.0 342
1737428873135 0.0 343
1737428873468 0.0 344
1737428873804 0.0 345
1737428874138 0.0 346
1737428874471 0.0 347
1737428874804 0.0 348
1737428875146 0.0 349
1737428875526 0.0 350
1737428875874 0.0 351
1737428876211 0.0 352
1737428876545 0.0 353
1737428876889 0.0 354
1737428877229 0.0 355
1737428877577 0.0 356
1737428877915 0.0 357
1737428878257 0.0 358
1737428878620 0.0 359
1737428878978 0.0 360
1737428879311 0.0 361
1737428879655 0.0 362
1737428879996 0.0 363
1737428880335 0.0 364
1737428880669 0.05 365
1737428881003 0.05128205128205128 366
1737428881337 0.08 367
1737428881670 0.07142857142857142 368
1737428882005 0.1111111111111111 369
1737428882337 0.17142857142857143 370
1737428882674 0.05555555555555555 371
1737428883017 0.0 372
1737428883354 0.06451612903225806 373
1737428883687 0.07142857142857142 374
1737428884027 0.07407407407407407 375
1737428884390 0.0 376
1737428884724 0.058823529411764705 377
1737428885059 0.0 378
1737428885395 0.0 379
1737428885732 0.0 380
1737428886076 0.0 381
1737428886410 0.0 382
1737428886741 0.0 383
1737428887074 0.0 384
1737428887408 0.0 385
1737428887741 0.0 386
1737428888082 0.0 387
1737428888420 0.0 388
1737428888753 0.0 389
1737428889089 0.06060606060606061 390
1737428889425 0.0 391
1737428889764 0.0 392
1737428890104 0.0 393
1737428890436 0.0 394
1737428890772 0.06451612903225806 395
1737428891107 0.05555555555555555 396
1737428891442 0.17391304347826086 397
1737428891782 0.0 398
1737428892126 0.0 399
1737428892471 0.0 400
1737428892816 0.0 401
1737428893147 0.0 402
1737428893478 0.0 403
1737428893811 0.05555555555555555 404
1737428894144 0.06666666666666667 405
1737428894477 0.0 406
1737428894813 0.0 407
1737428895153 0.06060606060606061 408
1737428895493 0.13333333333333333 409
1737428895832 0.125 410
1737428896171 0.0 411
1737428896511 0.0 412
1737428896844 0.0 413
1737428897178 0.07407407407407407 414
1737428897511 0.0 415
1737428897845 0.0 416
1737428898186 0.0 417
1737428898520 0.0 418
1737428898854 0.0 419
1737428899191 0.0 420
1737428899533 0.0 421
1737428899873 0.0 422
1737428900207 0.0 423
1737428900541 0.0 424
1737428900874 0.0 425
1737428901206 0.0 426
1737428901541 0.0 427
1737428901878 0.07142857142857142 428
1737428902219 0.12903225806451613 429
1737428902563 0.12903225806451613 430
1737428902906 0.13333333333333333 431
1737428903251 0.05128205128205128 432
1737428903586 0.11764705882352941 433
1737428903919 0.12121212121212122 434
1737428904250 0.0 435
1737428904587 0.0 436
1737428904920 0.06451612903225806 437
1737428905257 0.0625 438
1737428905591 0.0 439
1737428905926 0.0 440
1737428906265 0.0 441
