1737428754528 0.391304347826087 1
1737428754906 0.31521739130434784 2
1737428755263 0.41304347826086957 3
1737428755628 0.391304347826087 4
1737428755992 0.34782608695652173 5
1737428756327 0.31521739130434784 6
1737428756667 0.34782608695652173 7
1737428757003 0.3804347826086957 8
1737428757337 0.391304347826087 9
1737428757672 0.2826086956521739 10
1737428758034 0.41304347826086957 11
1737428758385 0.33695652173913043 12
1737428758723 0.42391304347826086 13
1737428759064 0.3804347826086957 14
1737428759409 0.391304347826087 15
1737428759750 0.22826086956521738 16
1737428760087 0.2608695652173913 17
1737428760431 0.3804347826086957 18
1737428760771 0.33695652173913043 19
1737428761121 0.40217391304347827 20
1737428761457 0.31521739130434784 21
1737428761793 0.30434782608695654 22
1737428762134 0.358695652173913 23
1737428762489 0.3804347826086957 24
1737428762836 0.34782608695652173 25
1737428763186 0.34782608695652173 26
1737428763529 0.358695652173913 27
1737428763871 0.41304347826086957 28
1737428764208 0.4782608695652174 29
1737428764545 0.2717391304347826 30
1737428764919 0.34782608695652173 31
1737428765285 0.33695652173913043 32
1737428765633 0.33695652173913043 33
1737428765977 0.31521739130434784 34
1737428766314 0.31521739130434784 35
1737428766652 0.33695652173913043 36
1737428766998 0.391304347826087 37
1737428767337 0.40217391304347827 38
1737428767676 0.2608695652173913 39
1737428768024 0.33695652173913043 40
1737428768365 0.358695652173913 41
1737428768704 0.40217391304347827 42
1737428769042 0.33695652173913043 43
1737428769380 0.391304347826087 44
1737428769723 0.41304347826086957 45
1737428770058 0.3695652173913043 46
1737428770396 0.31521739130434784 47
1737428770747 0.3804347826086957 48
1737428771096 0.30434782608695654 49
1737428771435 0.33695652173913043 50
1737428771778 0.34782608695652173 51
1737428772116 0.29347826086956524 52
1737428772454 0.31521739130434784 53
1737428772793 0.32608695652173914 54
1737428773129 0.3695652173913043 55
1737428773469 0.2826086956521739 56
1737428773808 0.3695652173913043 57
1737428774146 0.3695652173913043 58
1737428774482 0.25 59
1737428774820 0.40217391304347827 60
1737428775164 0.29347826086956524 61
1737428775503 0.40217391304347827 62
1737428775861 0.29347826086956524 63
1737428776228 0.3695652173913043 64
1737428776588 0.2717391304347826 65
1737428776947 0.30434782608695654 66
1737428777323 0.40217391304347827 67
1737428777679 0.31521739130434784 68
1737428778037 0.31521739130434784 69
1737428778406 0.33695652173913043 70
1737428778765 0.358695652173913 71
1737428779124 0.3695652173913043 72
1737428779488 0.2826086956521739 73
1737428779848 0.33695652173913043 74
1737428780219 0.44565217391304346 75
1737428780569 0.3695652173913043 76
1737428780923 0.30434782608695654 77
1737428781302 0.2717391304347826 78
1737428781655 0.358695652173913 79
1737428782005 0.2826086956521739 80
1737428782364 0.358695652173913 81
1737428782713 0.2826086956521739 82
1737428783086 0.30434782608695654 83
1737428783434 0.29347826086956524 84
1737428783803 0.3804347826086957 85
1737428784156 0.30434782608695654 86
1737428784516 0.43478260869565216 87
1737428784865 0.31521739130434784 88
1737428785215 0.30434782608695654 89
1737428785568 0.391304347826087 90
1737428785923 0.3695652173913043 91
1737428786288 0.30434782608695654 92
1737428786643 0.2826086956521739 93
1737428787001 0.29347826086956524 94
1737428787365 0.33695652173913043 95
1737428787716 0.31521739130434784 96
1737428788073 0.3695652173913043 97
1737428788428 0.3695652173913043 98
1737428788780 0.33695652173913043 99
1737428789130 0.3695652173913043 100
1737428789493 0.3695652173913043 101
1737428789877 0.3695652173913043 102
1737428790228 0.41304347826086957 103
1737428790583 0.33695652173913043 104
1737428790934 0.32967032967032966 105
1737428791283 0.33695652173913043 106
1737428791643 0.2826086956521739 107
1737428791993 0.23076923076923078 108
1737428792349 0.34782608695652173 109
1737428792711 0.34782608695652173 110
1737428793062 0.4065934065934066 111
1737428793412 0.38461538461538464 112
1737428793788 0.32967032967032966 113
1737428794149 0.33707865168539325 114
1737428794530 0.32967032967032966 115
1737428794893 0.3258426966292135 116
1737428795252 0.3977272727272727 117
1737428795605 0.2808988764044944 118
1737428795954 0.2840909090909091 119
1737428796304 0.38372093023255816 120
1737428796674 0.26436781609195403 121
1737428797034 0.34831460674157305 122
1737428797403 0.30337078651685395 123
1737428797776 0.23595505617977527 124
1737428798136 0.1951219512195122 125
1737428798485 0.32432432432432434 126
1737428798851 0.35135135135135137 127
1737428799206 0.30158730158730157 128
1737428799559 0.2894736842105263 129
1737428799932 0.3225806451612903 130
1737428800305 0.4166666666666667 131
1737428800673 0.25 132
1737428801043 0.2727272727272727 133
1737428801409 0.42857142857142855 134
1737428801807 0.25 135
1737428802173 0.75 136
1737428802539 0.5454545454545454 137
1737428802873 0.0 138
1737428803205 0.4444444444444444 139
1737428803544 0.3125 140
1737428803885 0.35714285714285715 141
1737428804219 0.09090909090909091 142
1737428804555 0.4 143
1737428804896 0.26666666666666666 144
1737428805263 0.35135135135135137 145
1737428805617 0.3684210526315789 146
1737428805953 0.3181818181818182 147
1737428806286 0.2608695652173913 148
1737428806621 0.3409090909090909 149
1737428806954 0.3548387096774194 150
1737428807291 0.2714285714285714 151
1737428807625 0.358974358974359 152
1737428807975 0.2857142857142857 153
1737428808324 0.3950617283950617 154
1737428808674 0.3055555555555556 155
1737428809008 0.35294117647058826 156
1737428809350 0.4268292682926829 157
1737428809681 0.26436781609195403 158
1737428810018 0.34831460674157305 159
1737428810357 0.2857142857142857 160
1737428810702 0.3448275862068966 161
1737428811044 0.2926829268292683 162
1737428811386 0.28735632183908044 163
1737428811732 0.27906976744186046 164
1737428812086 0.3258426966292135 165
1737428812417 0.32926829268292684 166
1737428812754 0.38823529411764707 167
1737428813088 0.27848101265822783 168
1737428813437 0.3023255813953488 169
1737428813778 0.2972972972972973 170
1737428814145 0.24675324675324675 171
1737428814488 0.3235294117647059 172
1737428814828 0.296875 173
1737428815164 0.42857142857142855 174
1737428815509 0.22058823529411764 175
1737428815854 0.2903225806451613 176
1737428816188 0.5 177
1737428816543 0.25 178
1737428816932 0.3387096774193548 179
1737428817278 0.4032258064516129 180
1737428817634 0.36666666666666664 181
1737428817970 0.3611111111111111 182
1737428818316 0.3287671232876712 183
1737428818657 0.25333333333333335 184
1737428818996 0.4264705882352941 185
1737428819345 0.3287671232876712 186
1737428819676 0.35526315789473684 187
1737428820010 0.375 188
1737428820348 0.38961038961038963 189
1737428820683 0.2857142857142857 190
1737428821015 0.3116883116883117 191
1737428821349 0.475 192
1737428821682 0.29577464788732394 193
1737428822016 0.30864197530864196 194
1737428822349 0.33707865168539325 195
1737428822682 0.34831460674157305 196
1737428823016 0.36363636363636365 197
1737428823349 0.3068181818181818 198
1737428823682 0.3333333333333333 199
1737428824015 0.47058823529411764 200
1737428824349 0.3218390804597701 201
1737428824683 0.2808988764044944 202
1737428825017 0.34444444444444444 203
1737428825351 0.34444444444444444 204
1737428825686 0.33707865168539325 205
1737428826020 0.38202247191011235 206
1737428826355 0.3333333333333333 207
1737428826687 0.38202247191011235 208
1737428827021 0.36666666666666664 209
1737428827356 0.34782608695652173 210
1737428827689 0.2717391304347826 211
1737428828029 0.40217391304347827 212
1737428828390 0.2857142857142857 213
1737428828782 0.25 214
1737428829165 0.34782608695652173 215
1737428829525 0.34782608695652173 216
1737428829905 0.2826086956521739 217
1737428830288 0.2391304347826087 218
1737428830666 0.45054945054945056 219
1737428831008 0.36666666666666664 220
1737428831392 0.3804347826086957 221
1737428831765 0.3626373626373626 222
1737428832114 0.3695652173913043 223
1737428832493 0.40217391304347827 224
1737428832867 0.2608695652173913 225
1737428833231 0.3076923076923077 226
1737428833594 0.391304347826087 227
1737428833959 0.30434782608695654 228
1737428834325 0.32608695652173914 229
1737428834671 0.37777777777777777 230
1737428835023 0.2857142857142857 231
1737428835391 0.32608695652173914 232
1737428835751 0.23076923076923078 233
1737428836099 0.32222222222222224 234
1737428836457 0.37777777777777777 235
1737428836822 0.3218390804597701 236
1737428837174 0.21686746987951808 237
1737428837539 0.2987012987012987 238
1737428837914 0.4492753623188406 239
1737428838292 0.3064516129032258 240
1737428838669 0.37777777777777777 241
1737428839043 0.425 242
1737428839411 0.30303030303030304 243
1737428839759 0.6176470588235294 244
1737428840094 0.5 245
1737428840430 0.3939393939393939 246
1737428840765 0.4642857142857143 247
1737428841099 0.5384615384615384 248
1737428841433 0.41379310344827586 249
1737428841768 0.4857142857142857 250
1737428842103 0.475 251
1737428842436 0.3888888888888889 252
1737428842770 0.4 253
1737428843106 0.43636363636363634 254
1737428843453 0.425531914893617 255
1737428843804 0.36 256
1737428844148 0.4074074074074074 257
1737428844488 0.8 258
1737428844823 0.5 259
1737428845155 0.7948717948717948 260
1737428845506 0.4791666666666667 261
1737428845850 0.5588235294117647 262
1737428846201 0.44155844155844154 263
1737428846535 0.35135135135135137 264
1737428846870 0.4788732394366197 265
1737428847203 0.5671641791044776 266
1737428847533 0.5 267
1737428847866 0.46551724137931033 268
1737428848210 0.4909090909090909 269
1737428848542 0.5283018867924528 270
1737428848886 0.48 271
1737428849227 0.5 272
1737428849566 0.6 273
1737428849899 0.6041666666666666 274
1737428850234 0.5555555555555556 275
1737428850579 0.41509433962264153 276
1737428850921 0.42857142857142855 277
1737428851258 0.48333333333333334 278
1737428851594 0.47058823529411764 279
1737428851932 0.4411764705882353 280
1737428852264 0.48936170212765956 281
1737428852598 0.6545454545454545 282
1737428852931 0.5434782608695652 283
1737428853267 0.49056603773584906 284
1737428853608 0.4444444444444444 285
1737428853947 0.6122448979591837 286
1737428854283 0.48936170212765956 287
1737428854617 0.4423076923076923 288
1737428854947 0.46511627906976744 289
1737428855285 0.5853658536585366 290
1737428855629 0.53125 291
1737428855974 0.4782608695652174 292
1737428856314 0.42857142857142855 293
1737428856645 0.6 294
1737428856983 0.59375 295
1737428857326 0.6744186046511628 296
1737428857667 0.5581395348837209 297
1737428858014 0.5384615384615384 298
1737428858350 0.5405405405405406 299
1737428858693 0.5686274509803921 300
1737428859031 0.6415094339622641 301
1737428859367 0.30357142857142855 302
1737428859702 0.5161290322580645 303
1737428860036 0.4696969696969697 304
1737428860370 0.5081967213114754 305
1737428860703 0.5 306
1737428861039 0.5714285714285714 307
1737428861372 0.4918032786885246 308
1737428861712 0.5151515151515151 309
1737428862052 0.4918032786885246 310
1737428862393 0.3918918918918919 311
1737428862731 0.46153846153846156 312
1737428863065 0.532258064516129 313
1737428863404 0.453125 314
1737428863745 0.4838709677419355 315
1737428864088 0.6078431372549019 316
1737428864428 0.5689655172413793 317
1737428864766 0.33962264150943394 318
1737428865100 0.4666666666666667 319
1737428865433 0.46153846153846156 320
1737428865774 0.5849056603773585 321
1737428866113 0.5227272727272727 322
1737428866445 0.48936170212765956 323
1737428866779 0.5 324
1737428867114 0.5128205128205128 325
1737428867446 0.575 326
1737428867787 0.6410256410256411 327
1737428868121 0.5 328
1737428868455 0.5555555555555556 329
1737428868787 0.6052631578947368 330
1737428869121 0.5 331
1737428869458 0.5 332
1737428869790 0.64 333
1737428870129 0.5128205128205128 334
1737428870464 0.3611111111111111 335
1737428870797 0.38 336
1737428871130 0.4791666666666667 337
1737428871468 0.4375 338
1737428871802 0.6122448979591837 339
1737428872134 0.4489795918367347 340
1737428872466 0.6170212765957447 341
1737428872807 0.4444444444444444 342
1737428873140 0.46153846153846156 343
1737428873472 0.5769230769230769 344
1737428873809 0.5 345
1737428874143 0.5510204081632653 346
1737428874476 0.5813953488372093 347
1737428874809 0.559322033898305 348
1737428875155 0.43137254901960786 349
1737428875531 0.4807692307692308 350
1737428875879 0.4727272727272727 351
1737428876217 0.35185185185185186 352
1737428876550 0.4576271186440678 353
1737428876895 0.5 354
1737428877234 0.5925925925925926 355
1737428877583 0.40384615384615385 356
1737428877920 0.5636363636363636 357
1737428878267 0.5 358
1737428878626 0.5806451612903226 359
1737428878982 0.3770491803278688 360
1737428879316 0.423728813559322 361
1737428879661 0.3508771929824561 362
1737428880001 0.3709677419354839 363
1737428880340 0.41935483870967744 364
1737428880674 0.3709677419354839 365
1737428881008 0.48214285714285715 366
1737428881342 0.6530612244897959 367
1737428881675 0.5555555555555556 368
1737428882009 0.4482758620689655 369
1737428882342 0.47368421052631576 370
1737428882679 0.48936170212765956 371
1737428883022 0.5087719298245614 372
1737428883359 0.5434782608695652 373
1737428883692 0.5370370370370371 374
1737428884032 0.5 375
1737428884395 0.5166666666666667 376
1737428884729 0.5 377
1737428885063 0.6153846153846154 378
1737428885400 0.4727272727272727 379
1737428885737 0.3958333333333333 380
1737428886081 0.5555555555555556 381
1737428886415 0.6190476190476191 382
1737428886747 0.5 383
1737428887079 0.5454545454545454 384
1737428887413 0.6 385
1737428887747 0.75 386
1737428888088 0.6666666666666666 387
1737428888426 0.5833333333333334 388
1737428888758 0.7 389
1737428889094 0.42857142857142855 390
1737428889430 0.5714285714285714 391
1737428889769 0.6428571428571429 392
1737428890109 0.5882352941176471 393
1737428890441 0.5263157894736842 394
1737428890777 0.5777777777777777 395
1737428891112 0.5306122448979592 396
1737428891447 0.43859649122807015 397
1737428891787 0.5192307692307693 398
1737428892131 0.4230769230769231 399
1737428892476 0.5961538461538461 400
1737428892822 0.3898305084745763 401
1737428893152 0.38461538461538464 402
1737428893484 0.5636363636363636 403
1737428893816 0.47540983606557374 404
1737428894149 0.543859649122807 405
1737428894483 0.5306122448979592 406
1737428894818 0.42592592592592593 407
1737428895158 0.46296296296296297 408
1737428895499 0.6136363636363636 409
1737428895836 0.525 410
1737428896176 0.4444444444444444 411
1737428896516 0.5185185185185185 412
1737428896848 0.6274509803921569 413
1737428897183 0.6530612244897959 414
1737428897517 0.5 415
1737428897851 0.5319148936170213 416
1737428898191 0.6097560975609756 417
1737428898525 0.40816326530612246 418
1737428898859 0.5853658536585366 419
1737428899196 0.4339622641509434 420
1737428899538 0.41025641025641024 421
1737428899878 0.4909090909090909 422
1737428900212 0.5 423
1737428900546 0.47368421052631576 424
1737428900879 0.5111111111111111 425
1737428901212 0.5714285714285714 426
1737428901546 0.5581395348837209 427
1737428901883 0.45714285714285713 428
1737428902225 0.5526315789473685 429
1737428902568 0.5769230769230769 430
1737428902911 0.5681818181818182 431
1737428903256 0.47058823529411764 432
1737428903591 0.4523809523809524 433
1737428903924 0.5283018867924528 434
1737428904255 0.5652173913043478 435
1737428904592 0.6666666666666666 436
1737428904925 0.5 437
1737428905262 0.6060606060606061 438
1737428905596 0.45614035087719296 439
1737428905930 0.5932203389830508 440
1737428906270 0.5094339622641509 441
