1737428754527 0.5625 1
1737428754904 0.4793388429752066 2
1737428755262 0.5846153846153846 3
1737428755627 0.5625 4
1737428755991 0.5161290322580645 5
1737428756327 0.4793388429752066 6
1737428756665 0.5161290322580645 7
1737428757002 0.5511811023622047 8
1737428757336 0.5625 9
1737428757670 0.4406779661016949 10
1737428758033 0.5846153846153846 11
1737428758384 0.5040650406504065 12
1737428758721 0.5954198473282443 13
1737428759063 0.5511811023622047 14
1737428759408 0.5625 15
1737428759748 0.37168141592920356 16
1737428760085 0.41379310344827586 17
1737428760430 0.5511811023622047 18
1737428760770 0.5040650406504065 19
1737428761120 0.5736434108527132 20
1737428761456 0.4793388429752066 21
1737428761791 0.4666666666666667 22
1737428762133 0.528 23
1737428762487 0.5511811023622047 24
1737428762835 0.5161290322580645 25
1737428763185 0.5161290322580645 26
1737428763527 0.528 27
1737428763870 0.5846153846153846 28
1737428764207 0.6470588235294118 29
1737428764543 0.42735042735042733 30
1737428764916 0.5161290322580645 31
1737428765284 0.5040650406504065 32
1737428765632 0.5040650406504065 33
1737428765976 0.4793388429752066 34
1737428766313 0.4793388429752066 35
1737428766650 0.5040650406504065 36
1737428766996 0.5625 37
1737428767336 0.5736434108527132 38
1737428767675 0.41379310344827586 39
1737428768023 0.5040650406504065 40
1737428768364 0.528 41
1737428768702 0.5736434108527132 42
1737428769041 0.5040650406504065 43
1737428769379 0.5625 44
1737428769722 0.5846153846153846 45
1737428770056 0.5396825396825397 46
1737428770395 0.4793388429752066 47
1737428770745 0.5511811023622047 48
1737428771095 0.4666666666666667 49
1737428771434 0.5040650406504065 50
1737428771777 0.5161290322580645 51
1737428772115 0.453781512605042 52
1737428772453 0.4793388429752066 53
1737428772791 0.4918032786885246 54
1737428773128 0.5396825396825397 55
1737428773468 0.4406779661016949 56
1737428773806 0.5396825396825397 57
1737428774145 0.5396825396825397 58
1737428774481 0.4 59
1737428774818 0.5736434108527132 60
1737428775163 0.453781512605042 61
1737428775501 0.5736434108527132 62
1737428775860 0.453781512605042 63
1737428776227 0.5396825396825397 64
1737428776586 0.42735042735042733 65
1737428776946 0.4666666666666667 66
1737428777321 0.5736434108527132 67
1737428777678 0.4793388429752066 68
1737428778036 0.4793388429752066 69
1737428778405 0.5040650406504065 70
1737428778764 0.528 71
1737428779123 0.5396825396825397 72
1737428779487 0.4406779661016949 73
1737428779846 0.5040650406504065 74
1737428780218 0.6165413533834586 75
1737428780568 0.5396825396825397 76
1737428780922 0.4666666666666667 77
1737428781301 0.42735042735042733 78
1737428781654 0.528 79
1737428782004 0.4406779661016949 80
1737428782362 0.528 81
1737428782712 0.4406779661016949 82
1737428783085 0.4666666666666667 83
1737428783432 0.453781512605042 84
1737428783801 0.5511811023622047 85
1737428784155 0.4666666666666667 86
1737428784515 0.6060606060606061 87
1737428784864 0.4793388429752066 88
1737428785214 0.4666666666666667 89
1737428785566 0.5625 90
1737428785921 0.5396825396825397 91
1737428786287 0.4666666666666667 92
1737428786640 0.4406779661016949 93
1737428786999 0.453781512605042 94
1737428787364 0.5040650406504065 95
1737428787715 0.4793388429752066 96
1737428788072 0.5396825396825397 97
1737428788426 0.5396825396825397 98
1737428788779 0.5040650406504065 99
1737428789129 0.5396825396825397 100
1737428789491 0.5396825396825397 101
1737428789876 0.5396825396825397 102
1737428790227 0.5846153846153846 103
1737428790582 0.5040650406504065 104
1737428790932 0.4918032786885246 105
1737428791282 0.5040650406504065 106
1737428791642 0.4406779661016949 107
1737428791991 0.375 108
1737428792346 0.5161290322580645 109
1737428792710 0.5161290322580645 110
1737428793061 0.5736434108527132 111
1737428793411 0.5555555555555556 112
1737428793786 0.4918032786885246 113
1737428794148 0.5042016806722689 114
1737428794528 0.49586776859504134 115
1737428794892 0.48739495798319327 116
1737428795251 0.56 117
1737428795603 0.43478260869565216 118
1737428795953 0.43478260869565216 119
1737428796303 0.5454545454545454 120
1737428796672 0.40707964601769914 121
1737428797032 0.512396694214876 122
1737428797401 0.46153846153846156 123
1737428797773 0.38181818181818183 124
1737428798135 0.32323232323232326 125
1737428798483 0.46153846153846156 126
1737428798849 0.5048543689320388 127
1737428799205 0.40425531914893614 128
1737428799558 0.30985915492957744 129
1737428799931 0.3508771929824561 130
1737428800304 0.32786885245901637 131
1737428800671 0.12244897959183673 132
1737428801042 0.14285714285714285 133
1737428801408 0.15789473684210525 134
1737428801805 0.08695652173913043 135
1737428802172 0.16666666666666666 136
1737428802536 0.25 137
1737428802871 0.0 138
1737428803204 0.18604651162790697 139
1737428803543 0.2222222222222222 140
1737428803883 0.2222222222222222 141
1737428804218 0.046511627906976744 142
1737428804553 0.23076923076923078 143
1737428804895 0.25 144
1737428805262 0.3561643835616438 145
1737428805615 0.4057971014492754 146
1737428805952 0.35443037974683544 147
1737428806285 0.3157894736842105 148
1737428806620 0.379746835443038 149
1737428806953 0.4782608695652174 150
1737428807289 0.4 151
1737428807624 0.49557522123893805 152
1737428807974 0.43137254901960786 153
1737428808323 0.5565217391304348 154
1737428808673 0.43564356435643564 155
1737428809007 0.5042016806722689 156
1737428809348 0.5982905982905983 157
1737428809680 0.4107142857142857 158
1737428810017 0.512396694214876 159
1737428810356 0.42857142857142855 160
1737428810701 0.5042016806722689 161
1737428811043 0.44036697247706424 162
1737428811384 0.43478260869565216 163
1737428811731 0.42857142857142855 164
1737428812085 0.48739495798319327 165
1737428812416 0.4864864864864865 166
1737428812753 0.55 167
1737428813087 0.41509433962264153 168
1737428813436 0.45614035087719296 169
1737428813777 0.43137254901960786 170
1737428814144 0.37254901960784315 171
1737428814487 0.43564356435643564 172
1737428814827 0.42696629213483145 173
1737428815163 0.5294117647058824 174
1737428815508 0.3409090909090909 175
1737428815852 0.3956043956043956 176
1737428816186 0.5555555555555556 177
1737428816539 0.3488372093023256 178
1737428816931 0.44680851063829785 179
1737428817276 0.5102040816326531 180
1737428817632 0.4583333333333333 181
1737428817968 0.49523809523809526 182
1737428818315 0.46601941747572817 183
1737428818656 0.3838383838383838 184
1737428818994 0.5523809523809524 185
1737428819344 0.46153846153846156 186
1737428819675 0.5 187
1737428820009 0.5142857142857142 188
1737428820347 0.5454545454545454 189
1737428820682 0.44036697247706424 190
1737428821014 0.4485981308411215 191
1737428821348 0.608 192
1737428821681 0.4158415841584158 193
1737428822015 0.45454545454545453 194
1737428822348 0.5 195
1737428822681 0.5166666666666667 196
1737428823015 0.5333333333333333 197
1737428823348 0.46956521739130436 198
1737428823680 0.49122807017543857 199
1737428824014 0.6201550387596899 200
1737428824348 0.4827586206896552 201
1737428824682 0.42735042735042733 202
1737428825016 0.5081967213114754 203
1737428825350 0.512396694214876 204
1737428825685 0.49586776859504134 205
1737428826019 0.5528455284552846 206
1737428826354 0.5 207
1737428826686 0.5483870967741935 208
1737428827020 0.5365853658536586 209
1737428827354 0.5161290322580645 210
1737428827687 0.42735042735042733 211
1737428828028 0.5736434108527132 212
1737428828389 0.4444444444444444 213
1737428828780 0.4 214
1737428829164 0.5161290322580645 215
1737428829524 0.5161290322580645 216
1737428829904 0.4406779661016949 217
1737428830287 0.38596491228070173 218
1737428830665 0.6165413533834586 219
1737428831008 0.532258064516129 220
1737428831391 0.5511811023622047 221
1737428831764 0.532258064516129 222
1737428832113 0.5396825396825397 223
1737428832491 0.5736434108527132 224
1737428832866 0.41379310344827586 225
1737428833230 0.4666666666666667 226
1737428833593 0.5625 227
1737428833958 0.4666666666666667 228
1737428834324 0.4918032786885246 229
1737428834670 0.544 230
1737428835021 0.4444444444444444 231
1737428835389 0.4918032786885246 232
1737428835749 0.37168141592920356 233
1737428836097 0.48333333333333334 234
1737428836456 0.5483870967741935 235
1737428836821 0.48695652173913045 236
1737428837173 0.33962264150943394 237
1737428837537 0.4423076923076923 238
1737428837912 0.5904761904761905 239
1737428838290 0.4 240
1737428838668 0.43037974683544306 241
1737428839042 0.4594594594594595 242
1737428839410 0.3389830508474576 243
1737428839757 0.5833333333333334 244
1737428840093 0.4090909090909091 245
1737428840429 0.45614035087719296 246
1737428840764 0.4482758620689655 247
1737428841097 0.5283018867924528 248
1737428841431 0.48 249
1737428841767 0.53125 250
1737428842101 0.5352112676056338 251
1737428842435 0.4307692307692308 252
1737428842769 0.375 253
1737428843105 0.5714285714285714 254
1737428843452 0.547945205479452 255
1737428843803 0.4675324675324675 256
1737428844147 0.43137254901960786 257
1737428844486 0.4 258
1737428844822 0.45161290322580644 259
1737428845154 0.775 260
1737428845504 0.5974025974025974 261
1737428845848 0.7102803738317757 262
1737428846200 0.6071428571428571 263
1737428846534 0.5098039215686274 264
1737428846868 0.6415094339622641 265
1737428847201 0.7169811320754716 266
1737428847532 0.64 267
1737428847865 0.5934065934065934 268
1737428848209 0.6352941176470588 269
1737428848541 0.6363636363636364 270
1737428848885 0.6153846153846154 271
1737428849226 0.6233766233766234 272
1737428849564 0.717391304347826 273
1737428849897 0.7073170731707317 274
1737428850233 0.6666666666666666 275
1737428850577 0.5641025641025641 276
1737428850919 0.5714285714285714 277
1737428851257 0.6444444444444445 278
1737428851593 0.6336633663366337 279
1737428851931 0.6122448979591837 280
1737428852263 0.6388888888888888 281
1737428852596 0.7346938775510204 282
1737428852930 0.6666666666666666 283
1737428853266 0.611764705882353 284
1737428853607 0.547945205479452 285
1737428853946 0.6818181818181818 286
1737428854282 0.6301369863013698 287
1737428854616 0.5974025974025974 288
1737428854946 0.5714285714285714 289
1737428855284 0.676056338028169 290
1737428855628 0.5573770491803278 291
1737428855973 0.4888888888888889 292
1737428856313 0.4838709677419355 293
1737428856644 0.6101694915254238 294
1737428856982 0.5846153846153846 295
1737428857325 0.7073170731707317 296
1737428857665 0.6233766233766234 297
1737428858013 0.6363636363636364 298
1737428858348 0.6153846153846154 299
1737428858692 0.6744186046511628 300
1737428859029 0.7311827956989247 301
1737428859365 0.43037974683544306 302
1737428859700 0.6666666666666666 303
1737428860035 0.6326530612244898 304
1737428860369 0.6326530612244898 305
1737428860702 0.6666666666666666 306
1737428861038 0.7128712871287128 307
1737428861371 0.6521739130434783 308
1737428861711 0.6601941747572816 309
1737428862050 0.6521739130434783 310
1737428862391 0.5631067961165048 311
1737428862730 0.6185567010309279 312
1737428863064 0.6875 313
1737428863403 0.6170212765957447 314
1737428863743 0.631578947368421 315
1737428864086 0.7209302325581395 316
1737428864426 0.717391304347826 317
1737428864765 0.47368421052631576 318
1737428865099 0.6021505376344086 319
1737428865432 0.5853658536585366 320
1737428865773 0.7045454545454546 321
1737428866111 0.6216216216216216 322
1737428866444 0.6133333333333333 323
1737428866778 0.5866666666666667 324
1737428867112 0.6153846153846154 325
1737428867445 0.6666666666666666 326
1737428867785 0.6666666666666666 327
1737428868120 0.5915492957746479 328
1737428868454 0.6578947368421053 329
1737428868785 0.6571428571428571 330
1737428869120 0.6097560975609756 331
1737428869456 0.6133333333333333 332
1737428869789 0.735632183908046 333
1737428870127 0.5970149253731343 334
1737428870462 0.4482758620689655 335
1737428870796 0.475 336
1737428871129 0.5822784810126582 337
1737428871467 0.5384615384615384 338
1737428871800 0.7058823529411765 339
1737428872133 0.5866666666666667 340
1737428872465 0.6744186046511628 341
1737428872805 0.5882352941176471 342
1737428873139 0.6 343
1737428873471 0.6896551724137931 344
1737428873807 0.6292134831460674 345
1737428874142 0.6666666666666666 346
1737428874475 0.7142857142857143 347
1737428874808 0.6875 348
1737428875154 0.5569620253164557 349
1737428875530 0.625 350
1737428875878 0.611764705882353 351
1737428876215 0.4810126582278481 352
1737428876549 0.574468085106383 353
1737428876893 0.6136363636363636 354
1737428877233 0.7191011235955056 355
1737428877582 0.5526315789473685 356
1737428877919 0.6966292134831461 357
1737428878265 0.6590909090909091 358
1737428878624 0.7128712871287128 359
1737428878981 0.5476190476190477 360
1737428879315 0.5813953488372093 361
1737428879659 0.4878048780487805 362
1737428880000 0.5168539325842697 363
1737428880339 0.5777777777777777 364
1737428880673 0.5348837209302325 365
1737428881007 0.6136363636363636 366
1737428881341 0.7619047619047619 367
1737428881674 0.7058823529411765 368
1737428882008 0.5977011494252874 369
1737428882340 0.6136363636363636 370
1737428882678 0.6216216216216216 371
1737428883021 0.6590909090909091 372
1737428883358 0.6493506493506493 373
1737428883690 0.6666666666666666 374
1737428884031 0.6233766233766234 375
1737428884394 0.6526315789473685 376
1737428884728 0.6428571428571429 377
1737428885062 0.735632183908046 378
1737428885399 0.6046511627906976 379
1737428885736 0.5066666666666667 380
1737428886080 0.6578947368421053 381
1737428886414 0.6842105263157895 382
1737428886745 0.6229508196721312 383
1737428887078 0.6233766233766234 384
1737428887412 0.6461538461538462 385
1737428887746 0.7397260273972602 386
1737428888086 0.7272727272727273 387
1737428888424 0.5 388
1737428888757 0.65625 389
1737428889093 0.42857142857142855 390
1737428889428 0.5423728813559322 391
1737428889767 0.6585365853658537 392
1737428890107 0.625 393
1737428890440 0.5633802816901409 394
1737428890776 0.7027027027027027 395
1737428891111 0.6265060240963856 396
1737428891446 0.5952380952380952 397
1737428891786 0.6206896551724138 398
1737428892130 0.5641025641025641 399
1737428892474 0.6888888888888889 400
1737428892820 0.5542168674698795 401
1737428893151 0.5405405405405406 402
1737428893483 0.6888888888888889 403
1737428893815 0.6170212765957447 404
1737428894148 0.6813186813186813 405
1737428894481 0.65 406
1737428894817 0.575 407
1737428895157 0.5617977528089888 408
1737428895497 0.6835443037974683 409
1737428895835 0.6176470588235294 410
1737428896175 0.5853658536585366 411
1737428896515 0.6511627906976745 412
1737428896847 0.735632183908046 413
1737428897182 0.7619047619047619 414
1737428897515 0.5945945945945946 415
1737428897849 0.6172839506172839 416
1737428898189 0.6578947368421053 417
1737428898524 0.5194805194805194 418
1737428898857 0.6486486486486487 419
1737428899194 0.5542168674698795 420
1737428899537 0.5245901639344263 421
1737428899877 0.6067415730337079 422
1737428900211 0.5925925925925926 423
1737428900545 0.5538461538461539 424
1737428900878 0.5897435897435898 425
1737428901210 0.6666666666666666 426
1737428901545 0.6233766233766234 427
1737428901881 0.5333333333333333 428
1737428902223 0.6363636363636364 429
1737428902567 0.6818181818181818 430
1737428902910 0.6944444444444444 431
1737428903254 0.631578947368421 432
1737428903590 0.5507246376811594 433
1737428903923 0.6511627906976745 434
1737428904254 0.6933333333333334 435
1737428904591 0.7755102040816326 436
1737428904924 0.6216216216216216 437
1737428905261 0.7407407407407407 438
1737428905595 0.611764705882353 439
1737428905929 0.7446808510638298 440
1737428906269 0.675 441
