1737428754517 0.0 1
1737428754896 0.0 2
1737428755253 0.0 3
1737428755618 0.0 4
1737428755982 0.0 5
1737428756319 0.0 6
1737428756656 0.0 7
1737428756993 0.0 8
1737428757329 0.0 9
1737428757663 0.0 10
1737428758025 0.0 11
1737428758375 0.0 12
1737428758714 0.0 13
1737428759054 0.0 14
1737428759399 0.0 15
1737428759740 0.0 16
1737428760077 0.0 17
1737428760421 0.0 18
1737428760761 0.0 19
1737428761113 0.0 20
1737428761448 0.0 21
1737428761784 0.0 22
1737428762120 0.0 23
1737428762480 0.0 24
1737428762827 0.0 25
1737428763176 0.0 26
1737428763519 0.0 27
1737428763861 0.0 28
1737428764199 0.0 29
1737428764535 0.0 30
1737428764899 0.0 31
1737428765276 0.0 32
1737428765625 0.0 33
1737428765968 0.0 34
1737428766306 0.0 35
1737428766643 0.0 36
1737428766989 0.0 37
1737428767328 0.0 38
1737428767668 0.0 39
1737428768015 0.0 40
1737428768356 0.0 41
1737428768695 0.0 42
1737428769034 0.0 43
1737428769371 0.0 44
1737428769714 0.0 45
1737428770049 0.0 46
1737428770387 0.0 47
1737428770733 0.0 48
1737428771086 0.0 49
1737428771426 0.0 50
1737428771767 0.0 51
1737428772108 0.0 52
1737428772446 0.0 53
1737428772783 0.0 54
1737428773120 0.0 55
1737428773459 0.0 56
1737428773798 0.0 57
1737428774137 0.0 58
1737428774473 0.0 59
1737428774810 0.0 60
1737428775154 0.0 61
1737428775493 0.0 62
1737428775852 0.0 63
1737428776213 0.0 64
1737428776578 0.0 65
1737428776936 0.0 66
1737428777312 0.0 67
1737428777670 0.0 68
1737428778028 0.0 69
1737428778397 0.0 70
1737428778754 0.0 71
1737428779112 0.0 72
1737428779480 0.0 73
1737428779839 0.0 74
1737428780210 0.0 75
1737428780560 0.0 76
1737428780913 0.0 77
1737428781292 0.0 78
1737428781645 0.0 79
1737428781996 0.0 80
1737428782353 0.0 81
1737428782705 0.0 82
1737428783077 0.0 83
1737428783425 0.0 84
1737428783793 0.0 85
1737428784146 0.0 86
1737428784507 0.0 87
1737428784856 0.0 88
1737428785206 0.0 89
1737428785556 0.0 90
1737428785914 0.0 91
1737428786279 0.0 92
1737428786626 0.0 93
1737428786992 0.0 94
1737428787355 0.0 95
1737428787707 0.0 96
1737428788064 0.0 97
1737428788418 0.0 98
1737428788770 0.0 99
1737428789121 0.0 100
1737428789484 0.0 101
1737428789868 0.0 102
1737428790218 0.0 103
1737428790575 0.0 104
1737428790924 0.0 105
1737428791274 0.0 106
1737428791634 0.0 107
1737428791983 0.0 108
1737428792339 0.0 109
1737428792702 0.0 110
1737428793054 0.0 111
1737428793403 0.0 112
1737428793778 0.0 113
1737428794140 0.0 114
1737428794520 0.0 115
1737428794884 0.0 116
1737428795243 0.0 117
1737428795594 0.0 118
1737428795944 0.0 119
1737428796295 0.0 120
1737428796663 0.0 121
1737428797023 0.0 122
1737428797392 0.0 123
1737428797763 0.0 124
1737428798127 0.0 125
1737428798475 0.0 126
1737428798837 0.0 127
1737428799196 0.0 128
1737428799550 0.0 129
1737428799922 0.0 130
1737428800295 0.0 131
1737428800662 0.0 132
1737428801033 0.0 133
1737428801398 0.0 134
1737428801795 0.0 135
1737428802164 0.0 136
1737428802527 0.0 137
1737428802863 0.0 138
1737428803196 0.0 139
1737428803534 0.0 140
1737428803876 0.0 141
1737428804210 0.0 142
1737428804545 0.0 143
1737428804887 0.0 144
1737428805254 0.0 145
1737428805608 0.0 146
1737428805944 0.0 147
1737428806277 0.0 148
1737428806612 0.0 149
1737428806945 0.0 150
1737428807281 0.0 151
1737428807615 0.0 152
1737428807966 0.0 153
1737428808316 0.0 154
1737428808665 0.0 155
1737428808999 0.0 156
1737428809340 0.0 157
1737428809672 0.0 158
1737428810009 0.0 159
1737428810348 0.0 160
1737428810691 0.0 161
1737428811035 0.0 162
1737428811376 0.0 163
1737428811723 0.0 164
1737428812077 0.0 165
1737428812409 0.0 166
1737428812746 0.0 167
1737428813079 0.0 168
1737428813428 0.0 169
1737428813769 0.0 170
1737428814136 0.0 171
1737428814479 0.0 172
1737428814818 0.0 173
1737428815155 0.0 174
1737428815500 0.0 175
1737428815845 0.0 176
1737428816179 0.0 177
1737428816520 0.0 178
1737428816922 0.0 179
1737428817268 0.0 180
1737428817623 0.0 181
1737428817961 0.0 182
1737428818306 0.0 183
1737428818648 0.0 184
1737428818986 0.0 185
1737428819336 0.0 186
1737428819668 0.05714285714285714 187
1737428820000 0.0 188
1737428820339 0.0 189
1737428820674 0.0 190
1737428821007 0.06060606060606061 191
1737428821340 0.0 192
1737428821673 0.0 193
1737428822006 0.07407407407407407 194
1737428822340 0.0 195
1737428822674 0.0 196
1737428823007 0.0 197
1737428823340 0.0 198
1737428823673 0.0 199
1737428824006 0.0 200
1737428824340 0.0 201
1737428824673 0.0 202
1737428825008 0.0 203
1737428825342 0.0 204
1737428825677 0.0 205
1737428826011 0.0 206
1737428826346 0.0 207
1737428826679 0.0 208
1737428827012 0.0 209
1737428827346 0.0 210
1737428827679 0.0 211
1737428828020 0.0 212
1737428828380 0.0 213
1737428828771 0.0 214
1737428829156 0.0 215
1737428829515 0.0 216
1737428829896 0.0 217
1737428830278 0.0 218
1737428830657 0.0 219
1737428830999 0.0 220
1737428831383 0.0 221
1737428831755 0.0 222
1737428832105 0.0 223
1737428832483 0.0 224
1737428832857 0.0 225
1737428833222 0.0 226
1737428833584 0.0 227
1737428833950 0.0 228
1737428834316 0.0 229
1737428834662 0.0 230
1737428835014 0.0 231
1737428835382 0.0 232
1737428835741 0.0 233
1737428836089 0.0 234
1737428836449 0.0 235
1737428836812 0.0 236
1737428837163 0.0 237
1737428837529 0.1111111111111111 238
1737428837904 0.15384615384615385 239
1737428838282 0.2631578947368421 240
1737428838660 0.43902439024390244 241
1737428839034 0.5581395348837209 242
1737428839402 0.6557377049180327 243
1737428839750 0.7037037037037037 244
1737428840085 0.8095238095238095 245
1737428840419 0.7352941176470589 246
1737428840755 0.6216216216216216 247
1737428841089 0.7441860465116279 248
1737428841424 0.8157894736842105 249
1737428841758 0.7605633802816901 250
1737428842094 0.7169811320754716 251
1737428842427 0.7096774193548387 252
1737428842761 0.7076923076923077 253
1737428843097 0.6274509803921569 254
1737428843443 0.8484848484848485 255
1737428843794 0.6545454545454545 256
1737428844138 0.6436781609195402 257
1737428844479 0.6422018348623854 258
1737428844814 0.5121951219512195 259
1737428845146 0.6493506493506493 260
1737428845495 0.7027027027027027 261
1737428845840 0.8163265306122449 262
1737428846192 0.5531914893617021 263
1737428846526 0.5833333333333334 264
1737428846861 0.7692307692307693 265
1737428847194 0.7843137254901961 266
1737428847525 0.6428571428571429 267
1737428847857 0.7301587301587301 268
1737428848201 0.75 269
1737428848533 0.8 270
1737428848877 0.7246376811594203 271
1737428849218 0.8051948051948052 272
1737428849556 0.7419354838709677 273
1737428849889 0.821917808219178 274
1737428850225 0.7096774193548387 275
1737428850569 0.7164179104477612 276
1737428850912 0.84375 277
1737428851250 0.8059701492537313 278
1737428851585 0.7058823529411765 279
1737428851923 0.782608695652174 280
1737428852255 0.8048780487804879 281
1737428852589 0.6774193548387096 282
1737428852922 0.810126582278481 283
1737428853258 0.7352941176470589 284
1737428853599 0.7368421052631579 285
1737428853939 0.8205128205128205 286
1737428854274 0.8888888888888888 287
1737428854608 0.7671232876712328 288
1737428854938 0.7906976744186046 289
1737428855276 0.7529411764705882 290
1737428855621 0.651685393258427 291
1737428855966 0.6538461538461539 292
1737428856304 0.6896551724137931 293
1737428856636 0.6739130434782609 294
1737428856974 0.7311827956989247 295
1737428857317 0.7105263157894737 296
1737428857658 0.6578947368421053 297
1737428858005 0.6987951807228916 298
1737428858341 0.7789473684210526 299
1737428858684 0.6774193548387096 300
1737428859021 0.7692307692307693 301
1737428859357 0.7741935483870968 302
1737428859692 0.8620689655172413 303
1737428860027 0.7368421052631579 304
1737428860361 0.6792452830188679 305
1737428860694 0.5833333333333334 306
1737428861030 0.7142857142857143 307
1737428861363 0.835820895522388 308
1737428861703 0.72 309
1737428862043 0.8524590163934426 310
1737428862384 0.5652173913043478 311
1737428862722 0.6785714285714286 312
1737428863056 0.8 313
1737428863395 0.7333333333333333 314
1737428863735 0.7096774193548387 315
1737428864078 0.8571428571428571 316
1737428864419 0.8529411764705882 317
1737428864757 0.7941176470588235 318
1737428865091 0.7719298245614035 319
1737428865424 0.7777777777777778 320
1737428865766 0.7692307692307693 321
1737428866104 0.813953488372093 322
1737428866437 0.7948717948717948 323
1737428866771 0.7435897435897436 324
1737428867105 0.675 325
1737428867437 0.7906976744186046 326
1737428867778 0.735632183908046 327
1737428868112 0.7341772151898734 328
1737428868447 0.647887323943662 329
1737428868778 0.7777777777777778 330
1737428869112 0.6268656716417911 331
1737428869449 0.8051948051948052 332
1737428869781 0.696969696969697 333
1737428870119 0.7956989247311828 334
1737428870455 0.7391304347826086 335
1737428870788 0.7222222222222222 336
1737428871120 0.7222222222222222 337
1737428871457 0.7123287671232876 338
1737428871793 0.746268656716418 339
1737428872126 0.7631578947368421 340
1737428872457 0.6857142857142857 341
1737428872797 0.896551724137931 342
1737428873131 0.7714285714285715 343
1737428873464 0.7428571428571429 344
1737428873800 0.7213114754098361 345
1737428874135 0.8051948051948052 346
1737428874467 0.8604651162790697 347
1737428874801 0.7272727272727273 348
1737428875140 0.8266666666666667 349
1737428875522 0.8169014084507042 350
1737428875870 0.8656716417910447 351
1737428876207 0.7142857142857143 352
1737428876541 0.68 353
1737428876884 0.7575757575757576 354
1737428877225 0.7605633802816901 355
1737428877573 0.7777777777777778 356
1737428877912 0.7428571428571429 357
1737428878249 0.8333333333333334 358
1737428878617 0.7796610169491526 359
1737428878973 0.8524590163934426 360
1737428879307 0.8285714285714286 361
1737428879651 0.7142857142857143 362
1737428879992 0.7352941176470589 363
1737428880331 0.7666666666666667 364
1737428880664 0.7931034482758621 365
1737428880999 0.7017543859649122 366
1737428881333 0.88 367
1737428881666 0.8169014084507042 368
1737428882000 0.819672131147541 369
1737428882333 0.7213114754098361 370
1737428882670 0.8108108108108109 371
1737428883013 0.90625 372
1737428883350 0.6842105263157895 373
1737428883683 0.7536231884057971 374
1737428884024 0.875 375
1737428884385 0.8387096774193549 376
1737428884720 0.7878787878787878 377
1737428885055 0.7536231884057971 378
1737428885391 0.7301587301587301 379
1737428885727 0.6756756756756757 380
1737428886072 0.7692307692307693 381
1737428886406 0.75 382
1737428886737 0.735632183908046 383
1737428887070 0.6923076923076923 384
1737428887404 0.7415730337078652 385
1737428887737 0.6976744186046512 386
1737428888079 0.6896551724137931 387
1737428888416 0.5625 388
1737428888749 0.6373626373626373 389
1737428889084 0.6736842105263158 390
1737428889421 0.6875 391
1737428889760 0.6111111111111112 392
1737428890100 0.7551020408163265 393
1737428890432 0.6172839506172839 394
1737428890768 0.8607594936708861 395
1737428891103 0.7076923076923077 396
1737428891438 0.8148148148148148 397
1737428891778 0.6129032258064516 398
1737428892122 0.7076923076923077 399
1737428892466 0.7647058823529411 400
1737428892812 0.7575757575757576 401
1737428893143 0.8157894736842105 402
1737428893474 0.7575757575757576 403
1737428893807 0.8148148148148148 404
1737428894140 0.7301587301587301 405
1737428894473 0.7671232876712328 406
1737428894809 0.8421052631578947 407
1737428895149 0.6774193548387096 408
1737428895489 0.7466666666666667 409
1737428895827 0.7142857142857143 410
1737428896167 0.8169014084507042 411
1737428896507 0.8059701492537313 412
1737428896840 0.8450704225352113 413
1737428897174 0.7945205479452054 414
1737428897507 0.6111111111111112 415
1737428897841 0.7671232876712328 416
1737428898182 0.7012987012987013 417
1737428898516 0.7837837837837838 418
1737428898849 0.6987951807228916 419
1737428899187 0.631578947368421 420
1737428899529 0.7865168539325843 421
1737428899869 0.6896551724137931 422
1737428900203 0.6857142857142857 423
1737428900537 0.7586206896551724 424
1737428900870 0.7123287671232876 425
1737428901202 0.725 426
1737428901537 0.7654320987654321 427
1737428901874 0.8125 428
1737428902215 0.7816091954022989 429
1737428902560 0.8 430
1737428902901 0.7804878048780488 431
1737428903247 0.782608695652174 432
1737428903582 0.8148148148148148 433
1737428903915 0.7692307692307693 434
1737428904246 0.8674698795180723 435
1737428904584 0.7868852459016393 436
1737428904917 0.759493670886076 437
1737428905253 0.8181818181818182 438
1737428905587 0.8235294117647058 439
1737428905921 0.8064516129032258 440
1737428906261 0.8108108108108109 441
