1737428754524 0.0 1
1737428754901 0.0 2
1737428755259 0.0 3
1737428755624 0.0 4
1737428755988 0.0 5
1737428756324 0.0 6
1737428756663 0.0 7
1737428756999 0.0 8
1737428757334 0.0 9
1737428757668 0.0 10
1737428758030 0.0 11
1737428758381 0.0 12
1737428758719 0.0 13
1737428759060 0.0 14
1737428759405 0.0 15
1737428759745 0.0 16
1737428760082 0.0 17
1737428760427 0.0 18
1737428760767 0.0 19
1737428761117 0.0 20
1737428761453 0.0 21
1737428761789 0.0 22
1737428762125 0.0 23
1737428762485 0.0 24
1737428762832 0.0 25
1737428763182 0.0 26
1737428763524 0.0 27
1737428763867 0.0 28
1737428764205 0.0 29
1737428764541 0.0 30
1737428764911 0.0 31
1737428765282 0.0 32
1737428765629 0.0 33
1737428765974 0.0 34
1737428766310 0.0 35
1737428766648 0.0 36
1737428766994 0.0 37
1737428767333 0.0 38
1737428767673 0.0 39
1737428768021 0.0 40
1737428768361 0.0 41
1737428768700 0.0 42
1737428769038 0.0 43
1737428769377 0.0 44
1737428769720 0.0 45
1737428770054 0.0 46
1737428770392 0.0 47
1737428770743 0.0 48
1737428771092 0.0 49
1737428771431 0.0 50
1737428771774 0.0 51
1737428772112 0.0 52
1737428772450 0.0 53
1737428772789 0.0 54
1737428773125 0.0 55
1737428773465 0.0 56
1737428773803 0.0 57
1737428774143 0.0 58
1737428774478 0.0 59
1737428774815 0.0 60
1737428775160 0.0 61
1737428775499 0.0 62
1737428775858 0.0 63
1737428776223 0.0 64
1737428776584 0.0 65
1737428776942 0.0 66
1737428777319 0.0 67
1737428777675 0.0 68
1737428778034 0.0 69
1737428778402 0.0 70
1737428778761 0.0 71
1737428779119 0.0 72
1737428779485 0.0 73
1737428779844 0.0 74
1737428780216 0.0 75
1737428780565 0.0 76
1737428780919 0.0 77
1737428781298 0.0 78
1737428781651 0.0 79
1737428782001 0.0 80
1737428782359 0.0 81
1737428782709 0.0 82
1737428783082 0.0 83
1737428783430 0.0 84
1737428783799 0.0 85
1737428784152 0.0 86
1737428784512 0.0 87
1737428784861 0.0 88
1737428785211 0.0 89
1737428785563 0.0 90
1737428785919 0.0 91
1737428786284 0.0 92
1737428786635 0.0 93
1737428786997 0.0 94
1737428787361 0.0 95
1737428787713 0.0 96
1737428788070 0.0 97
1737428788422 0.0 98
1737428788775 0.0 99
1737428789127 0.0 100
1737428789489 0.0 101
1737428789873 0.0 102
1737428790224 0.0 103
1737428790579 0.0 104
1737428790929 0.0 105
1737428791279 0.0 106
1737428791640 0.0 107
1737428791989 0.0 108
1737428792344 0.0 109
1737428792708 0.0 110
1737428793059 0.0 111
1737428793409 1.0 112
1737428793784 0.0 113
1737428794145 0.3333333333333333 114
1737428794526 0.0 115
1737428794890 0.6666666666666666 116
1737428795249 0.5 117
1737428795600 0.3333333333333333 118
1737428795950 0.25 119
1737428796300 0.16666666666666666 120
1737428796670 0.4 121
1737428797030 0.0 122
1737428797398 0.3333333333333333 123
1737428797769 0.0 124
1737428798132 0.5 125
1737428798481 0.2222222222222222 126
1737428798845 0.4444444444444444 127
1737428799203 0.2413793103448276 128
1737428799555 0.4074074074074074 129
1737428799928 0.3442622950819672 130
1737428800301 0.3235294117647059 131
1737428800668 0.3125 132
1737428801039 0.345679012345679 133
1737428801405 0.2823529411764706 134
1737428801800 0.38095238095238093 135
1737428802169 0.2840909090909091 136
1737428802533 0.35802469135802467 137
1737428802869 0.3146067415730337 138
1737428803201 0.3253012048192771 139
1737428803539 0.34210526315789475 140
1737428803881 0.4230769230769231 141
1737428804214 0.2962962962962963 142
1737428804551 0.2597402597402597 143
1737428804892 0.27419354838709675 144
1737428805259 0.36363636363636365 145
1737428805613 0.3888888888888889 146
1737428805949 0.3333333333333333 147
1737428806282 0.34782608695652173 148
1737428806617 0.20833333333333334 149
1737428806950 0.3333333333333333 150
1737428807287 0.3181818181818182 151
1737428807621 0.14285714285714285 152
1737428807972 0.3333333333333333 153
1737428808321 0.2727272727272727 154
1737428808670 0.25 155
1737428809004 0.2857142857142857 156
1737428809346 0.3 157
1737428809678 0.4 158
1737428810014 0.3333333333333333 159
1737428810353 0.25 160
1737428810696 0.2 161
1737428811040 0.2 162
1737428811381 0.4 163
1737428811728 0.5 164
1737428812082 0.3333333333333333 165
1737428812414 0.3 166
1737428812751 0.14285714285714285 167
1737428813084 0.23076923076923078 168
1737428813433 0.5 169
1737428813774 0.4444444444444444 170
1737428814141 0.26666666666666666 171
1737428814484 0.25 172
1737428814824 0.39285714285714285 173
1737428815160 0.20689655172413793 174
1737428815505 0.375 175
1737428815850 0.26666666666666666 176
1737428816184 0.2619047619047619 177
1737428816533 0.25 178
1737428816928 0.36666666666666664 179
1737428817274 0.3333333333333333 180
1737428817630 0.40625 181
1737428817966 0.5 182
1737428818312 0.3684210526315789 183
1737428818653 0.4117647058823529 184
1737428818992 0.34782608695652173 185
1737428819341 0.47368421052631576 186
1737428819673 0.4666666666666667 187
1737428820006 0.3684210526315789 188
1737428820344 0.26666666666666666 189
1737428820679 0.375 190
1737428821012 0.21428571428571427 191
1737428821345 0.16666666666666666 192
1737428821678 0.19047619047619047 193
1737428822012 0.3 194
1737428822345 0.3333333333333333 195
1737428822679 0.3333333333333333 196
1737428823012 0.75 197
1737428823345 1.0 198
1737428823678 0.625 199
1737428824011 0.2857142857142857 200
1737428824345 0.2 201
1737428824679 0.0 202
1737428825013 0.5 203
1737428825347 0.0 204
1737428825683 0.3333333333333333 205
1737428826016 0.3333333333333333 206
1737428826351 0.0 207
1737428826684 0.3333333333333333 208
1737428827017 1.0 209
1737428827351 0.0 210
1737428827684 0.0 211
1737428828025 0.0 212
1737428828386 1.0 213
1737428828778 0.0 214
1737428829161 0.0 215
1737428829521 0.0 216
1737428829901 0.0 217
1737428830284 0.0 218
1737428830662 0.0 219
1737428831004 0.0 220
1737428831388 0.0 221
1737428831761 0.0 222
1737428832111 0.0 223
1737428832488 0.0 224
1737428832863 0.0 225
1737428833228 0.0 226
1737428833590 0.0 227
1737428833956 0.0 228
1737428834321 0.0 229
1737428834667 0.5 230
1737428835019 1.0 231
1737428835387 0.0 232
1737428835747 0.0 233
1737428836095 0.5 234
1737428836453 0.0 235
1737428836818 0.4 236
1737428837169 0.1111111111111111 237
1737428837534 0.46153846153846156 238
1737428837909 0.38095238095238093 239
1737428838287 0.2727272727272727 240
1737428838665 0.30303030303030304 241
1737428839040 0.42105263157894735 242
1737428839407 0.35294117647058826 243
1737428839755 0.3103448275862069 244
1737428840090 0.4230769230769231 245
1737428840426 0.7 246
1737428840761 0.2857142857142857 247
1737428841095 0.5625 248
1737428841429 0.5454545454545454 249
1737428841764 0.47368421052631576 250
1737428842099 0.56 251
1737428842432 0.3684210526315789 252
1737428842766 0.4090909090909091 253
1737428843102 0.5 254
1737428843450 0.5454545454545454 255
1737428843800 0.2222222222222222 256
1737428844144 0.4444444444444444 257
1737428844484 0.5 258
1737428844819 0.3333333333333333 259
1737428845152 0.5 260
1737428845501 0.0 261
1737428845846 0.0 262
1737428846197 0.0 263
1737428846531 0.0 264
1737428846866 0.0 265
1737428847199 1.0 266
1737428847530 0.0 267
1737428847863 0.0 268
1737428848206 0.0 269
1737428848538 0.0 270
1737428848883 0.0 271
1737428849223 0.0 272
1737428849562 0.25 273
1737428849895 1.0 274
1737428850230 0.0 275
1737428850575 0.0 276
1737428850917 0.0 277
1737428851255 0.0 278
1737428851590 0.5 279
1737428851928 0.0 280
1737428852261 0.0 281
1737428852594 0.0 282
1737428852928 0.0 283
1737428853263 0.0 284
1737428853604 0.0 285
1737428853944 0.0 286
1737428854279 0.0 287
1737428854613 0.0 288
1737428854943 0.0 289
1737428855281 0.0 290
1737428855626 0.0 291
1737428855971 0.0 292
1737428856310 0.0 293
1737428856641 0.0 294
1737428856979 0.0 295
1737428857323 0.0 296
1737428857663 0.0 297
1737428858010 1.0 298
1737428858346 0.0 299
1737428858689 1.0 300
1737428859027 0.5 301
1737428859362 1.0 302
1737428859698 0.3333333333333333 303
1737428860033 0.0 304
1737428860366 0.4 305
1737428860700 0.5 306
1737428861035 0.0 307
1737428861368 0.0 308
1737428861708 1.0 309
1737428862048 0.0 310
1737428862389 1.0 311
1737428862727 0.0 312
1737428863062 0.0 313
1737428863400 0.0 314
1737428863741 0.0 315
1737428864084 0.0 316
1737428864424 0.0 317
1737428864762 0.0 318
1737428865096 0.0 319
1737428865430 0.0 320
1737428865771 0.0 321
1737428866109 0.0 322
1737428866442 0.0 323
1737428866776 0.0 324
1737428867110 0.0 325
1737428867442 0.0 326
1737428867783 0.0 327
1737428868117 0.0 328
1737428868452 1.0 329
1737428868783 0.0 330
1737428869118 0.0 331
1737428869454 0.0 332
1737428869787 0.0 333
1737428870125 0.0 334
1737428870460 0.0 335
1737428870793 0.0 336
1737428871126 0.0 337
1737428871465 0.0 338
1737428871798 0.0 339
1737428872131 1.0 340
1737428872463 0.0 341
1737428872803 0.0 342
1737428873136 0.0 343
1737428873469 0.0 344
1737428873805 0.0 345
1737428874140 0.0 346
1737428874472 0.0 347
1737428874806 0.0 348
1737428875149 0.0 349
1737428875528 0.0 350
1737428875875 0.0 351
1737428876213 0.0 352
1737428876546 0.0 353
1737428876890 0.0 354
1737428877230 0.0 355
1737428877579 0.0 356
1737428877917 0.0 357
1737428878259 0.0 358
1737428878622 0.0 359
1737428878979 0.0 360
1737428879313 0.0 361
1737428879657 0.0 362
1737428879997 0.0 363
1737428880336 0.0 364
1737428880670 1.0 365
1737428881004 0.3333333333333333 366
1737428881339 0.5 367
1737428881671 0.5 368
1737428882006 0.6666666666666666 369
1737428882338 0.75 370
1737428882675 0.3333333333333333 371
1737428883018 0.0 372
1737428883355 1.0 373
1737428883688 1.0 374
1737428884029 1.0 375
1737428884391 0.0 376
1737428884725 1.0 377
1737428885060 0.0 378
1737428885396 0.0 379
1737428885733 0.0 380
1737428886077 0.0 381
1737428886411 0.0 382
1737428886743 0.0 383
1737428887075 0.0 384
1737428887410 0.0 385
1737428887743 0.0 386
1737428888084 0.0 387
1737428888422 0.0 388
1737428888755 0.0 389
1737428889090 1.0 390
1737428889426 0.0 391
1737428889765 0.0 392
1737428890105 0.0 393
1737428890437 0.0 394
1737428890773 0.5 395
1737428891108 0.5 396
1737428891444 1.0 397
1737428891783 0.0 398
1737428892127 0.0 399
1737428892472 0.0 400
1737428892818 0.0 401
1737428893149 0.0 402
1737428893479 0.0 403
1737428893812 0.5 404
1737428894145 0.5 405
1737428894479 0.0 406
1737428894814 0.0 407
1737428895154 0.5 408
1737428895495 0.6666666666666666 409
1737428895833 0.6666666666666666 410
1737428896172 0.0 411
1737428896512 0.0 412
1737428896845 0.0 413
1737428897180 1.0 414
1737428897513 0.0 415
1737428897846 0.0 416
1737428898187 0.0 417
1737428898521 0.0 418
1737428898855 0.0 419
1737428899192 0.0 420
1737428899534 0.0 421
1737428899874 0.0 422
1737428900208 0.0 423
1737428900542 0.0 424
1737428900875 0.0 425
1737428901208 0.0 426
1737428901542 0.0 427
1737428901879 0.5 428
1737428902221 0.6666666666666666 429
1737428902565 0.6666666666666666 430
1737428902908 0.6666666666666666 431
1737428903252 1.0 432
1737428903587 1.0 433
1737428903921 1.0 434
1737428904252 0.0 435
1737428904589 0.0 436
1737428904922 0.5 437
1737428905259 1.0 438
1737428905593 0.0 439
1737428905927 0.0 440
1737428906266 0.0 441
