1737428754536 0.1304347813129425 1
1737428754913 0.10507246851921082 2
1737428755270 0.13768115639686584 3
1737428755635 0.1304347813129425 4
1737428755998 0.11594203114509583 5
1737428756334 0.10507246851921082 6
1737428756672 0.11594203114509583 7
1737428757009 0.12681159377098083 8
1737428757343 0.1304347813129425 9
1737428757679 0.09420289844274521 10
1737428758041 0.13768115639686584 11
1737428758391 0.11231884360313416 12
1737428758729 0.14130434393882751 13
1737428759071 0.12681159377098083 14
1737428759415 0.1304347813129425 15
1737428759756 0.07608696073293686 16
1737428760098 0.08695652335882187 17
1737428760438 0.12681159377098083 18
1737428760777 0.11231884360313416 19
1737428761128 0.13405796885490417 20
1737428761463 0.10507246851921082 21
1737428761799 0.10144927352666855 22
1737428762144 0.1195652186870575 23
1737428762495 0.12681159377098083 24
1737428762843 0.11594203114509583 25
1737428763192 0.11594203114509583 26
1737428763535 0.1195652186870575 27
1737428763878 0.13768115639686584 28
1737428764214 0.15942029654979706 29
1737428764550 0.09057971090078354 30
1737428764926 0.11594203114509583 31
1737428765292 0.11231884360313416 32
1737428765640 0.11231884360313416 33
1737428765983 0.10507246851921082 34
1737428766321 0.10507246851921082 35
1737428766659 0.11231884360313416 36
1737428767004 0.1304347813129425 37
1737428767343 0.13405796885490417 38
1737428767684 0.08695652335882187 39
1737428768030 0.11231884360313416 40
1737428768372 0.1195652186870575 41
1737428768710 0.13405796885490417 42
1737428769049 0.11231884360313416 43
1737428769387 0.1304347813129425 44
1737428769729 0.13768115639686584 45
1737428770065 0.12318840622901917 46
1737428770404 0.10507246851921082 47
1737428770759 0.12681159377098083 48
1737428771103 0.10144927352666855 49
1737428771442 0.11231884360313416 50
1737428771785 0.11594203114509583 51
1737428772123 0.09782608598470688 52
1737428772460 0.10507246851921082 53
1737428772798 0.10869565606117249 54
1737428773136 0.12318840622901917 55
1737428773476 0.09420289844274521 56
1737428773814 0.12318840622901917 57
1737428774153 0.12318840622901917 58
1737428774489 0.0833333358168602 59
1737428774826 0.13405796885490417 60
1737428775171 0.09782608598470688 61
1737428775509 0.13405796885490417 62
1737428775868 0.09782608598470688 63
1737428776236 0.12318840622901917 64
1737428776595 0.09057971090078354 65
1737428776956 0.10144927352666855 66
1737428777329 0.13405796885490417 67
1737428777686 0.10507246851921082 68
1737428778045 0.10507246851921082 69
1737428778413 0.11231884360313416 70
1737428778773 0.1195652186870575 71
1737428779131 0.12318840622901917 72
1737428779494 0.09420289844274521 73
1737428779855 0.11231884360313416 74
1737428780226 0.14855073392391205 75
1737428780575 0.12318840622901917 76
1737428780929 0.10144927352666855 77
1737428781309 0.09057971090078354 78
1737428781662 0.1195652186870575 79
1737428782011 0.09420289844274521 80
1737428782370 0.1195652186870575 81
1737428782720 0.09420289844274521 82
1737428783091 0.10144927352666855 83
1737428783440 0.09782608598470688 84
1737428783809 0.12681159377098083 85
1737428784163 0.10144927352666855 86
1737428784522 0.14492753148078918 87
1737428784872 0.10507246851921082 88
1737428785222 0.10144927352666855 89
1737428785574 0.1304347813129425 90
1737428785929 0.12318840622901917 91
1737428786294 0.10144927352666855 92
1737428786657 0.09420289844274521 93
1737428787008 0.09782608598470688 94
1737428787371 0.11231884360313416 95
1737428787724 0.10507246851921082 96
1737428788081 0.12318840622901917 97
1737428788434 0.12318840622901917 98
1737428788786 0.11231884360313416 99
1737428789137 0.12318840622901917 100
1737428789499 0.12318840622901917 101
1737428789883 0.12318840622901917 102
1737428790235 0.13768115639686584 103
1737428790590 0.11231884360313416 104
1737428790939 0.10989011079072952 105
1737428791290 0.11231884360313416 106
1737428791650 0.09420289844274521 107
1737428791998 0.07692307978868484 108
1737428792356 0.11594203114509583 109
1737428792718 0.11594203114509583 110
1737428793069 0.13553114235401154 111
1737428793419 0.4615384638309479 112
1737428793795 0.10989011079072952 113
1737428794156 0.22347067296504974 114
1737428794536 0.10989011079072952 115
1737428794900 0.3308364450931549 116
1737428795259 0.29924240708351135 117
1737428795612 0.20474405586719513 118
1737428795961 0.17803029716014862 119
1737428796311 0.18346254527568817 120
1737428796680 0.22145593166351318 121
1737428797041 0.11610487103462219 122
1737428797409 0.21223469078540802 123
1737428797785 0.07865168899297714 124
1737428798142 0.23170731961727142 125
1737428798491 0.182182177901268 126
1737428798857 0.26526525616645813 127
1737428799212 0.1809888631105423 128
1737428799566 0.23229368031024933 129
1737428799939 0.22228097915649414 130
1737428800312 0.24673204123973846 131
1737428800681 0.1875 132
1737428801049 0.20613543689250946 133
1737428801416 0.2369747906923294 134
1737428801815 0.2103174477815628 135
1737428802179 0.344696968793869 136
1737428802545 0.30115973949432373 137
1737428802879 0.10486891865730286 138
1737428803212 0.2565818727016449 139
1737428803550 0.21820175647735596 140
1737428803892 0.2600732743740082 141
1737428804225 0.12906846404075623 142
1737428804560 0.21991342306137085 143
1737428804903 0.18028675019741058 144
1737428805270 0.23832924664020538 145
1737428805623 0.25243663787841797 146
1737428805960 0.21717171370983124 147
1737428806292 0.2028985470533371 148
1737428806627 0.18308080732822418 149
1737428806961 0.2293906807899475 150
1737428807297 0.19653679430484772 151
1737428807632 0.16727717220783234 152
1737428807982 0.2063492089509964 153
1737428808330 0.22259633243083954 154
1737428808681 0.18518519401550293 155
1737428809018 0.21288515627384186 156
1737428809356 0.24227643013000488 157
1737428809688 0.22145593166351318 158
1737428810024 0.2272159904241562 159
1737428810364 0.178571417927742 160
1737428810709 0.18160919845104218 161
1737428811051 0.1642276495695114 162
1737428811392 0.22911877930164337 163
1737428811739 0.25968992710113525 164
1737428812092 0.2197253555059433 165
1737428812423 0.20975609123706818 166
1737428812761 0.17703081667423248 167
1737428813094 0.16975007951259613 168
1737428813444 0.26744186878204346 169
1737428813784 0.24724726378917694 170
1737428814152 0.17113997042179108 171
1737428814495 0.19117647409439087 172
1737428814834 0.2299107164144516 173
1737428815170 0.21182267367839813 174
1737428815515 0.1985294073820114 175
1737428815860 0.18566308915615082 176
1737428816194 0.2539682686328888 177
1737428816557 0.1666666716337204 178
1737428816940 0.23512546718120575 179
1737428817284 0.2455197125673294 180
1737428817640 0.2576389014720917 181
1737428817976 0.28703704476356506 182
1737428818324 0.23239605128765106 183
1737428818663 0.22169935703277588 184
1737428819002 0.25809887051582336 185
1737428819351 0.26748380064964294 186
1737428819683 0.6073099374771118 187
1737428820017 0.24780702590942383 188
1737428820354 0.21875901520252228 189
1737428820689 0.2202380895614624 190
1737428821022 0.5086579918861389 191
1737428821355 0.21388888359069824 192
1737428821688 0.16208361089229584 193
1737428822023 0.5362139344215393 194
1737428822356 0.22347067296504974 195
1737428822689 0.2272159904241562 196
1737428823023 0.3712121248245239 197
1737428823356 0.43560609221458435 198
1737428823688 0.3194444477558136 199
1737428824022 0.2521008551120758 200
1737428824356 0.17394636571407318 201
1737428824689 0.09363295882940292 202
1737428825023 0.28148147463798523 203
1737428825357 0.11481481790542603 204
1737428825692 0.22347067296504974 205
1737428826026 0.23845194280147552 206
1737428826362 0.1111111119389534 207
1737428826694 0.23845194280147552 208
1737428827028 0.4555555582046509 209
1737428827362 0.11594203114509583 210
1737428827695 0.09057971090078354 211
1737428828035 0.13405796885490417 212
1737428828400 0.4285714328289032 213
1737428828789 0.0833333358168602 214
1737428829171 0.11594203114509583 215
1737428829532 0.11594203114509583 216
1737428829911 0.09420289844274521 217
1737428830296 0.07971014827489853 218
1737428830672 0.15018315613269806 219
1737428831016 0.12222222238779068 220
1737428831399 0.12681159377098083 221
1737428831772 0.12087912112474442 222
1737428832121 0.12318840622901917 223
1737428832499 0.13405796885490417 224
1737428832874 0.08695652335882187 225
1737428833238 0.10256410390138626 226
1737428833603 0.1304347813129425 227
1737428833966 0.10144927352666855 228
1737428834332 0.10869565606117249 229
1737428834678 0.2925926148891449 230
1737428835030 0.4285714328289032 231
1737428835397 0.10869565606117249 232
1737428835757 0.07692307978868484 233
1737428836105 0.27407407760620117 234
1737428836464 0.1259259283542633 235
1737428836829 0.24061302840709686 236
1737428837181 0.10932619124650955 237
1737428837545 0.5867465734481812 238
1737428837921 0.6100758910179138 239
1737428838298 0.40139293670654297 240
1737428838676 0.4412217438220978 241
1737428839051 0.5677318572998047 242
1737428839418 0.48532381653785706 243
1737428839766 0.5277214050292969 244
1737428840101 0.5438033938407898 245
1737428840437 0.578321635723114 246
1737428840771 0.4282945692539215 247
1737428841105 0.5803205370903015 248
1737428841439 0.5717816948890686 249
1737428841774 0.5566416382789612 250
1737428842109 0.5795679092407227 251
1737428842442 0.4506348669528961 252
1737428842777 0.46136364340782166 253
1737428843113 0.5928229689598083 254
1737428843460 0.5981719493865967 255
1737428843811 0.3758922517299652 256
1737428844154 0.4506172835826874 257
1737428844495 0.5909910202026367 258
1737428844829 0.3925318717956543 259
1737428845162 0.5950226187705994 260
1737428845513 0.3566919267177582 261
1737428845856 0.46405228972435 262
1737428846208 0.4360750615596771 263
1737428846542 0.3763763904571533 264
1737428846876 0.49295774102211 265
1737428847209 0.8001658320426941 266
1737428847539 0.3809523582458496 267
1737428847872 0.38066259026527405 268
1737428848216 0.3798525631427765 269
1737428848549 0.40417084097862244 270
1737428848892 0.3584127128124237 271
1737428849234 0.4126984179019928 272
1737428849571 0.5156565308570862 273
1737428849905 0.7672803401947021 274
1737428850240 0.37816762924194336 275
1737428850585 0.34889110922813416 276
1737428850927 0.392857164144516 277
1737428851265 0.44236111640930176 278
1737428851600 0.596256673336029 279
1737428851938 0.40792837738990784 280
1737428852271 0.40756502747535706 281
1737428852604 0.40737101435661316 282
1737428852937 0.4130434989929199 283
1737428853273 0.3771972358226776 284
1737428853614 0.34672972559928894 285
1737428853954 0.45214366912841797 286
1737428854289 0.4297872483730316 287
1737428854623 0.3807692229747772 288
1737428854953 0.3863312900066376 289
1737428855292 0.40427228808403015 290
1737428855636 0.33819445967674255 291
1737428855982 0.32367148995399475 292
1737428856320 0.31829574704170227 293
1737428856651 0.36939892172813416 294
1737428856989 0.39000704884529114 295
1737428857332 0.4084796905517578 296
1737428857675 0.3596576154232025 297
1737428858020 0.6987178921699524 298
1737428858356 0.4044226109981537 299
1737428858699 0.7023630142211914 300
1737428859038 0.6057283282279968 301
1737428859373 0.663095235824585 302
1737428859708 0.5917961001396179 303
1737428860042 0.436565637588501 304
1737428860376 0.5335014462471008 305
1737428860710 0.5666666626930237 306
1737428861045 0.4373897612094879 307
1737428861378 0.4650096893310547 308
1737428861718 0.7450504899024963 309
1737428862058 0.45282331109046936 310
1737428862399 0.7188659310340881 311
1737428862738 0.39743590354919434 312
1737428863072 0.46630826592445374 313
1737428863411 0.4129464328289032 314
1737428863751 0.42319509387016296 315
1737428864094 0.4776144027709961 316
1737428864434 0.47396889328956604 317
1737428864772 0.343976765871048 318
1737428865106 0.3847222328186035 319
1737428865440 0.38717949390411377 320
1737428865780 0.41426682472229004 321
1737428866119 0.41729798913002014 322
1737428866452 0.39275017380714417 323
1737428866785 0.3680555820465088 324
1737428867120 0.3407514989376068 325
1737428867453 0.4096153676509857 326
1737428867793 0.41880345344543457 327
1737428868128 0.35999998450279236 328
1737428868461 0.6851851940155029 329
1737428868793 0.4178037643432617 330
1737428869127 0.3333333432674408 331
1737428869464 0.3913043439388275 332
1737428869797 0.39587298035621643 333
1737428870135 0.4036445617675781 334
1737428870470 0.32275131344795227 335
1737428870804 0.33301588892936707 336
1737428871136 0.3566919267177582 337
1737428871474 0.3428030014038086 338
1737428871808 0.402494341135025 339
1737428872141 0.7131519317626953 340
1737428872474 0.38345155119895935 341
1737428872813 0.4247438907623291 342
1737428873147 0.3788461685180664 343
1737428873479 0.4089743196964264 344
1737428873815 0.37037038803100586 345
1737428874150 0.42398354411125183 346
1737428874482 0.4507428705692291 347
1737428874816 0.3884608745574951 348
1737428875167 0.3958233594894409 349
1737428875538 0.4019230902194977 350
1737428875886 0.4188370406627655 351
1737428876223 0.3365821838378906 352
1737428876556 0.32425954937934875 353
1737428876901 0.38596490025520325 354
1737428877240 0.43437299132347107 355
1737428877590 0.3679486811161041 356
1737428877927 0.42861953377723694 357
1737428878279 0.4191919267177582 358
1737428878638 0.45791617035865784 359
1737428878988 0.40525293350219727 360
1737428879323 0.43417224287986755 361
1737428879667 0.3550542891025543 362
1737428880007 0.4110122621059418 363
1737428880347 0.4041527509689331 364
1737428880680 0.7213570475578308 365
1737428881014 0.47384563088417053 366
1737428881349 0.6526463627815247 367
1737428881681 0.6203703880310059 368
1737428882016 0.640464723110199 369
1737428882348 0.6444538831710815 370
1737428882685 0.5123269557952881 371
1737428883028 0.453904390335083 372
1737428883365 0.707085371017456 373
1737428883698 0.7465799450874329 374
1737428884040 0.7713177800178528 375
1737428884402 0.44305554032325745 376
1737428884735 0.7342342734336853 377
1737428885070 0.4217948913574219 378
1737428885406 0.37053871154785156 379
1737428885743 0.3257428705692291 380
1737428886088 0.3979511260986328 381
1737428886421 0.41043081879615784 382
1737428886753 0.3679245412349701 383
1737428887085 0.3693181574344635 384
1737428887420 0.39642858505249023 385
1737428887754 0.4285714328289032 386
1737428888094 0.4007936418056488 387
1737428888432 0.32679736614227295 388
1737428888764 0.3892472982406616 389
1737428889101 0.6455026268959045 390
1737428889436 0.365079402923584 391
1737428889775 0.36095237731933594 392
1737428890115 0.41245269775390625 393
1737428890448 0.3297595977783203 394
1737428890784 0.6111111640930176 395
1737428891119 0.530529260635376 396
1737428891454 0.7160913348197937 397
1737428891793 0.3354700803756714 398
1737428892138 0.337606817483902 399
1737428892482 0.4153846204280853 400
1737428892828 0.4172998368740082 401
1737428893158 0.38653847575187683 402
1737428893490 0.4193602502346039 403
1737428893822 0.5780102014541626 404
1737428894155 0.5802764892578125 405
1737428894489 0.40451303124427795 406
1737428894824 0.43026360869407654 407
1737428895164 0.5154320597648621 408
1737428895505 0.6341751217842102 409
1737428895842 0.6013038754463196 410
1737428896182 0.4025341272354126 411
1737428896522 0.4096815884113312 412
1737428896855 0.4530527591705322 413
1737428897189 0.7811791300773621 414
1737428897523 0.3194444477558136 415
1737428897858 0.3894261419773102 416
1737428898197 0.38692548871040344 417
1737428898531 0.3608606159687042 418
1737428898865 0.38845527172088623 419
1737428899202 0.3025488257408142 420
1737428899544 0.3611111342906952 421
1737428899884 0.34381651878356934 422
1737428900218 0.3484848439693451 423
1737428900552 0.3615984618663788 424
1737428900886 0.35877618193626404 425
1737428901218 0.38380953669548035 426
1737428901552 0.39693084359169006 427
1737428901889 0.5554112792015076 428
1737428902231 0.628654956817627 429
1737428902575 0.6487641334533691 430
1737428902917 0.6486532092094421 431
1737428903262 0.7151960730552673 432
1737428903597 0.7132936120033264 433
1737428903930 0.7346591949462891 434
1737428904261 0.44927534461021423 435
1737428904599 0.45079365372657776 436
1737428904932 0.560606062412262 437
1737428905269 0.7753536105155945 438
1737428905603 0.41871345043182373 439
1737428905936 0.4665573537349701 440
1737428906276 0.44758906960487366 441
