1737428754538 0.3333333432674408 1
1737428754914 0.3333333432674408 2
1737428755271 0.3333333432674408 3
1737428755636 0.3333333432674408 4
1737428755999 0.3333333432674408 5
1737428756335 0.3333333432674408 6
1737428756674 0.3333333432674408 7
1737428757010 0.3333333432674408 8
1737428757345 0.3333333432674408 9
1737428757680 0.3333333432674408 10
1737428758043 0.3333333432674408 11
1737428758392 0.3333333432674408 12
1737428758730 0.3333333432674408 13
1737428759073 0.3333333432674408 14
1737428759416 0.3333333432674408 15
1737428759758 0.3333333432674408 16
1737428760099 0.3333333432674408 17
1737428760439 0.3333333432674408 18
1737428760779 0.3333333432674408 19
1737428761130 0.3333333432674408 20
1737428761465 0.3333333432674408 21
1737428761800 0.3333333432674408 22
1737428762150 0.3333333432674408 23
1737428762497 0.3333333432674408 24
1737428762844 0.3333333432674408 25
1737428763193 0.3333333432674408 26
1737428763537 0.3333333432674408 27
1737428763879 0.3333333432674408 28
1737428764216 0.3333333432674408 29
1737428764552 0.3333333432674408 30
1737428764927 0.3333333432674408 31
1737428765293 0.3333333432674408 32
1737428765642 0.3333333432674408 33
1737428765985 0.3333333432674408 34
1737428766322 0.3333333432674408 35
1737428766660 0.3333333432674408 36
1737428767005 0.3333333432674408 37
1737428767345 0.3333333432674408 38
1737428767685 0.3333333432674408 39
1737428768031 0.3333333432674408 40
1737428768373 0.3333333432674408 41
1737428768712 0.3333333432674408 42
1737428769050 0.3333333432674408 43
1737428769388 0.3333333432674408 44
1737428769731 0.3333333432674408 45
1737428770066 0.3333333432674408 46
1737428770405 0.3333333432674408 47
1737428770762 0.3333333432674408 48
1737428771104 0.3333333432674408 49
1737428771444 0.3333333432674408 50
1737428771786 0.3333333432674408 51
1737428772124 0.3333333432674408 52
1737428772461 0.3333333432674408 53
1737428772800 0.3333333432674408 54
1737428773137 0.3333333432674408 55
1737428773476 0.3333333432674408 56
1737428773815 0.3333333432674408 57
1737428774154 0.3333333432674408 58
1737428774490 0.3333333432674408 59
1737428774827 0.3333333432674408 60
1737428775174 0.3333333432674408 61
1737428775510 0.3333333432674408 62
1737428775869 0.3333333432674408 63
1737428776238 0.3333333432674408 64
1737428776596 0.3333333432674408 65
1737428776957 0.3333333432674408 66
1737428777330 0.3333333432674408 67
1737428777688 0.3333333432674408 68
1737428778048 0.3333333432674408 69
1737428778415 0.3333333432674408 70
1737428778774 0.3333333432674408 71
1737428779132 0.3333333432674408 72
1737428779496 0.3333333432674408 73
1737428779856 0.3333333432674408 74
1737428780227 0.3333333432674408 75
1737428780576 0.3333333432674408 76
1737428780931 0.3333333432674408 77
1737428781311 0.3333333432674408 78
1737428781663 0.3333333432674408 79
1737428782012 0.3333333432674408 80
1737428782372 0.3333333432674408 81
1737428782722 0.3333333432674408 82
1737428783093 0.3333333432674408 83
1737428783442 0.3333333432674408 84
1737428783810 0.3333333432674408 85
1737428784164 0.3333333432674408 86
1737428784524 0.3333333432674408 87
1737428784873 0.3333333432674408 88
1737428785223 0.3333333432674408 89
1737428785575 0.3333333432674408 90
1737428785931 0.3333333432674408 91
1737428786297 0.3333333432674408 92
1737428786659 0.3333333432674408 93
1737428787009 0.3333333432674408 94
1737428787373 0.3333333432674408 95
1737428787725 0.3333333432674408 96
1737428788082 0.3333333432674408 97
1737428788435 0.3333333432674408 98
1737428788788 0.3333333432674408 99
1737428789139 0.3333333432674408 100
1737428789501 0.3333333432674408 101
1737428789885 0.3333333432674408 102
1737428790236 0.3333333432674408 103
1737428790591 0.3333333432674408 104
1737428790941 0.32258063554763794 105
1737428791292 0.3333333432674408 106
1737428791651 0.3333333432674408 107
1737428792000 0.3333333432674408 108
1737428792357 0.3333333432674408 109
1737428792720 0.3333333432674408 110
1737428793071 0.32456138730049133 111
1737428793420 0.34166666865348816 112
1737428793796 0.32258063554763794 113
1737428794158 0.343137264251709 114
1737428794537 0.3333333432674408 115
1737428794902 0.3418300449848175 116
1737428795260 0.34095633029937744 117
1737428795613 0.3324175775051117 118
1737428795962 0.31975308060646057 119
1737428796312 0.3301587402820587 120
1737428796682 0.3157051205635071 121
1737428797043 0.3229166567325592 122
1737428797410 0.32976189255714417 123
1737428797787 0.3333333432674408 124
1737428798143 0.3499573767185211 125
1737428798492 0.3083333373069763 126
1737428798859 0.4014146625995636 127
1737428799214 0.28476086258888245 128
1737428799567 0.3040935695171356 129
1737428799941 0.3340874910354614 130
1737428800314 0.34296366572380066 131
1737428800684 0.3143833577632904 132
1737428801051 0.3333333432674408 133
1737428801418 0.3399503529071808 134
1737428801817 0.3058321475982666 135
1737428802181 0.3645833432674408 136
1737428802547 0.365882009267807 137
1737428802880 0.3218390643596649 138
1737428803213 0.36064425110816956 139
1737428803551 0.32009753584861755 140
1737428803893 0.34323713183403015 141
1737428804227 0.2961309552192688 142
1737428804562 0.35708436369895935 143
1737428804904 0.2673202455043793 144
1737428805271 0.35025539994239807 145
1737428805624 0.37634408473968506 146
1737428805961 0.3053763210773468 147
1737428806293 0.2666666805744171 148
1737428806628 0.30158731341362 149
1737428806962 0.40317460894584656 150
1737428807298 0.3102439045906067 151
1737428807633 0.2933333218097687 152
1737428807984 0.33606839179992676 153
1737428808332 0.3494397699832916 154
1737428808682 0.31954023241996765 155
1737428809021 0.3131652772426605 156
1737428809357 0.36781609058380127 157
1737428809689 0.32750001549720764 158
1737428810026 0.3340277671813965 159
1737428810365 0.3047619163990021 160
1737428810710 0.3244047462940216 161
1737428811052 0.32193732261657715 162
1737428811394 0.3161375820636749 163
1737428811740 0.3399503529071808 164
1737428812094 0.33076921105384827 165
1737428812425 0.34367814660072327 166
1737428812762 0.328778475522995 167
1737428813096 0.3060877025127411 168
1737428813445 0.3398268222808838 169
1737428813785 0.3452380895614624 170
1737428814153 0.30271604657173157 171
1737428814496 0.2936508059501648 172
1737428814835 0.3797701299190521 173
1737428815171 0.3177257478237152 174
1737428815516 0.33571431040763855 175
1737428815862 0.2902298867702484 176
1737428816195 0.3916666507720947 177
1737428816560 0.28426170349121094 178
1737428816942 0.3370295763015747 179
1737428817285 0.34642401337623596 180
1737428817641 0.3350168466567993 181
1737428817977 0.3636363744735718 182
1737428818325 0.34193548560142517 183
1737428818665 0.3269519507884979 184
1737428819003 0.35015013813972473 185
1737428819352 0.34629979729652405 186
1737428819684 0.38079750537872314 187
1737428820018 0.35606059432029724 188
1737428820355 0.34900733828544617 189
1737428820691 0.3503030240535736 190
1737428821023 0.31041666865348816 191
1737428821356 0.3104669749736786 192
1737428821689 0.2750000059604645 193
1737428822024 0.3272038400173187 194
1737428822357 0.33407488465309143 195
1737428822690 0.3444444239139557 196
1737428823024 0.3583333492279053 197
1737428823357 0.36036035418510437 198
1737428823690 0.3777777850627899 199
1737428824023 0.33636364340782166 200
1737428824357 0.3329502046108246 201
1737428824690 0.2976190447807312 202
1737428825024 0.3327206075191498 203
1737428825358 0.3333333432674408 204
1737428825694 0.3236111104488373 205
1737428826027 0.34408602118492126 206
1737428826363 0.3333333432674408 207
1737428826695 0.33769842982292175 208
1737428827029 0.3580246865749359 209
1737428827363 0.3333333432674408 210
1737428827697 0.3333333432674408 211
1737428828036 0.3333333432674408 212
1737428828401 0.34259259700775146 213
1737428828790 0.3333333432674408 214
1737428829172 0.3333333432674408 215
1737428829533 0.3333333432674408 216
1737428829913 0.3333333432674408 217
1737428830298 0.3333333432674408 218
1737428830674 0.3253968060016632 219
1737428831016 0.3235293924808502 220
1737428831400 0.3333333432674408 221
1737428831773 0.3333333432674408 222
1737428832122 0.3333333432674408 223
1737428832500 0.3333333432674408 224
1737428832875 0.3333333432674408 225
1737428833239 0.3218390643596649 226
1737428833605 0.3333333432674408 227
1737428833967 0.3333333432674408 228
1737428834334 0.3333333432674408 229
1737428834679 0.3333333432674408 230
1737428835031 0.34408602118492126 231
1737428835399 0.3333333432674408 232
1737428835759 0.3181818127632141 233
1737428836107 0.33174601197242737 234
1737428836465 0.3333333432674408 235
1737428836830 0.35483869910240173 236
1737428837182 0.2742029130458832 237
1737428837547 0.36807456612586975 238
1737428837922 0.39814814925193787 239
1737428838300 0.31644025444984436 240
1737428838677 0.38530465960502625 241
1737428839052 0.4885057508945465 242
1737428839419 0.44672366976737976 243
1737428839768 0.5409920811653137 244
1737428840102 0.5524216294288635 245
1737428840438 0.5875700116157532 246
1737428840773 0.4562723934650421 247
1737428841106 0.5725840926170349 248
1737428841440 0.5968254208564758 249
1737428841776 0.5681295990943909 250
1737428842110 0.5812241435050964 251
1737428842444 0.5156564116477966 252
1737428842778 0.5152228474617004 253
1737428843114 0.5393028855323792 254
1737428843462 0.6069004535675049 255
1737428843812 0.5104534029960632 256
1737428844155 0.48988911509513855 257
1737428844496 0.47160494327545166 258
1737428844831 0.4795972406864166 259
1737428845163 0.5858786702156067 260
1737428845515 0.5532566905021667 261
1737428845857 0.5914530158042908 262
1737428846209 0.45922622084617615 263
1737428846543 0.46507933735847473 264
1737428846877 0.5321428775787354 265
1737428847210 0.5845203995704651 266
1737428847541 0.5105820298194885 267
1737428847873 0.5370950698852539 268
1737428848218 0.5962963104248047 269
1737428848550 0.5876543521881104 270
1737428848894 0.5943562388420105 271
1737428849235 0.5711001753807068 272
1737428849573 0.5744855999946594 273
1737428849906 0.6295518279075623 274
1737428850241 0.5833333134651184 275
1737428850587 0.5691954493522644 276
1737428850928 0.6071428656578064 277
1737428851266 0.579365074634552 278
1737428851601 0.5412399768829346 279
1737428851940 0.5942029356956482 280
1737428852272 0.6039639711380005 281
1737428852605 0.5590697526931763 282
1737428852939 0.6105886101722717 283
1737428853275 0.5581896305084229 284
1737428853616 0.5599343180656433 285
1737428853957 0.5611721873283386 286
1737428854291 0.6282051205635071 287
1737428854625 0.5894949436187744 288
1737428854955 0.5532198548316956 289
1737428855293 0.5803921818733215 290
1737428855637 0.5287356376647949 291
1737428855982 0.49047622084617615 292
1737428856321 0.5185185074806213 293
1737428856652 0.540229856967926 294
1737428856990 0.5252525210380554 295
1737428857334 0.5811966061592102 296
1737428857677 0.5329131484031677 297
1737428858021 0.5808911323547363 298
1737428858358 0.5464286208152771 299
1737428858700 0.6001461148262024 300
1737428859039 0.5948413014411926 301
1737428859374 0.5506096482276917 302
1737428859709 0.5948883891105652 303
1737428860044 0.5416666865348816 304
1737428860378 0.5253110527992249 305
1737428860711 0.5114942193031311 306
1737428861047 0.5456745624542236 307
1737428861380 0.5818398594856262 308
1737428861719 0.5574174523353577 309
1737428862059 0.6021504998207092 310
1737428862400 0.49256253242492676 311
1737428862739 0.5236111283302307 312
1737428863073 0.5711484551429749 313
1737428863412 0.5513889193534851 314
1737428863752 0.51871657371521 315
1737428864095 0.5925354361534119 316
1737428864435 0.6078431010246277 317
1737428864774 0.5712143778800964 318
1737428865107 0.5761616230010986 319
1737428865441 0.5583333373069763 320
1737428865781 0.6038801074028015 321
1737428866121 0.5625731348991394 322
1737428866453 0.5869408249855042 323
1737428866787 0.5587813258171082 324
1737428867122 0.5897436141967773 325
1737428867454 0.5977011322975159 326
1737428867794 0.5362433791160583 327
1737428868129 0.5747126340866089 328
1737428868463 0.5847431421279907 329
1737428868794 0.5636574029922485 330
1737428869129 0.5404166579246521 331
1737428869465 0.5977011322975159 332
1737428869799 0.6077327132225037 333
1737428870137 0.5464286208152771 334
1737428870471 0.5117844939231873 335
1737428870805 0.5 336
1737428871137 0.5568356513977051 337
1737428871476 0.5321838855743408 338
1737428871810 0.6111111044883728 339
1737428872142 0.576781690120697 340
1737428872475 0.5678632259368896 341
1737428872814 0.6148550510406494 342
1737428873148 0.5857142806053162 343
1737428873480 0.5746031403541565 344
1737428873817 0.5761616230010986 345
1737428874151 0.5851715207099915 346
1737428874484 0.6332033276557922 347
1737428874817 0.6003276109695435 348
1737428875170 0.5658263564109802 349
1737428875539 0.6094470024108887 350
1737428875887 0.6111111044883728 351
1737428876224 0.5137500166893005 352
1737428876557 0.5904762148857117 353
1737428876903 0.5623249411582947 354
1737428877242 0.5774891972541809 355
1737428877591 0.5833333134651184 356
1737428877928 0.5588235259056091 357
1737428878281 0.6308642029762268 358
1737428878640 0.5632478594779968 359
1737428878990 0.6222222447395325 360
1737428879324 0.5699031949043274 361
1737428879668 0.5047619342803955 362
1737428880008 0.49762582778930664 363
1737428880348 0.5568356513977051 364
1737428880681 0.5923592448234558 365
1737428881015 0.5682870745658875 366
1737428881350 0.642784059047699 367
1737428881682 0.611591637134552 368
1737428882017 0.5968303680419922 369
1737428882349 0.5670251250267029 370
1737428882686 0.6065516471862793 371
1737428883029 0.634050190448761 372
1737428883366 0.5594982504844666 373
1737428883699 0.5761082768440247 374
1737428884042 0.6039978861808777 375
1737428884403 0.5841270089149475 376
1737428884737 0.6089515686035156 377
1737428885071 0.60361248254776 378
1737428885407 0.5635204911231995 379
1737428885745 0.5033851265907288 380
1737428886089 0.5913978219032288 381
1737428886423 0.5774826407432556 382
1737428886754 0.5890877842903137 383
1737428887087 0.5424242615699768 384
1737428887421 0.5666666626930237 385
1737428887755 0.5765765309333801 386
1737428888095 0.5892472863197327 387
1737428888433 0.4672619104385376 388
1737428888765 0.5392156839370728 389
1737428889102 0.486607164144516 390
1737428889437 0.5053763389587402 391
1737428889776 0.5583333373069763 392
1737428890116 0.5230352282524109 393
1737428890449 0.5106621384620667 394
1737428890785 0.6436781287193298 395
1737428891120 0.5841503143310547 396
1737428891455 0.6592285633087158 397
1737428891794 0.532505214214325 398
1737428892139 0.5769230723381042 399
1737428892483 0.5814536213874817 400
1737428892829 0.5446696877479553 401
1737428893160 0.5900673270225525 402
1737428893491 0.5730158686637878 403
1737428893823 0.5960665345191956 404
1737428894156 0.5713818669319153 405
1737428894491 0.5712365508079529 406
1737428894826 0.5683760643005371 407
1737428895165 0.5180786848068237 408
1737428895506 0.5929453372955322 409
1737428895844 0.5587027668952942 410
1737428896183 0.5786435604095459 411
1737428896524 0.602011501789093 412
1737428896856 0.6296296119689941 413
1737428897191 0.6294103860855103 414
1737428897524 0.550000011920929 415
1737428897859 0.5669371485710144 416
1737428898198 0.5595238208770752 417
1737428898532 0.5499231815338135 418
1737428898867 0.5353535413742065 419
1737428899203 0.5713450312614441 420
1737428899546 0.5577395558357239 421
1737428899885 0.5821661949157715 422
1737428900219 0.5501165390014648 423
1737428900553 0.5555555820465088 424
1737428900887 0.5533108711242676 425
1737428901220 0.5888888835906982 426
1737428901553 0.5582107901573181 427
1737428901890 0.5432270169258118 428
1737428902232 0.5886242985725403 429
1737428902576 0.6111111044883728 430
1737428902919 0.6105987429618835 431
1737428903264 0.6391167640686035 432
1737428903598 0.5887345671653748 433
1737428903932 0.6019527316093445 434
1737428904263 0.6231749057769775 435
1737428904600 0.6166353821754456 436
1737428904933 0.5710180401802063 437
1737428905270 0.6440024971961975 438
1737428905604 0.5923520922660828 439
1737428905938 0.6021504998207092 440
1737428906278 0.596491277217865 441
