1737428754533 0.391304347826087 1
1737428754910 0.31521739130434784 2
1737428755268 0.41304347826086957 3
1737428755632 0.391304347826087 4
1737428755996 0.34782608695652173 5
1737428756331 0.31521739130434784 6
1737428756670 0.34782608695652173 7
1737428757007 0.3804347826086957 8
1737428757341 0.391304347826087 9
1737428757676 0.2826086956521739 10
1737428758039 0.41304347826086957 11
1737428758389 0.33695652173913043 12
1737428758726 0.42391304347826086 13
1737428759069 0.3804347826086957 14
1737428759413 0.391304347826087 15
1737428759754 0.22826086956521738 16
1737428760094 0.2608695652173913 17
1737428760435 0.3804347826086957 18
1737428760775 0.33695652173913043 19
1737428761125 0.40217391304347827 20
1737428761461 0.31521739130434784 21
1737428761797 0.30434782608695654 22
1737428762140 0.358695652173913 23
1737428762493 0.3804347826086957 24
1737428762840 0.34782608695652173 25
1737428763189 0.34782608695652173 26
1737428763533 0.358695652173913 27
1737428763875 0.41304347826086957 28
1737428764212 0.4782608695652174 29
1737428764548 0.2717391304347826 30
1737428764924 0.34782608695652173 31
1737428765290 0.33695652173913043 32
1737428765637 0.33695652173913043 33
1737428765981 0.31521739130434784 34
1737428766318 0.31521739130434784 35
1737428766656 0.33695652173913043 36
1737428767002 0.391304347826087 37
1737428767341 0.40217391304347827 38
1737428767681 0.2608695652173913 39
1737428768028 0.33695652173913043 40
1737428768369 0.358695652173913 41
1737428768708 0.40217391304347827 42
1737428769046 0.33695652173913043 43
1737428769384 0.391304347826087 44
1737428769727 0.41304347826086957 45
1737428770062 0.3695652173913043 46
1737428770401 0.31521739130434784 47
1737428770755 0.3804347826086957 48
1737428771100 0.30434782608695654 49
1737428771440 0.33695652173913043 50
1737428771782 0.34782608695652173 51
1737428772121 0.29347826086956524 52
1737428772457 0.31521739130434784 53
1737428772796 0.32608695652173914 54
1737428773133 0.3695652173913043 55
1737428773473 0.2826086956521739 56
1737428773812 0.3695652173913043 57
1737428774150 0.3695652173913043 58
1737428774486 0.25 59
1737428774824 0.40217391304347827 60
1737428775168 0.29347826086956524 61
1737428775507 0.40217391304347827 62
1737428775865 0.29347826086956524 63
1737428776232 0.3695652173913043 64
1737428776592 0.2717391304347826 65
1737428776953 0.30434782608695654 66
1737428777327 0.40217391304347827 67
1737428777683 0.31521739130434784 68
1737428778042 0.31521739130434784 69
1737428778410 0.33695652173913043 70
1737428778770 0.358695652173913 71
1737428779128 0.3695652173913043 72
1737428779492 0.2826086956521739 73
1737428779852 0.33695652173913043 74
1737428780223 0.44565217391304346 75
1737428780573 0.3695652173913043 76
1737428780927 0.30434782608695654 77
1737428781306 0.2717391304347826 78
1737428781659 0.358695652173913 79
1737428782008 0.2826086956521739 80
1737428782368 0.358695652173913 81
1737428782718 0.2826086956521739 82
1737428783089 0.30434782608695654 83
1737428783438 0.29347826086956524 84
1737428783807 0.3804347826086957 85
1737428784160 0.30434782608695654 86
1737428784520 0.43478260869565216 87
1737428784869 0.31521739130434784 88
1737428785220 0.30434782608695654 89
1737428785571 0.391304347826087 90
1737428785927 0.3695652173913043 91
1737428786293 0.30434782608695654 92
1737428786651 0.2826086956521739 93
1737428787005 0.29347826086956524 94
1737428787368 0.33695652173913043 95
1737428787720 0.31521739130434784 96
1737428788078 0.3695652173913043 97
1737428788431 0.3695652173913043 98
1737428788784 0.33695652173913043 99
1737428789134 0.3695652173913043 100
1737428789496 0.3695652173913043 101
1737428789880 0.3695652173913043 102
1737428790232 0.41304347826086957 103
1737428790588 0.33695652173913043 104
1737428790937 0.32608695652173914 105
1737428791287 0.33695652173913043 106
1737428791647 0.2826086956521739 107
1737428791996 0.22826086956521738 108
1737428792353 0.34782608695652173 109
1737428792716 0.34782608695652173 110
1737428793066 0.40217391304347827 111
1737428793416 0.391304347826087 112
1737428793793 0.32608695652173914 113
1737428794153 0.33695652173913043 114
1737428794533 0.32608695652173914 115
1737428794898 0.33695652173913043 116
1737428795257 0.40217391304347827 117
1737428795609 0.2826086956521739 118
1737428795958 0.2826086956521739 119
1737428796308 0.3695652173913043 120
1737428796678 0.2717391304347826 121
1737428797038 0.33695652173913043 122
1737428797406 0.30434782608695654 123
1737428797780 0.22826086956521738 124
1737428798139 0.22826086956521738 125
1737428798488 0.30434782608695654 126
1737428798854 0.3695652173913043 127
1737428799210 0.2826086956521739 128
1737428799563 0.358695652173913 129
1737428799937 0.33695652173913043 130
1737428800310 0.34782608695652173 131
1737428800679 0.30434782608695654 132
1737428801047 0.33695652173913043 133
1737428801413 0.29347826086956524 134
1737428801813 0.3695652173913043 135
1737428802177 0.30434782608695654 136
1737428802543 0.3804347826086957 137
1737428802876 0.30434782608695654 138
1737428803209 0.33695652173913043 139
1737428803548 0.33695652173913043 140
1737428803888 0.41304347826086957 141
1737428804223 0.2717391304347826 142
1737428804558 0.2826086956521739 143
1737428804900 0.2717391304347826 144
1737428805267 0.358695652173913 145
1737428805620 0.3804347826086957 146
1737428805957 0.32608695652173914 147
1737428806290 0.30434782608695654 148
1737428806624 0.2717391304347826 149
1737428806958 0.34782608695652173 150
1737428807294 0.2826086956521739 151
1737428807629 0.32608695652173914 152
1737428807979 0.29347826086956524 153
1737428808328 0.3804347826086957 154
1737428808678 0.29347826086956524 155
1737428809014 0.34782608695652173 156
1737428809354 0.41304347826086957 157
1737428809685 0.2717391304347826 158
1737428810022 0.34782608695652173 159
1737428810361 0.2826086956521739 160
1737428810706 0.33695652173913043 161
1737428811048 0.2826086956521739 162
1737428811390 0.29347826086956524 163
1737428811736 0.29347826086956524 164
1737428812090 0.32608695652173914 165
1737428812421 0.32608695652173914 166
1737428812758 0.3695652173913043 167
1737428813092 0.2717391304347826 168
1737428813441 0.31521739130434784 169
1737428813781 0.32608695652173914 170
1737428814149 0.25 171
1737428814492 0.30434782608695654 172
1737428814832 0.32608695652173914 173
1737428815167 0.358695652173913 174
1737428815512 0.2608695652173913 175
1737428815858 0.2826086956521739 176
1737428816191 0.391304347826087 177
1737428816551 0.25 178
1737428816937 0.34782608695652173 179
1737428817281 0.3804347826086957 180
1737428817637 0.3804347826086957 181
1737428817973 0.391304347826087 182
1737428818321 0.33695652173913043 183
1737428818661 0.2826086956521739 184
1737428818999 0.40217391304347827 185
1737428819349 0.358695652173913 186
1737428819680 0.3804347826086957 187
1737428820014 0.3695652173913043 188
1737428820352 0.3695652173913043 189
1737428820686 0.29347826086956524 190
1737428821019 0.30434782608695654 191
1737428821353 0.43478260869565216 192
1737428821686 0.2717391304347826 193
1737428822020 0.31521739130434784 194
1737428822353 0.33695652173913043 195
1737428822686 0.34782608695652173 196
1737428823020 0.3804347826086957 197
1737428823353 0.32608695652173914 198
1737428823686 0.358695652173913 199
1737428824019 0.45652173913043476 200
1737428824353 0.31521739130434784 201
1737428824687 0.2717391304347826 202
1737428825021 0.34782608695652173 203
1737428825354 0.33695652173913043 204
1737428825690 0.33695652173913043 205
1737428826024 0.3804347826086957 206
1737428826359 0.32608695652173914 207
1737428826692 0.3804347826086957 208
1737428827025 0.3804347826086957 209
1737428827359 0.34782608695652173 210
1737428827693 0.2717391304347826 211
1737428828032 0.40217391304347827 212
1737428828397 0.29347826086956524 213
1737428828786 0.25 214
1737428829169 0.34782608695652173 215
1737428829529 0.34782608695652173 216
1737428829909 0.2826086956521739 217
1737428830293 0.2391304347826087 218
1737428830670 0.44565217391304346 219
1737428831012 0.358695652173913 220
1737428831396 0.3804347826086957 221
1737428831769 0.358695652173913 222
1737428832118 0.3695652173913043 223
1737428832496 0.40217391304347827 224
1737428832871 0.2608695652173913 225
1737428833235 0.30434782608695654 226
1737428833600 0.391304347826087 227
1737428833963 0.30434782608695654 228
1737428834329 0.32608695652173914 229
1737428834675 0.3804347826086957 230
1737428835027 0.29347826086956524 231
1737428835395 0.32608695652173914 232
1737428835755 0.22826086956521738 233
1737428836103 0.32608695652173914 234
1737428836461 0.3695652173913043 235
1737428836826 0.32608695652173914 236
1737428837177 0.20652173913043478 237
1737428837543 0.33695652173913043 238
1737428837918 0.44565217391304346 239
1737428838296 0.32608695652173914 240
1737428838673 0.391304347826087 241
1737428839048 0.4891304347826087 242
1737428839416 0.45652173913043476 243
1737428839763 0.532608695652174 244
1737428840098 0.5869565217391305 245
1737428840434 0.5652173913043478 246
1737428840769 0.45652173913043476 247
1737428841102 0.5978260869565217 248
1737428841436 0.5978260869565217 249
1737428841772 0.5760869565217391 250
1737428842107 0.5652173913043478 251
1737428842440 0.4673913043478261 252
1737428842774 0.4782608695652174 253
1737428843110 0.532608695652174 254
1737428843458 0.5869565217391305 255
1737428843808 0.41304347826086957 256
1737428844151 0.4673913043478261 257
1737428844492 0.5108695652173914 258
1737428844827 0.391304347826087 259
1737428845159 0.6195652173913043 260
1737428845510 0.532608695652174 261
1737428845853 0.6304347826086957 262
1737428846205 0.5108695652173914 263
1737428846539 0.43478260869565216 264
1737428846873 0.5869565217391305 265
1737428847206 0.6413043478260869 266
1737428847537 0.5434782608695652 267
1737428847870 0.5434782608695652 268
1737428848214 0.5543478260869565 269
1737428848546 0.5869565217391305 270
1737428848890 0.532608695652174 271
1737428849231 0.5978260869565217 272
1737428849569 0.6195652173913043 273
1737428849902 0.6521739130434783 274
1737428850237 0.5652173913043478 275
1737428850583 0.5 276
1737428850924 0.5543478260869565 277
1737428851262 0.6086956521739131 278
1737428851598 0.5543478260869565 279
1737428851936 0.5217391304347826 280
1737428852268 0.6086956521739131 281
1737428852601 0.6195652173913043 282
1737428852935 0.6195652173913043 283
1737428853271 0.5543478260869565 284
1737428853612 0.5217391304347826 285
1737428853951 0.6739130434782609 286
1737428854287 0.6413043478260869 287
1737428854621 0.5543478260869565 288
1737428854951 0.5869565217391305 289
1737428855289 0.6086956521739131 290
1737428855633 0.5 291
1737428855978 0.4891304347826087 292
1737428856317 0.4891304347826087 293
1737428856649 0.532608695652174 294
1737428856986 0.5760869565217391 295
1737428857330 0.6086956521739131 296
1737428857670 0.532608695652174 297
1737428858018 0.5543478260869565 298
1737428858354 0.6195652173913043 299
1737428858697 0.5652173913043478 300
1737428859035 0.6521739130434783 301
1737428859370 0.45652173913043476 302
1737428859705 0.6304347826086957 303
1737428860040 0.5652173913043478 304
1737428860374 0.5543478260869565 305
1737428860707 0.5434782608695652 306
1737428861042 0.6086956521739131 307
1737428861376 0.6304347826086957 308
1737428861716 0.5760869565217391 309
1737428862055 0.6086956521739131 310
1737428862396 0.4673913043478261 311
1737428862735 0.532608695652174 312
1737428863069 0.6413043478260869 313
1737428863408 0.5543478260869565 314
1737428863748 0.5652173913043478 315
1737428864091 0.6956521739130435 316
1737428864432 0.6739130434782609 317
1737428864770 0.4891304347826087 318
1737428865103 0.5434782608695652 319
1737428865437 0.5652173913043478 320
1737428865778 0.6086956521739131 321
1737428866117 0.6304347826086957 322
1737428866449 0.5869565217391305 323
1737428866783 0.5543478260869565 324
1737428867118 0.5108695652173914 325
1737428867451 0.6195652173913043 326
1737428867790 0.6195652173913043 327
1737428868125 0.5434782608695652 328
1737428868459 0.532608695652174 329
1737428868790 0.6304347826086957 330
1737428869125 0.5 331
1737428869462 0.5869565217391305 332
1737428869795 0.5978260869565217 333
1737428870133 0.6195652173913043 334
1737428870467 0.5108695652173914 335
1737428870801 0.4891304347826087 336
1737428871133 0.532608695652174 337
1737428871472 0.5108695652173914 338
1737428871806 0.5978260869565217 339
1737428872138 0.5652173913043478 340
1737428872470 0.5760869565217391 341
1737428872810 0.6413043478260869 342
1737428873144 0.5543478260869565 343
1737428873476 0.6086956521739131 344
1737428873813 0.5434782608695652 345
1737428874147 0.6304347826086957 346
1737428874480 0.6739130434782609 347
1737428874813 0.5760869565217391 348
1737428875162 0.5760869565217391 349
1737428875536 0.5869565217391305 350
1737428875883 0.5978260869565217 351
1737428876221 0.4782608695652174 352
1737428876553 0.4782608695652174 353
1737428876899 0.5652173913043478 354
1737428877238 0.6413043478260869 355
1737428877587 0.532608695652174 356
1737428877924 0.6195652173913043 357
1737428878274 0.5869565217391305 358
1737428878633 0.6413043478260869 359
1737428878986 0.532608695652174 360
1737428879320 0.5869565217391305 361
1737428879664 0.4891304347826087 362
1737428880005 0.5217391304347826 363
1737428880344 0.532608695652174 364
1737428880678 0.5108695652173914 365
1737428881011 0.5217391304347826 366
1737428881346 0.717391304347826 367
1737428881679 0.6521739130434783 368
1737428882013 0.5760869565217391 369
1737428882346 0.5652173913043478 370
1737428882682 0.5869565217391305 371
1737428883026 0.6304347826086957 372
1737428883363 0.5652173913043478 373
1737428883695 0.6086956521739131 374
1737428884036 0.6521739130434783 375
1737428884399 0.6195652173913043 376
1737428884733 0.5869565217391305 377
1737428885067 0.6304347826086957 378
1737428885404 0.532608695652174 379
1737428885741 0.4782608695652174 380
1737428886085 0.5978260869565217 381
1737428886419 0.6086956521739131 382
1737428886750 0.5543478260869565 383
1737428887083 0.5543478260869565 384
1737428887417 0.5869565217391305 385
1737428887751 0.6195652173913043 386
1737428888091 0.5869565217391305 387
1737428888429 0.44565217391304346 388
1737428888762 0.5434782608695652 389
1737428889098 0.4891304347826087 390
1737428889433 0.532608695652174 391
1737428889772 0.532608695652174 392
1737428890112 0.6195652173913043 393
1737428890445 0.4891304347826087 394
1737428890781 0.6630434782608695 395
1737428891116 0.5434782608695652 396
1737428891451 0.5543478260869565 397
1737428891791 0.5 398
1737428892135 0.4891304347826087 399
1737428892479 0.6195652173913043 400
1737428892825 0.5217391304347826 401
1737428893156 0.5543478260869565 402
1737428893488 0.6086956521739131 403
1737428893820 0.5652173913043478 404
1737428894152 0.5978260869565217 405
1737428894487 0.5869565217391305 406
1737428894821 0.5978260869565217 407
1737428895162 0.5108695652173914 408
1737428895502 0.6195652173913043 409
1737428895840 0.5760869565217391 410
1737428896180 0.5760869565217391 411
1737428896520 0.5978260869565217 412
1737428896852 0.6739130434782609 413
1737428897187 0.6739130434782609 414
1737428897521 0.4782608695652174 415
1737428897855 0.5760869565217391 416
1737428898194 0.5652173913043478 417
1737428898528 0.532608695652174 418
1737428898863 0.5760869565217391 419
1737428899199 0.44565217391304346 420
1737428899542 0.5543478260869565 421
1737428899881 0.5108695652173914 422
1737428900216 0.5217391304347826 423
1737428900550 0.5543478260869565 424
1737428900883 0.532608695652174 425
1737428901216 0.5760869565217391 426
1737428901550 0.5978260869565217 427
1737428901886 0.6086956521739131 428
1737428902228 0.6195652173913043 429
1737428902572 0.6304347826086957 430
1737428902915 0.6413043478260869 431
1737428903260 0.5652173913043478 432
1737428903595 0.5869565217391305 433
1737428903928 0.5978260869565217 434
1737428904259 0.6739130434782609 435
1737428904596 0.6739130434782609 436
1737428904930 0.5869565217391305 437
1737428905266 0.6413043478260869 438
1737428905600 0.5869565217391305 439
1737428905934 0.6521739130434783 440
1737428906274 0.6195652173913043 441
