1737428754530 1.0 1
1737428754907 1.0 2
1737428755265 1.0 3
1737428755629 1.0 4
1737428755993 1.0 5
1737428756329 1.0 6
1737428756668 1.0 7
1737428757004 1.0 8
1737428757338 1.0 9
1737428757673 1.0 10
1737428758036 1.0 11
1737428758387 1.0 12
1737428758724 1.0 13
1737428759066 1.0 14
1737428759410 1.0 15
1737428759751 1.0 16
1737428760090 1.0 17
1737428760433 1.0 18
1737428760773 1.0 19
1737428761122 1.0 20
1737428761459 1.0 21
1737428761794 1.0 22
1737428762136 1.0 23
1737428762490 1.0 24
1737428762838 1.0 25
1737428763187 1.0 26
1737428763530 1.0 27
1737428763873 1.0 28
1737428764209 1.0 29
1737428764546 1.0 30
1737428764921 1.0 31
1737428765287 1.0 32
1737428765634 1.0 33
1737428765978 1.0 34
1737428766315 1.0 35
1737428766653 1.0 36
1737428766999 1.0 37
1737428767338 1.0 38
1737428767679 1.0 39
1737428768026 1.0 40
1737428768367 1.0 41
1737428768705 1.0 42
1737428769043 1.0 43
1737428769382 1.0 44
1737428769725 1.0 45
1737428770059 1.0 46
1737428770399 1.0 47
1737428770749 1.0 48
1737428771097 1.0 49
1737428771437 1.0 50
1737428771779 1.0 51
1737428772118 1.0 52
1737428772455 1.0 53
1737428772794 1.0 54
1737428773131 1.0 55
1737428773470 1.0 56
1737428773809 1.0 57
1737428774147 1.0 58
1737428774483 1.0 59
1737428774821 1.0 60
1737428775165 1.0 61
1737428775504 1.0 62
1737428775862 1.0 63
1737428776230 1.0 64
1737428776590 1.0 65
1737428776950 1.0 66
1737428777324 1.0 67
1737428777680 1.0 68
1737428778040 1.0 69
1737428778408 1.0 70
1737428778766 1.0 71
1737428779125 1.0 72
1737428779489 1.0 73
1737428779850 1.0 74
1737428780221 1.0 75
1737428780570 1.0 76
1737428780925 1.0 77
1737428781304 1.0 78
1737428781656 1.0 79
1737428782006 1.0 80
1737428782365 1.0 81
1737428782715 1.0 82
1737428783086 1.0 83
1737428783435 1.0 84
1737428783804 1.0 85
1737428784158 1.0 86
1737428784518 1.0 87
1737428784866 1.0 88
1737428785217 1.0 89
1737428785569 1.0 90
1737428785924 1.0 91
1737428786290 1.0 92
1737428786645 1.0 93
1737428787002 1.0 94
1737428787366 1.0 95
1737428787718 1.0 96
1737428788075 1.0 97
1737428788429 1.0 98
1737428788781 1.0 99
1737428789132 1.0 100
1737428789494 1.0 101
1737428789878 1.0 102
1737428790229 1.0 103
1737428790584 1.0 104
1737428790935 0.967741935483871 105
1737428791285 1.0 106
1737428791645 1.0 107
1737428791994 1.0 108
1737428792351 1.0 109
1737428792713 1.0 110
1737428793064 0.9736842105263158 111
1737428793413 1.0 112
1737428793790 0.967741935483871 113
1737428794151 1.0 114
1737428794531 1.0 115
1737428794895 0.9666666666666667 116
1737428795254 0.9459459459459459 117
1737428795606 0.9615384615384616 118
1737428795955 0.9259259259259259 119
1737428796305 0.9428571428571428 120
1737428796675 0.8846153846153846 121
1737428797035 0.96875 122
1737428797404 0.9642857142857143 123
1737428797777 1.0 124
1737428798137 0.9411764705882353 125
1737428798486 0.8 126
1737428798852 0.896551724137931 127
1737428799208 0.6129032258064516 128
1737428799561 0.3333333333333333 129
1737428799934 0.38461538461538464 130
1737428800306 0.2702702702702703 131
1737428800674 0.08108108108108109 132
1737428801044 0.0967741935483871 133
1737428801410 0.0967741935483871 134
1737428801809 0.05263157894736842 135
1737428802175 0.09375 136
1737428802540 0.16216216216216217 137
1737428802874 0.0 138
1737428803206 0.11764705882352941 139
1737428803545 0.1724137931034483 140
1737428803886 0.16129032258064516 141
1737428804220 0.03125 142
1737428804556 0.16216216216216217 143
1737428804897 0.23529411764705882 144
1737428805265 0.3611111111111111 145
1737428805618 0.45161290322580644 146
1737428805954 0.4 147
1737428806287 0.4 148
1737428806622 0.42857142857142855 149
1737428806955 0.7333333333333333 150
1737428807292 0.76 151
1737428807626 0.8 152
1737428807977 0.88 153
1737428808326 0.9411764705882353 154
1737428808676 0.7586206896551724 155
1737428809010 0.8823529411764706 156
1737428809351 1.0 157
1737428809683 0.92 158
1737428810019 0.96875 159
1737428810359 0.8571428571428571 160
1737428810704 0.9375 161
1737428811045 0.8888888888888888 162
1737428811387 0.8928571428571429 163
1737428811734 0.9230769230769231 164
1737428812087 0.9666666666666667 165
1737428812419 0.9310344827586207 166
1737428812756 0.9428571428571428 167
1737428813089 0.8148148148148148 168
1737428813439 0.9285714285714286 169
1737428813779 0.7857142857142857 170
1737428814147 0.76 171
1737428814489 0.6666666666666666 172
1737428814829 0.76 173
1737428815165 0.6923076923076923 174
1737428815510 0.75 175
1737428815855 0.6206896551724138 176
1737428816189 0.625 177
1737428816546 0.5769230769230769 178
1737428816934 0.65625 179
1737428817279 0.6944444444444444 180
1737428817635 0.6111111111111112 181
1737428817971 0.7878787878787878 182
1737428818318 0.8 183
1737428818658 0.7916666666666666 184
1737428818997 0.7837837837837838 185
1737428819346 0.7741935483870968 186
1737428819678 0.84375 187
1737428820012 0.8181818181818182 188
1737428820349 0.9090909090909091 189
1737428820684 0.96 190
1737428821016 0.8 191
1737428821350 0.8444444444444444 192
1737428821683 0.7 193
1737428822018 0.8620689655172413 194
1737428822350 0.967741935483871 195
1737428822684 1.0 196
1737428823018 1.0 197
1737428823350 1.0 198
1737428823683 0.9333333333333333 199
1737428824016 0.9090909090909091 200
1737428824351 0.9655172413793104 201
1737428824684 0.8928571428571429 202
1737428825018 0.96875 203
1737428825352 1.0 204
1737428825687 0.9375 205
1737428826021 1.0 206
1737428826356 1.0 207
1737428826688 0.9714285714285714 208
1737428827022 1.0 209
1737428827357 1.0 210
1737428827690 1.0 211
1737428828030 1.0 212
1737428828391 1.0 213
1737428828783 1.0 214
1737428829166 1.0 215
1737428829526 1.0 216
1737428829906 1.0 217
1737428830290 1.0 218
1737428830667 0.9761904761904762 219
1737428831009 0.9705882352941176 220
1737428831393 1.0 221
1737428831767 1.0 222
1737428832115 1.0 223
1737428832494 1.0 224
1737428832868 1.0 225
1737428833233 0.9655172413793104 226
1737428833596 1.0 227
1737428833961 1.0 228
1737428834326 1.0 229
1737428834673 0.9714285714285714 230
1737428835024 1.0 231
1737428835392 1.0 232
1737428835752 0.9545454545454546 233
1737428836100 0.9666666666666667 234
1737428836458 1.0 235
1737428836824 1.0 236
1737428837175 0.782608695652174 237
1737428837540 0.8518518518518519 238
1737428837915 0.8611111111111112 239
1737428838293 0.5757575757575758 240
1737428838670 0.5 241
1737428839045 0.5 242
1737428839413 0.38461538461538464 243
1737428839760 0.5526315789473685 244
1737428840096 0.34615384615384615 245
1737428840432 0.5416666666666666 246
1737428840766 0.43333333333333335 247
1737428841100 0.5185185185185185 248
1737428841434 0.5714285714285714 249
1737428841769 0.5862068965517241 250
1737428842104 0.6129032258064516 251
1737428842437 0.4827586206896552 252
1737428842772 0.35294117647058826 253
1737428843108 0.8275862068965517 254
1737428843455 0.7692307692307693 255
1737428843805 0.6666666666666666 256
1737428844149 0.4583333333333333 257
1737428844489 0.26666666666666666 258
1737428844824 0.4117647058823529 259
1737428845157 0.7560975609756098 260
1737428845507 0.7931034482758621 261
1737428845851 0.9743589743589743 262
1737428846202 0.9714285714285714 263
1737428846536 0.9285714285714286 264
1737428846871 0.9714285714285714 265
1737428847204 0.9743589743589743 266
1737428847535 0.8888888888888888 267
1737428847867 0.8181818181818182 268
1737428848212 0.9 269
1737428848543 0.8 270
1737428848888 0.8571428571428571 271
1737428849229 0.8275862068965517 272
1737428849567 0.8918918918918919 273
1737428849900 0.8529411764705882 274
1737428850235 0.8333333333333334 275
1737428850580 0.88 276
1737428850922 0.8571428571428571 277
1737428851260 0.9666666666666667 278
1737428851595 0.9696969696969697 279
1737428851933 1.0 280
1737428852265 0.92 281
1737428852599 0.8372093023255814 282
1737428852933 0.8620689655172413 283
1737428853268 0.8125 284
1737428853609 0.7142857142857143 285
1737428853949 0.7692307692307693 286
1737428854284 0.8846153846153846 287
1737428854618 0.92 288
1737428854948 0.7407407407407407 289
1737428855287 0.8 290
1737428855631 0.5862068965517241 291
1737428855976 0.5 292
1737428856315 0.5555555555555556 293
1737428856646 0.6206896551724138 294
1737428856984 0.5757575757575758 295
1737428857327 0.7435897435897436 296
1737428857668 0.7058823529411765 297
1737428858015 0.7777777777777778 298
1737428858351 0.7142857142857143 299
1737428858694 0.8285714285714286 300
1737428859032 0.85 301
1737428859368 0.7391304347826086 302
1737428859703 0.9411764705882353 303
1737428860038 0.96875 304
1737428860371 0.8378378378378378 305
1737428860705 1.0 306
1737428861040 0.9473684210526315 307
1737428861373 0.967741935483871 308
1737428861713 0.918918918918919 309
1737428862053 0.967741935483871 310
1737428862394 1.0 311
1737428862732 0.9375 312
1737428863067 0.9705882352941176 313
1737428863405 0.9666666666666667 314
1737428863746 0.9090909090909091 315
1737428864089 0.8857142857142857 316
1737428864429 0.9705882352941176 317
1737428864767 0.782608695652174 318
1737428865101 0.8484848484848485 319
1737428865434 0.8 320
1737428865776 0.8857142857142857 321
1737428866114 0.7666666666666667 322
1737428866447 0.8214285714285714 323
1737428866781 0.7096774193548387 324
1737428867115 0.7692307692307693 325
1737428867448 0.7931034482758621 326
1737428867788 0.6944444444444444 327
1737428868123 0.7241379310344828 328
1737428868456 0.8064516129032258 329
1737428868788 0.71875 330
1737428869123 0.78125 331
1737428869459 0.7931034482758621 332
1737428869792 0.8648648648648649 333
1737428870130 0.7142857142857143 334
1737428870465 0.5909090909090909 335
1737428870799 0.6333333333333333 336
1737428871131 0.7419354838709677 337
1737428871469 0.7 338
1737428871803 0.8333333333333334 339
1737428872136 0.8461538461538461 340
1737428872468 0.7435897435897436 341
1737428872808 0.8695652173913043 342
1737428873142 0.8571428571428571 343
1737428873474 0.8571428571428571 344
1737428873810 0.8484848484848485 345
1737428874145 0.84375 346
1737428874477 0.9259259259259259 347
1737428874811 0.8918918918918919 348
1737428875156 0.7857142857142857 349
1737428875533 0.8928571428571429 350
1737428875880 0.8666666666666667 351
1737428876218 0.76 352
1737428876551 0.7714285714285715 353
1737428876896 0.7941176470588235 354
1737428877235 0.9142857142857143 355
1737428877584 0.875 356
1737428877922 0.9117647058823529 357
1737428878268 0.9666666666666667 358
1737428878628 0.9230769230769231 359
1737428878984 1.0 360
1737428879318 0.9259259259259259 361
1737428879662 0.8 362
1737428880002 0.8518518518518519 363
1737428880342 0.9285714285714286 364
1737428880675 0.9583333333333334 365
1737428881009 0.84375 366
1737428881344 0.9142857142857143 367
1737428881676 0.967741935483871 368
1737428882011 0.896551724137931 369
1737428882343 0.8709677419354839 370
1737428882680 0.8518518518518519 371
1737428883023 0.9354838709677419 372
1737428883360 0.8064516129032258 373
1737428883693 0.8787878787878788 374
1737428884033 0.8275862068965517 375
1737428884396 0.8857142857142857 376
1737428884730 0.9 377
1737428885065 0.9142857142857143 378
1737428885401 0.8387096774193549 379
1737428885738 0.7037037037037037 380
1737428886083 0.8064516129032258 381
1737428886416 0.7647058823529411 382
1737428886748 0.8260869565217391 383
1737428887080 0.7272727272727273 384
1737428887415 0.7 385
1737428887749 0.7297297297297297 386
1737428888089 0.8 387
1737428888427 0.4375 388
1737428888759 0.6176470588235294 389
1737428889095 0.42857142857142855 390
1737428889431 0.5161290322580645 391
1737428889770 0.675 392
1737428890110 0.6666666666666666 393
1737428890443 0.6060606060606061 394
1737428890778 0.896551724137931 395
1737428891114 0.7647058823529411 396
1737428891449 0.9259259259259259 397
1737428891788 0.7714285714285715 398
1737428892132 0.8461538461538461 399
1737428892477 0.8157894736842105 400
1737428892823 0.9583333333333334 401
1737428893153 0.9090909090909091 402
1737428893485 0.8857142857142857 403
1737428893817 0.8787878787878788 404
1737428894150 0.9117647058823529 405
1737428894484 0.8387096774193549 406
1737428894819 0.8846153846153846 407
1737428895159 0.7142857142857143 408
1737428895500 0.7714285714285715 409
1737428895838 0.75 410
1737428896177 0.8571428571428571 411
1737428896517 0.875 412
1737428896850 0.8888888888888888 413
1737428897185 0.9142857142857143 414
1737428897518 0.7333333333333333 415
1737428897852 0.7352941176470589 416
1737428898192 0.7142857142857143 417
1737428898526 0.7142857142857143 418
1737428898860 0.7272727272727273 419
1737428899197 0.7666666666666667 420
1737428899539 0.7272727272727273 421
1737428899879 0.7941176470588235 422
1737428900213 0.7272727272727273 423
1737428900547 0.6666666666666666 424
1737428900881 0.696969696969697 425
1737428901213 0.8 426
1737428901547 0.7058823529411765 427
1737428901884 0.64 428
1737428902226 0.75 429
1737428902570 0.8333333333333334 430
1737428902912 0.8928571428571429 431
1737428903257 0.96 432
1737428903592 0.7037037037037037 433
1737428903925 0.8484848484848485 434
1737428904256 0.896551724137931 435
1737428904593 0.926829268292683 436
1737428904927 0.8214285714285714 437
1737428905264 0.9523809523809523 438
1737428905597 0.9285714285714286 439
1737428905932 1.0 440
1737428906271 1.0 441
