1737833113065 0.26666666666666666 1
1737833113482 0.2127659574468085 2
1737833113896 0.5921052631578947 3
1737833114310 0.0 4
1737833114723 0.0 5
1737833115138 0.0 6
1737833115552 0.044444444444444446 7
1737833116003 0.509090909090909 8
1737833116416 0.639344262295082 9
1737833116832 0.6285714285714286 10
1737833117247 0.75 11
1737833117661 0.7789473684210526 12
1737833118078 0.7710843373493976 13
1737833118492 0.21739130434782608 14
1737833118910 0.6436781609195402 15
1737833119323 0.6608695652173913 16
1737833119735 0.6138613861386139 17
1737833120150 0.6601941747572816 18
1737833120563 0.6075949367088608 19
1737833120979 0.6388888888888888 20
1737833121394 0.5897435897435898 21
1737833121810 0.6727272727272727 22
1737833122223 0.7415730337078652 23
1737833122638 0.625 24
1737833123055 0.5967741935483871 25
1737833123471 0.5029940119760479 26
1737833123889 0.1935483870967742 27
1737833124303 0.6 28
1737833124718 0.6222222222222222 29
1737833125136 0.5934065934065934 30
1737833125552 0.5813953488372093 31
1737833125967 0.5157232704402516 32
1737833126384 0.4375 33
1737833126800 0.5465116279069767 34
1737833127217 0.4878048780487805 35
1737833127633 0.0 36
1737833128051 0.0 37
1737833128466 0.0 38
1737833128888 0.0 39
1737833129303 0.0 40
1737833129718 0.0 41
1737833130135 0.0 42
1737833130551 0.0 43
1737833130970 0.0 44
1737833131388 0.0 45
1737833131807 0.0 46
1737833132225 0.0 47
1737833132639 0.0 48
1737833133057 0.0 49
1737833133472 0.0 50
1737833133892 0.05128205128205128 51
1737833134305 0.0 52
1737833134724 0.0784313725490196 53
1737833135139 0.046511627906976744 54
1737833135557 0.10526315789473684 55
1737833135974 0.13559322033898305 56
1737833136389 0.32432432432432434 57
1737833136805 0.21428571428571427 58
1737833137223 0.3564356435643564 59
1737833137638 0.43103448275862066 60
1737833138056 0.448 61
1737833138473 0.4307692307692308 62
1737833138890 0.43548387096774194 63
1737833139306 0.432 64
1737833139721 0.3238095238095238 65
1737833140138 0.2857142857142857 66
1737833140554 0.3877551020408163 67
1737833140972 0.35294117647058826 68
1737833141390 0.1791044776119403 69
1737833141808 0.28169014084507044 70
1737833142226 0.3466666666666667 71
1737833142642 0.24615384615384617 72
1737833143060 0.1568627450980392 73
1737833143476 0.18461538461538463 74
1737833143895 0.1694915254237288 75
1737833144311 0.13793103448275862 76
1737833144727 0.2898550724637681 77
1737833145147 0.2028985507246377 78
1737833145560 0.14814814814814814 79
1737833145979 0.16666666666666666 80
1737833146395 0.2222222222222222 81
1737833146813 0.24561403508771928 82
1737833147230 0.3225806451612903 83
1737833147646 0.2909090909090909 84
1737833148066 0.0625 85
1737833148481 0.18181818181818182 86
1737833148902 0.2318840579710145 87
1737833149318 0.18181818181818182 88
1737833149733 0.25396825396825395 89
1737833150151 0.23529411764705882 90
1737833150567 0.225 91
1737833150985 0.2564102564102564 92
1737833151403 0.29333333333333333 93
1737833151822 0.14285714285714285 94
1737833152238 0.23333333333333334 95
1737833152654 0.4367816091954023 96
1737833153072 0.4507042253521127 97
1737833153491 0.24324324324324326 98
1737833153908 0.2631578947368421 99
1737833154323 0.35443037974683544 100
1737833154737 0.45714285714285713 101
1737833155154 0.2857142857142857 102
1737833155571 0.41975308641975306 103
1737833155990 0.23529411764705882 104
1737833156404 0.3157894736842105 105
1737833156823 0.22580645161290322 106
1737833157241 0.273972602739726 107
1737833157658 0.275 108
1737833158078 0.2972972972972973 109
1737833158493 0.25 110
1737833158911 0.3076923076923077 111
1737833159328 0.1875 112
1737833159744 0.14925373134328357 113
1737833160164 0.24 114
1737833160582 0.2571428571428571 115
1737833161002 0.20253164556962025 116
1737833161420 0.36363636363636365 117
1737833161838 0.14285714285714285 118
1737833162258 0.1917808219178082 119
1737833162682 0.26666666666666666 120
1737833163098 0.3218390804597701 121
1737833163513 0.1917808219178082 122
1737833163932 0.3516483516483517 123
1737833164347 0.26666666666666666 124
1737833164772 0.37254901960784315 125
1737833165187 0.40384615384615385 126
1737833165604 0.36538461538461536 127
1737833166022 0.43859649122807015 128
1737833166441 0.4380952380952381 129
1737833166859 0.3925233644859813 130
1737833167274 0.37168141592920356 131
1737833167693 0.3238095238095238 132
1737833168111 0.46 133
1737833168528 0.38181818181818183 134
1737833168946 0.36538461538461536 135
1737833169363 0.2978723404255319 136
1737833169780 0.3076923076923077 137
1737833170197 0.4473684210526316 138
1737833170614 0.32608695652173914 139
1737833171031 0.35443037974683544 140
1737833171446 0.2 141
1737833171864 0.24242424242424243 142
1737833172282 0.345679012345679 143
1737833172699 0.10909090909090909 144
1737833173119 0.2535211267605634 145
1737833173534 0.2545454545454545 146
1737833173952 0.2711864406779661 147
1737833174371 0.1724137931034483 148
1737833174790 0.23728813559322035 149
1737833175208 0.1935483870967742 150
1737833175626 0.12121212121212122 151
1737833176045 0.21875 152
1737833176462 0.2777777777777778 153
1737833176878 0.3287671232876712 154
1737833177295 0.22857142857142856 155
1737833177714 0.36585365853658536 156
1737833178133 0.22784810126582278 157
1737833178552 0.2962962962962963 158
1737833178971 0.3617021276595745 159
1737833179388 0.2619047619047619 160
1737833179805 0.3013698630136986 161
1737833180224 0.38961038961038963 162
1737833180641 0.26666666666666666 163
1737833181058 0.21951219512195122 164
1737833181478 0.26865671641791045 165
1737833181896 0.30952380952380953 166
1737833182314 0.3157894736842105 167
1737833182730 0.3582089552238806 168
1737833183147 0.19672131147540983 169
1737833183563 0.40476190476190477 170
1737833183982 0.2 171
1737833184400 0.27450980392156865 172
1737833184820 0.1875 173
1737833185235 0.3076923076923077 174
1737833185652 0.25 175
1737833186069 0.2 176
1737833186486 0.2222222222222222 177
1737833186903 0.2413793103448276 178
1737833187320 0.15584415584415584 179
1737833187735 0.32432432432432434 180
1737833188155 0.4375 181
1737833188574 0.2465753424657534 182
1737833188993 0.2 183
1737833189413 0.25882352941176473 184
1737833189831 0.37362637362637363 185
1737833190247 0.36619718309859156 186
1737833190663 0.2894736842105263 187
1737833191081 0.32098765432098764 188
1737833191498 0.35443037974683544 189
1737833191921 0.1791044776119403 190
1737833192339 0.23880597014925373 191
1737833192757 0.2608695652173913 192
1737833193178 0.3333333333333333 193
1737833193595 0.34375 194
1737833194015 0.29411764705882354 195
1737833194432 0.3283582089552239 196
1737833194852 0.28169014084507044 197
1737833195270 0.15384615384615385 198
1737833195688 0.273972602739726 199
1737833196108 0.1935483870967742 200
1737833196523 0.16901408450704225 201
1737833196941 0.3283582089552239 202
1737833197360 0.1694915254237288 203
1737833197779 0.2727272727272727 204
1737833198196 0.2727272727272727 205
1737833198614 0.22857142857142856 206
1737833199033 0.25 207
1737833199450 0.2465753424657534 208
1737833199869 0.358974358974359 209
1737833200285 0.2702702702702703 210
1737833200703 0.18666666666666668 211
1737833201120 0.41975308641975306 212
1737833201536 0.3 213
1737833201953 0.2619047619047619 214
1737833202371 0.3146067415730337 215
1737833202791 0.275 216
1737833203208 0.3076923076923077 217
1737833203625 0.4318181818181818 218
1737833204044 0.32323232323232326 219
1737833204467 0.3181818181818182 220
1737833204887 0.33707865168539325 221
1737833205306 0.42696629213483145 222
1737833205721 0.3409090909090909 223
1737833206141 0.42857142857142855 224
1737833206556 0.3170731707317073 225
1737833206972 0.3170731707317073 226
1737833207388 0.34146341463414637 227
1737833207807 0.3181818181818182 228
1737833208222 0.3684210526315789 229
1737833208639 0.3333333333333333 230
1737833209056 0.38636363636363635 231
1737833209472 0.2558139534883721 232
1737833209889 0.3170731707317073 233
1737833210305 0.29213483146067415 234
1737833210721 0.3333333333333333 235
1737833211138 0.3541666666666667 236
1737833211555 0.37254901960784315 237
1737833211971 0.26804123711340205 238
1737833212387 0.24489795918367346 239
1737833212806 0.42718446601941745 240
1737833213223 0.28888888888888886 241
1737833213639 0.37362637362637363 242
1737833214058 0.3838383838383838 243
1737833214477 0.41237113402061853 244
1737833214895 0.32558139534883723 245
1737833215312 0.36363636363636365 246
1737833215729 0.4146341463414634 247
1737833216153 0.3614457831325301 248
1737833216570 0.2988505747126437 249
1737833216986 0.29850746268656714 250
1737833217403 0.4470588235294118 251
1737833217821 0.24 252
1737833218238 0.32098765432098764 253
1737833218654 0.3055555555555556 254
1737833219073 0.42857142857142855 255
1737833219488 0.2564102564102564 256
1737833219909 0.3157894736842105 257
1737833220328 0.3333333333333333 258
1737833220746 0.35443037974683544 259
1737833221166 0.2682926829268293 260
1737833221583 0.26804123711340205 261
1737833222003 0.3111111111111111 262
1737833222424 0.3157894736842105 263
1737833222847 0.3111111111111111 264
1737833223264 0.37362637362637363 265
1737833223681 0.3076923076923077 266
1737833224101 0.32989690721649484 267
1737833224517 0.3218390804597701 268
1737833224937 0.3838383838383838 269
1737833225351 0.3137254901960784 270
1737833225770 0.31683168316831684 271
1737833226185 0.3146067415730337 272
1737833226603 0.47058823529411764 273
1737833227021 0.45098039215686275 274
1737833227435 0.42424242424242425 275
1737833227862 0.4 276
1737833228279 0.27956989247311825 277
1737833228699 0.36893203883495146 278
1737833229117 0.41304347826086957 279
1737833229536 0.40404040404040403 280
1737833229958 0.37623762376237624 281
1737833230374 0.3956043956043956 282
1737833230794 0.25263157894736843 283
1737833231210 0.2916666666666667 284
1737833231628 0.22784810126582278 285
1737833232047 0.391304347826087 286
1737833232464 0.34146341463414637 287
1737833232883 0.3855421686746988 288
1737833233299 0.3373493975903614 289
1737833233715 0.3466666666666667 290
1737833234136 0.208955223880597 291
1737833234553 0.2558139534883721 292
1737833234973 0.3283582089552239 293
1737833235387 0.12698412698412698 294
1737833235805 0.24691358024691357 295
1737833236226 0.36923076923076925 296
1737833236642 0.4117647058823529 297
1737833237059 0.208955223880597 298
1737833237478 0.17647058823529413 299
1737833237896 0.13333333333333333 300
1737833238313 0.2608695652173913 301
1737833238730 0.21428571428571427 302
1737833239159 0.2028985507246377 303
1737833239573 0.2033898305084746 304
1737833239991 0.2608695652173913 305
1737833240407 0.21428571428571427 306
1737833240826 0.1724137931034483 307
1737833241243 0.2571428571428571 308
1737833241660 0.3055555555555556 309
1737833242078 0.2028985507246377 310
1737833242496 0.2465753424657534 311
1737833242914 0.3611111111111111 312
1737833243331 0.3037974683544304 313
1737833243749 0.25316455696202533 314
1737833244171 0.17391304347826086 315
1737833244587 0.44680851063829785 316
1737833245005 0.22916666666666666 317
1737833245424 0.3111111111111111 318
1737833245862 0.3181818181818182 319
1737833246311 0.4536082474226804 320
1737833246824 0.3010752688172043 321
1737833247273 0.36363636363636365 322
1737833247723 0.37254901960784315 323
1737833248175 0.24489795918367346 324
1737833248626 0.3300970873786408 325
1737833249078 0.37037037037037035 326
1737833249528 0.41818181818181815 327
1737833249958 0.2553191489361702 328
1737833250374 0.3956043956043956 329
1737833250791 0.18666666666666668 330
1737833251209 0.24390243902439024 331
1737833251626 0.38636363636363635 332
1737833252046 0.375 333
1737833252462 0.3953488372093023 334
1737833252880 0.27586206896551724 335
1737833253298 0.3146067415730337 336
1737833253714 0.27848101265822783 337
1737833254131 0.2926829268292683 338
1737833254547 0.45614035087719296 339
1737833254965 0.29411764705882354 340
1737833255381 0.29545454545454547 341
1737833255798 0.42857142857142855 342
1737833256214 0.3673469387755102 343
1737833256629 0.45217391304347826 344
1737833257046 0.46464646464646464 345
1737833257463 0.4380952380952381 346
1737833257880 0.3448275862068966 347
1737833258292 0.34285714285714286 348
1737833258710 0.34234234234234234 349
1737833259128 0.484375 350
1737833259541 0.5405405405405406 351
1737833259959 0.5038167938931297 352
1737833260375 0.559322033898305 353
1737833260792 0.47368421052631576 354
1737833261209 0.43243243243243246 355
1737833261623 0.45614035087719296 356
1737833262038 0.39316239316239315 357
1737833262453 0.5210084033613446 358
1737833262872 0.3559322033898305 359
1737833263288 0.34146341463414637 360
1737833263703 0.37383177570093457 361
1737833264122 0.38 362
1737833264541 0.3917525773195876 363
1737833264960 0.3333333333333333 364
1737833265374 0.43478260869565216 365
1737833265794 0.29473684210526313 366
1737833266236 0.46808510638297873 367
1737833266701 0.41904761904761906 368
1737833267120 0.23157894736842105 369
1737833267535 0.4375 370
1737833267998 0.32558139534883723 371
1737833268423 0.3146067415730337 372
1737833268864 0.38636363636363635 373
1737833269281 0.37362637362637363 374
1737833269700 0.3170731707317073 375
1737833270126 0.30434782608695654 376
1737833270551 0.36585365853658536 377
1737833270972 0.3333333333333333 378
1737833271416 0.26666666666666666 379
1737833271853 0.3076923076923077 380
1737833272274 0.3037974683544304 381
1737833272695 0.19753086419753085 382
1737833273122 0.22988505747126436 383
1737833273544 0.2857142857142857 384
1737833273978 0.40816326530612246 385
1737833274399 0.3614457831325301 386
1737833274840 0.3917525773195876 387
1737833275304 0.45544554455445546 388
1737833275730 0.3669724770642202 389
1737833276155 0.3870967741935484 390
1737833276601 0.29473684210526313 391
1737833277062 0.40860215053763443 392
1737833277510 0.29473684210526313 393
1737833277927 0.3448275862068966 394
1737833278344 0.3010752688172043 395
1737833278762 0.32653061224489793 396
1737833279179 0.2962962962962963 397
1737833279592 0.3287671232876712 398
1737833280019 0.2962962962962963 399
1737833280449 0.29411764705882354 400
1737833280865 0.26229508196721313 401
1737833281315 0.16901408450704225 402
1737833281746 0.29850746268656714 403
1737833282179 0.13333333333333333 404
1737833282594 0.15384615384615385 405
1737833283010 0.3225806451612903 406
1737833283438 0.27692307692307694 407
1737833283901 0.20689655172413793 408
1737833284360 0.14545454545454545 409
1737833284782 0.29850746268656714 410
1737833285197 0.36923076923076925 411
1737833285614 0.3116883116883117 412
1737833286032 0.38095238095238093 413
1737833286483 0.36363636363636365 414
1737833286936 0.3142857142857143 415
1737833287355 0.3287671232876712 416
1737833287788 0.2222222222222222 417
1737833288205 0.25806451612903225 418
1737833288622 0.28125 419
1737833289041 0.18181818181818182 420
1737833289456 0.1891891891891892 421
1737833289875 0.29411764705882354 422
1737833290315 0.3492063492063492 423
1737833290754 0.24 424
1737833291177 0.24691358024691357 425
1737833291599 0.3333333333333333 426
1737833292024 0.24615384615384617 427
1737833292441 0.2702702702702703 428
1737833292860 0.24 429
1737833293290 0.2926829268292683 430
1737833293771 0.2535211267605634 431
1737833294243 0.3333333333333333 432
1737833294697 0.25316455696202533 433
1737833295136 0.23529411764705882 434
1737833295572 0.39473684210526316 435
1737833296010 0.22857142857142856 436
1737833296459 0.3764705882352941 437
1737833296915 0.3157894736842105 438
1737833297357 0.23529411764705882 439
1737833297783 0.3333333333333333 440
1737833298216 0.4 441
1737833298658 0.24390243902439024 442
1737833299103 0.2894736842105263 443
1737833299551 0.43373493975903615 444
1737833299990 0.3116883116883117 445
1737833300428 0.25287356321839083 446
1737833300893 0.22535211267605634 447
1737833301344 0.3333333333333333 448
1737833301791 0.3218390804597701 449
1737833302236 0.2962962962962963 450
1737833302676 0.45454545454545453 451
1737833303119 0.3564356435643564 452
1737833303556 0.3055555555555556 453
1737833303993 0.3368421052631579 454
1737833304429 0.3829787234042553 455
1737833304870 0.35555555555555557 456
1737833305318 0.40384615384615385 457
1737833305784 0.3925233644859813 458
1737833306236 0.41904761904761906 459
1737833306679 0.36538461538461536 460
1737833307116 0.34615384615384615 461
1737833307565 0.34782608695652173 462
1737833308030 0.39655172413793105 463
1737833308475 0.4444444444444444 464
1737833308937 0.40336134453781514 465
1737833309378 0.45 466
1737833309832 0.3448275862068966 467
1737833310286 0.4247787610619469 468
1737833310746 0.42990654205607476 469
1737833311201 0.43333333333333335 470
1737833311650 0.39344262295081966 471
1737833312118 0.336283185840708 472
