1737833113074 0.25806451612903225 1
1737833113489 0.5562130177514792 2
1737833113905 0.417910447761194 3
1737833114319 0.47619047619047616 4
1737833114730 0.3888888888888889 5
1737833115145 0.6231884057971014 6
1737833115560 0.45614035087719296 7
1737833116011 0.7166666666666667 8
1737833116424 0.735632183908046 9
1737833116841 0.7058823529411765 10
1737833117254 0.7256637168141593 11
1737833117670 0.6582278481012658 12
1737833118086 0.6176470588235294 13
1737833118501 0.19607843137254902 14
1737833118918 0.4745762711864407 15
1737833119331 0.59375 16
1737833119743 0.6896551724137931 17
1737833120159 0.5789473684210527 18
1737833120572 0.5714285714285714 19
1737833120988 0.576271186440678 20
1737833121403 0.5567010309278351 21
1737833121819 0.4745762711864407 22
1737833122231 0.39344262295081966 23
1737833122646 0.45614035087719296 24
1737833123063 0.36363636363636365 25
1737833123478 0.12244897959183673 26
1737833123898 0.5432098765432098 27
1737833124310 0.4838709677419355 28
1737833124726 0.6129032258064516 29
1737833125144 0.5245901639344263 30
1737833125559 0.546875 31
1737833125976 0.23333333333333334 32
1737833126392 0.0 33
1737833126808 0.09090909090909091 34
1737833127225 0.2857142857142857 35
1737833127642 0.1 36
1737833128059 0.47619047619047616 37
1737833128475 0.43902439024390244 38
1737833128896 0.49411764705882355 39
1737833129310 0.5202312138728323 40
1737833129725 0.5116279069767442 41
1737833130142 0.5146198830409356 42
1737833130559 0.36496350364963503 43
1737833130980 0.04081632653061224 44
1737833131396 0.041666666666666664 45
1737833131816 0.19672131147540983 46
1737833132233 0.2564102564102564 47
1737833132647 0.2631578947368421 48
1737833133064 0.3037974683544304 49
1737833133481 0.32432432432432434 50
1737833133899 0.3181818181818182 51
1737833134313 0.4897959183673469 52
1737833134731 0.3218390804597701 53
1737833135147 0.48598130841121495 54
1737833135566 0.35294117647058826 55
1737833135982 0.33962264150943394 56
1737833136397 0.45045045045045046 57
1737833136813 0.3829787234042553 58
1737833137230 0.2696629213483146 59
1737833137646 0.33766233766233766 60
1737833138064 0.1095890410958904 61
1737833138482 0.25 62
1737833138898 0.2222222222222222 63
1737833139314 0.2777777777777778 64
1737833139729 0.39080459770114945 65
1737833140146 0.42857142857142855 66
1737833140563 0.2391304347826087 67
1737833140980 0.32967032967032966 68
1737833141398 0.32989690721649484 69
1737833141817 0.30927835051546393 70
1737833142233 0.3076923076923077 71
1737833142651 0.34951456310679613 72
1737833143068 0.46296296296296297 73
1737833143484 0.4444444444444444 74
1737833143903 0.43478260869565216 75
1737833144319 0.46153846153846156 76
1737833144735 0.42990654205607476 77
1737833145154 0.297029702970297 78
1737833145569 0.3883495145631068 79
1737833145987 0.39215686274509803 80
1737833146403 0.45652173913043476 81
1737833146821 0.3218390804597701 82
1737833147238 0.3902439024390244 83
1737833147654 0.3956043956043956 84
1737833148074 0.2222222222222222 85
1737833148489 0.2891566265060241 86
1737833148910 0.34210526315789475 87
1737833149326 0.4222222222222222 88
1737833149741 0.2898550724637681 89
1737833150159 0.12903225806451613 90
1737833150575 0.23529411764705882 91
1737833150994 0.13793103448275862 92
1737833151411 0.13114754098360656 93
1737833151830 0.18181818181818182 94
1737833152248 0.28169014084507044 95
1737833152663 0.08163265306122448 96
1737833153081 0.19047619047619047 97
1737833153498 0.17543859649122806 98
1737833153917 0.18181818181818182 99
1737833154331 0.30985915492957744 100
1737833154747 0.18461538461538463 101
1737833155163 0.35294117647058826 102
1737833155578 0.3023255813953488 103
1737833155998 0.3373493975903614 104
1737833156413 0.40425531914893614 105
1737833156830 0.4791666666666667 106
1737833157248 0.3888888888888889 107
1737833157666 0.3898305084745763 108
1737833158086 0.4247787610619469 109
1737833158501 0.39316239316239315 110
1737833158919 0.4603174603174603 111
1737833159335 0.5042016806722689 112
1737833159754 0.38095238095238093 113
1737833160172 0.40336134453781514 114
1737833160590 0.43478260869565216 115
1737833161009 0.2857142857142857 116
1737833161428 0.40384615384615385 117
1737833161846 0.32432432432432434 118
1737833162269 0.3783783783783784 119
1737833162690 0.37623762376237624 120
1737833163107 0.28888888888888886 121
1737833163521 0.24324324324324326 122
1737833163939 0.21621621621621623 123
1737833164355 0.3 124
1737833164780 0.34782608695652173 125
1737833165197 0.21428571428571427 126
1737833165612 0.15151515151515152 127
1737833166031 0.24615384615384617 128
1737833166448 0.14035087719298245 129
1737833166867 0.17142857142857143 130
1737833167283 0.1724137931034483 131
1737833167702 0.27692307692307694 132
1737833168119 0.29411764705882354 133
1737833168536 0.23333333333333334 134
1737833168954 0.3466666666666667 135
1737833169371 0.18666666666666668 136
1737833169788 0.4 137
1737833170206 0.4642857142857143 138
1737833170622 0.32323232323232326 139
1737833171038 0.4 140
1737833171454 0.4144144144144144 141
1737833171873 0.4247787610619469 142
1737833172290 0.38181818181818183 143
1737833172708 0.448 144
1737833173127 0.3963963963963964 145
1737833173542 0.423728813559322 146
1737833173961 0.41379310344827586 147
1737833174378 0.4406779661016949 148
1737833174798 0.43243243243243246 149
1737833175216 0.4 150
1737833175634 0.39655172413793105 151
1737833176053 0.47368421052631576 152
1737833176470 0.4583333333333333 153
1737833176886 0.2828282828282828 154
1737833177304 0.3368421052631579 155
1737833177724 0.4 156
1737833178142 0.3225806451612903 157
1737833178560 0.32323232323232326 158
1737833178979 0.4631578947368421 159
1737833179396 0.4 160
1737833179814 0.4230769230769231 161
1737833180232 0.4489795918367347 162
1737833180649 0.4716981132075472 163
1737833181068 0.42696629213483145 164
1737833181485 0.3617021276595745 165
1737833181905 0.32653061224489793 166
1737833182321 0.32608695652173914 167
1737833182738 0.25287356321839083 168
1737833183156 0.3870967741935484 169
1737833183571 0.29333333333333333 170
1737833183991 0.18181818181818182 171
1737833184408 0.379746835443038 172
1737833184827 0.0967741935483871 173
1737833185242 0.2222222222222222 174
1737833185659 0.3116883116883117 175
1737833186076 0.29411764705882354 176
1737833186493 0.2972972972972973 177
1737833186912 0.2972972972972973 178
1737833187327 0.21875 179
1737833187744 0.23880597014925373 180
1737833188162 0.34146341463414637 181
1737833188583 0.12307692307692308 182
1737833189001 0.2727272727272727 183
1737833189421 0.14814814814814814 184
1737833189839 0.24 185
1737833190256 0.2903225806451613 186
1737833190672 0.09523809523809523 187
1737833191089 0.2153846153846154 188
1737833191506 0.22535211267605634 189
1737833191928 0.07272727272727272 190
1737833192348 0.16901408450704225 191
1737833192767 0.2465753424657534 192
1737833193187 0.4222222222222222 193
1737833193604 0.4791666666666667 194
1737833194022 0.4716981132075472 195
1737833194440 0.4424778761061947 196
1737833194860 0.375 197
1737833195278 0.3870967741935484 198
1737833195697 0.38596491228070173 199
1737833196116 0.46715328467153283 200
1737833196532 0.33043478260869563 201
1737833196949 0.43609022556390975 202
1737833197368 0.5 203
1737833197787 0.448 204
1737833198205 0.42857142857142855 205
1737833198622 0.4603174603174603 206
1737833199042 0.3969465648854962 207
1737833199458 0.36363636363636365 208
1737833199877 0.42718446601941745 209
1737833200294 0.39603960396039606 210
1737833200710 0.24719101123595505 211
1737833201128 0.37894736842105264 212
1737833201544 0.24390243902439024 213
1737833201961 0.2857142857142857 214
1737833202379 0.2898550724637681 215
1737833202799 0.09876543209876543 216
1737833203216 0.1724137931034483 217
1737833203632 0.2702702702702703 218
1737833204051 0.2535211267605634 219
1737833204476 0.2702702702702703 220
1737833204895 0.26506024096385544 221
1737833205314 0.3595505617977528 222
1737833205730 0.18604651162790697 223
1737833206149 0.40860215053763443 224
1737833206565 0.4036697247706422 225
1737833206981 0.4036697247706422 226
1737833207395 0.48 227
1737833207815 0.34545454545454546 228
1737833208232 0.4036697247706422 229
1737833208646 0.4406779661016949 230
1737833209064 0.453781512605042 231
1737833209479 0.34234234234234234 232
1737833209897 0.4107142857142857 233
1737833210312 0.3177570093457944 234
1737833210728 0.49230769230769234 235
1737833211146 0.36538461538461536 236
1737833211563 0.375 237
1737833211979 0.375 238
1737833212395 0.3958333333333333 239
1737833212815 0.42857142857142855 240
1737833213231 0.4158415841584158 241
1737833213647 0.4716981132075472 242
1737833214067 0.34408602150537637 243
1737833214486 0.37362637362637363 244
1737833214902 0.40816326530612246 245
1737833215320 0.3218390804597701 246
1737833215737 0.44 247
1737833216162 0.43478260869565216 248
1737833216578 0.3076923076923077 249
1737833216994 0.45098039215686275 250
1737833217411 0.345679012345679 251
1737833217830 0.24 252
1737833218246 0.2222222222222222 253
1737833218662 0.24324324324324326 254
1737833219081 0.3037974683544304 255
1737833219497 0.3188405797101449 256
1737833219918 0.3611111111111111 257
1737833220337 0.3333333333333333 258
1737833220755 0.24615384615384617 259
1737833221174 0.16 260
1737833221591 0.18421052631578946 261
1737833222011 0.27848101265822783 262
1737833222432 0.32 263
1737833222856 0.3076923076923077 264
1737833223273 0.36363636363636365 265
1737833223690 0.23376623376623376 266
1737833224109 0.26229508196721313 267
1737833224525 0.2857142857142857 268
1737833224945 0.3235294117647059 269
1737833225359 0.4 270
1737833225777 0.2702702702702703 271
1737833226193 0.345679012345679 272
1737833226611 0.30985915492957744 273
1737833227029 0.3170731707317073 274
1737833227444 0.3132530120481928 275
1737833227871 0.3488372093023256 276
1737833228287 0.29213483146067415 277
1737833228707 0.24719101123595505 278
1737833229126 0.38095238095238093 279
1737833229545 0.3333333333333333 280
1737833229966 0.29213483146067415 281
1737833230382 0.4716981132075472 282
1737833230802 0.3404255319148936 283
1737833231218 0.37894736842105264 284
1737833231636 0.3157894736842105 285
1737833232056 0.3368421052631579 286
1737833232472 0.31683168316831684 287
1737833232890 0.4854368932038835 288
1737833233307 0.20930232558139536 289
1737833233723 0.37254901960784315 290
1737833234143 0.37254901960784315 291
1737833234561 0.449438202247191 292
1737833234981 0.37735849056603776 293
1737833235396 0.39285714285714285 294
1737833235813 0.375 295
1737833236233 0.47619047619047616 296
1737833236650 0.48695652173913045 297
1737833237068 0.3584905660377358 298
1737833237486 0.44642857142857145 299
1737833237904 0.4424778761061947 300
1737833238322 0.4262295081967213 301
1737833238740 0.38181818181818183 302
1737833239166 0.41818181818181815 303
1737833239580 0.5203252032520326 304
1737833239999 0.32967032967032966 305
1737833240416 0.3333333333333333 306
1737833240833 0.3157894736842105 307
1737833241250 0.3516483516483517 308
1737833241667 0.38202247191011235 309
1737833242087 0.3870967741935484 310
1737833242505 0.4878048780487805 311
1737833242921 0.29545454545454547 312
1737833243340 0.3617021276595745 313
1737833243760 0.4318181818181818 314
1737833244178 0.42105263157894735 315
1737833244595 0.358974358974359 316
1737833245012 0.3333333333333333 317
1737833245432 0.3829787234042553 318
1737833245870 0.36 319
1737833246322 0.24719101123595505 320
1737833246832 0.3469387755102041 321
1737833247280 0.40425531914893614 322
1737833247732 0.3333333333333333 323
1737833248183 0.3300970873786408 324
1737833248635 0.375 325
1737833249087 0.45714285714285713 326
1737833249537 0.3516483516483517 327
1737833249966 0.27722772277227725 328
1737833250382 0.41904761904761906 329
1737833250799 0.45871559633027525 330
1737833251217 0.3564356435643564 331
1737833251635 0.2823529411764706 332
1737833252054 0.3076923076923077 333
1737833252471 0.33707865168539325 334
1737833252888 0.2988505747126437 335
1737833253306 0.273972602739726 336
1737833253723 0.3076923076923077 337
1737833254139 0.345679012345679 338
1737833254556 0.36065573770491804 339
1737833254973 0.3157894736842105 340
1737833255389 0.2465753424657534 341
1737833255806 0.275 342
1737833256221 0.2702702702702703 343
1737833256636 0.23529411764705882 344
1737833257055 0.23076923076923078 345
1737833257470 0.2465753424657534 346
1737833257888 0.2571428571428571 347
1737833258300 0.275 348
1737833258719 0.33766233766233766 349
1737833259136 0.2028985507246377 350
1737833259550 0.3291139240506329 351
1737833259968 0.26666666666666666 352
1737833260382 0.2727272727272727 353
1737833260801 0.25 354
1737833261217 0.16 355
1737833261630 0.15873015873015872 356
1737833262045 0.13333333333333333 357
1737833262461 0.20689655172413793 358
1737833262880 0.16901408450704225 359
1737833263296 0.15384615384615385 360
1737833263712 0.22580645161290322 361
1737833264131 0.2571428571428571 362
1737833264549 0.2777777777777778 363
1737833264968 0.35 364
1737833265382 0.2857142857142857 365
1737833265806 0.21686746987951808 366
1737833266245 0.41304347826086957 367
1737833266709 0.32432432432432434 368
1737833267128 0.3333333333333333 369
1737833267544 0.2682926829268293 370
1737833268005 0.3037974683544304 371
1737833268431 0.34210526315789475 372
1737833268874 0.2894736842105263 373
1737833269289 0.2857142857142857 374
1737833269707 0.3125 375
1737833270135 0.2028985507246377 376
1737833270560 0.20588235294117646 377
1737833270980 0.15625 378
1737833271423 0.3384615384615385 379
1737833271860 0.21875 380
1737833272282 0.03508771929824561 381
1737833272704 0.26666666666666666 382
1737833273131 0.15384615384615385 383
1737833273553 0.29508196721311475 384
1737833273987 0.11940298507462686 385
1737833274407 0.2857142857142857 386
1737833274848 0.3225806451612903 387
1737833275313 0.29411764705882354 388
1737833275738 0.18181818181818182 389
1737833276164 0.23529411764705882 390
1737833276609 0.3373493975903614 391
1737833277070 0.3333333333333333 392
1737833277518 0.30952380952380953 393
1737833277936 0.47706422018348627 394
1737833278353 0.35789473684210527 395
1737833278769 0.3010752688172043 396
1737833279187 0.4077669902912621 397
1737833279600 0.48695652173913045 398
1737833280028 0.40384615384615385 399
1737833280458 0.4838709677419355 400
1737833280873 0.464 401
1737833281323 0.47058823529411764 402
1737833281755 0.4782608695652174 403
1737833282188 0.33587786259541985 404
1737833282602 0.42857142857142855 405
1737833283018 0.48226950354609927 406
1737833283448 0.5481481481481482 407
1737833283910 0.4566929133858268 408
1737833284368 0.416 409
1737833284789 0.512396694214876 410
1737833285206 0.4423076923076923 411
1737833285622 0.4318181818181818 412
1737833286039 0.45454545454545453 413
1737833286491 0.32558139534883723 414
1737833286944 0.3157894736842105 415
1737833287364 0.19672131147540983 416
1737833287796 0.1917808219178082 417
1737833288212 0.27692307692307694 418
1737833288629 0.20689655172413793 419
1737833289049 0.2916666666666667 420
1737833289464 0.13333333333333333 421
1737833289884 0.17647058823529413 422
1737833290322 0.2028985507246377 423
1737833290761 0.18867924528301888 424
1737833291185 0.06557377049180328 425
1737833291606 0.2857142857142857 426
1737833292031 0.11428571428571428 427
1737833292448 0.2191780821917808 428
1737833292868 0.13333333333333333 429
1737833293302 0.24561403508771928 430
1737833293783 0.19047619047619047 431
1737833294251 0.24615384615384617 432
1737833294706 0.14035087719298245 433
1737833295144 0.23529411764705882 434
1737833295586 0.23333333333333334 435
1737833296019 0.26865671641791045 436
1737833296466 0.1935483870967742 437
1737833296923 0.24324324324324326 438
1737833297365 0.13513513513513514 439
1737833297791 0.3188405797101449 440
1737833298225 0.29333333333333333 441
1737833298666 0.2535211267605634 442
1737833299110 0.4383561643835616 443
1737833299559 0.4266666666666667 444
1737833299998 0.358974358974359 445
1737833300435 0.41379310344827586 446
1737833300902 0.21686746987951808 447
1737833301352 0.24691358024691357 448
1737833301800 0.27848101265822783 449
1737833302243 0.1794871794871795 450
1737833302686 0.24 451
1737833303127 0.07407407407407407 452
1737833303564 0.16393442622950818 453
1737833304003 0.046511627906976744 454
1737833304438 0.047619047619047616 455
1737833304877 0.0425531914893617 456
1737833305327 0.0 457
1737833305793 0.047619047619047616 458
1737833306244 0.0392156862745098 459
1737833306688 0.044444444444444446 460
1737833307124 0.0 461
1737833307574 0.0 462
1737833308039 0.0 463
1737833308483 0.0 464
1737833308948 0.05128205128205128 465
1737833309393 0.0 466
1737833309841 0.07692307692307693 467
1737833310295 0.08695652173913043 468
1737833310757 0.08888888888888889 469
1737833311210 0.0 470
1737833311659 0.09523809523809523 471
1737833312132 0.1016949152542373 472
