1737833113080 0.3359375 1
1737833113495 0.40625 2
1737833113910 0.4765625 3
1737833114324 0.3125 4
1737833114736 0.3984375 5
1737833115150 0.5 6
1737833115565 0.4375 7
1737833116016 0.6328125 8
1737833116429 0.609375 9
1737833116846 0.59375 10
1737833117260 0.6796875 11
1737833117675 0.7109375 12
1737833118091 0.7109375 13
1737833118506 0.421875 14
1737833118924 0.578125 15
1737833119336 0.625 16
1737833119748 0.6171875 17
1737833120164 0.6015625 18
1737833120577 0.5625 19
1737833120993 0.5390625 20
1737833121407 0.59375 21
1737833121824 0.625 22
1737833122235 0.6015625 23
1737833122652 0.6015625 24
1737833123068 0.4765625 25
1737833123483 0.3515625 26
1737833123903 0.390625 27
1737833124317 0.421875 28
1737833124731 0.515625 29
1737833125149 0.4609375 30
1737833125565 0.46875 31
1737833125980 0.375 32
1737833126397 0.2734375 33
1737833126815 0.3828125 34
1737833127230 0.3359375 35
1737833127647 0.3046875 36
1737833128064 0.3125 37
1737833128481 0.28125 38
1737833128900 0.328125 39
1737833129316 0.3515625 40
1737833129730 0.34375 41
1737833130148 0.3515625 42
1737833130564 0.2890625 43
1737833130985 0.3359375 44
1737833131402 0.3359375 45
1737833131822 0.28125 46
1737833132238 0.34375 47
1737833132652 0.328125 48
1737833133070 0.359375 49
1737833133486 0.328125 50
1737833133904 0.3515625 51
1737833134317 0.3828125 52
1737833134737 0.3203125 53
1737833135154 0.375 54
1737833135570 0.2890625 55
1737833135987 0.28125 56
1737833136403 0.390625 57
1737833136819 0.3203125 58
1737833137235 0.2734375 59
1737833137651 0.34375 60
1737833138068 0.2890625 61
1737833138486 0.3203125 62
1737833138904 0.328125 63
1737833139319 0.3125 64
1737833139734 0.3125 65
1737833140151 0.359375 66
1737833140568 0.265625 67
1737833140985 0.2890625 68
1737833141402 0.3125 69
1737833141822 0.2890625 70
1737833142238 0.3359375 71
1737833142656 0.28125 72
1737833143074 0.390625 73
1737833143490 0.34375 74
1737833143908 0.34375 75
1737833144324 0.3515625 76
1737833144741 0.359375 77
1737833145158 0.2734375 78
1737833145574 0.328125 79
1737833145992 0.3515625 80
1737833146408 0.3671875 81
1737833146826 0.359375 82
1737833147244 0.390625 83
1737833147660 0.40625 84
1737833148079 0.25 85
1737833148494 0.28125 86
1737833148914 0.375 87
1737833149331 0.375 88
1737833149747 0.4140625 89
1737833150165 0.3203125 90
1737833150581 0.2890625 91
1737833150999 0.2890625 92
1737833151416 0.328125 93
1737833151835 0.328125 94
1737833152252 0.3046875 95
1737833152668 0.4140625 96
1737833153086 0.4140625 97
1737833153503 0.328125 98
1737833153921 0.28125 99
1737833154336 0.34375 100
1737833154751 0.4296875 101
1737833155168 0.3671875 102
1737833155584 0.375 103
1737833156003 0.296875 104
1737833156418 0.3515625 105
1737833156837 0.3671875 106
1737833157253 0.328125 107
1737833157671 0.3359375 108
1737833158091 0.328125 109
1737833158507 0.3046875 110
1737833158924 0.390625 111
1737833159340 0.3828125 112
1737833159760 0.296875 113
1737833160177 0.3203125 114
1737833160597 0.296875 115
1737833161014 0.265625 116
1737833161432 0.359375 117
1737833161851 0.21875 118
1737833162274 0.2734375 119
1737833162696 0.3046875 120
1737833163112 0.296875 121
1737833163527 0.3125 122
1737833163945 0.34375 123
1737833164360 0.2890625 124
1737833164785 0.3515625 125
1737833165201 0.3671875 126
1737833165617 0.2734375 127
1737833166036 0.375 128
1737833166454 0.359375 129
1737833166873 0.3125 130
1737833167288 0.3046875 131
1737833167707 0.2890625 132
1737833168125 0.4140625 133
1737833168542 0.3125 134
1737833168959 0.328125 135
1737833169376 0.265625 136
1737833169794 0.3671875 137
1737833170210 0.40625 138
1737833170627 0.2734375 139
1737833171044 0.375 140
1737833171458 0.3125 141
1737833171878 0.296875 142
1737833172295 0.34375 143
1737833172713 0.34375 144
1737833173131 0.34375 145
1737833173547 0.390625 146
1737833173966 0.3671875 147
1737833174383 0.3125 148
1737833174803 0.3515625 149
1737833175221 0.3203125 150
1737833175640 0.2734375 151
1737833176058 0.40625 152
1737833176475 0.3671875 153
1737833176892 0.28125 154
1737833177309 0.3046875 155
1737833177728 0.34375 156
1737833178147 0.296875 157
1737833178565 0.2890625 158
1737833178984 0.390625 159
1737833179400 0.296875 160
1737833179819 0.3515625 161
1737833180237 0.421875 162
1737833180653 0.375 163
1737833181073 0.3203125 164
1737833181491 0.34375 165
1737833181910 0.28125 166
1737833182326 0.3125 167
1737833182743 0.328125 168
1737833183160 0.328125 169
1737833183576 0.34375 170
1737833183996 0.2734375 171
1737833184413 0.4453125 172
1737833184832 0.3046875 173
1737833185248 0.3125 174
1737833185665 0.34375 175
1737833186082 0.3359375 176
1737833186499 0.3203125 177
1737833186917 0.3828125 178
1737833187333 0.28125 179
1737833187749 0.34375 180
1737833188167 0.421875 181
1737833188588 0.296875 182
1737833189006 0.328125 183
1737833189426 0.296875 184
1737833189844 0.3671875 185
1737833190261 0.4296875 186
1737833190676 0.3125 187
1737833191095 0.3046875 188
1737833191512 0.3046875 189
1737833191934 0.28125 190
1737833192353 0.28125 191
1737833192772 0.3125 192
1737833193192 0.4296875 193
1737833193609 0.421875 194
1737833194027 0.40625 195
1737833194445 0.3671875 196
1737833194866 0.328125 197
1737833195283 0.3046875 198
1737833195701 0.3046875 199
1737833196121 0.34375 200
1737833196537 0.2265625 201
1737833196955 0.3359375 202
1737833197374 0.3828125 203
1737833197793 0.328125 204
1737833198210 0.3203125 205
1737833198627 0.34375 206
1737833199047 0.3046875 207
1737833199463 0.3203125 208
1737833199881 0.3671875 209
1737833200299 0.3515625 210
1737833200716 0.28125 211
1737833201134 0.375 212
1737833201549 0.3046875 213
1737833201967 0.3046875 214
1737833202384 0.3359375 215
1737833202804 0.2421875 216
1737833203221 0.2734375 217
1737833203638 0.4140625 218
1737833204056 0.2890625 219
1737833204480 0.3125 220
1737833204900 0.328125 221
1737833205319 0.3671875 222
1737833205735 0.28125 223
1737833206154 0.375 224
1737833206569 0.3359375 225
1737833206986 0.34375 226
1737833207401 0.375 227
1737833207820 0.3125 228
1737833208237 0.328125 229
1737833208651 0.359375 230
1737833209070 0.375 231
1737833209484 0.296875 232
1737833209902 0.328125 233
1737833210318 0.265625 234
1737833210734 0.3828125 235
1737833211152 0.3203125 236
1737833211568 0.3359375 237
1737833211984 0.296875 238
1737833212400 0.28125 239
1737833212819 0.375 240
1737833213236 0.328125 241
1737833213652 0.3671875 242
1737833214072 0.34375 243
1737833214490 0.359375 244
1737833214907 0.3359375 245
1737833215326 0.359375 246
1737833215742 0.40625 247
1737833216167 0.375 248
1737833216583 0.328125 249
1737833217000 0.3671875 250
1737833217416 0.390625 251
1737833217835 0.296875 252
1737833218251 0.3125 253
1737833218667 0.3984375 254
1737833219086 0.34375 255
1737833219502 0.34375 256
1737833219924 0.40625 257
1737833220343 0.34375 258
1737833220760 0.359375 259
1737833221179 0.265625 260
1737833221596 0.2421875 261
1737833222017 0.3203125 262
1737833222437 0.359375 263
1737833222860 0.328125 264
1737833223278 0.390625 265
1737833223695 0.2890625 266
1737833224114 0.2890625 267
1737833224531 0.3203125 268
1737833224950 0.359375 269
1737833225366 0.3515625 270
1737833225782 0.3046875 271
1737833226198 0.3203125 272
1737833226616 0.3671875 273
1737833227034 0.359375 274
1737833227449 0.359375 275
1737833227876 0.3359375 276
1737833228292 0.2890625 277
1737833228712 0.28125 278
1737833229131 0.359375 279
1737833229549 0.34375 280
1737833229971 0.2890625 281
1737833230388 0.3828125 282
1737833230807 0.2578125 283
1737833231223 0.2734375 284
1737833231642 0.2421875 285
1737833232062 0.3046875 286
1737833232478 0.3046875 287
1737833232896 0.390625 288
1737833233312 0.265625 289
1737833233728 0.3359375 290
1737833234149 0.3203125 291
1737833234566 0.3359375 292
1737833234986 0.3359375 293
1737833235400 0.2890625 294
1737833235819 0.3125 295
1737833236239 0.40625 296
1737833236655 0.4140625 297
1737833237073 0.3046875 298
1737833237491 0.3359375 299
1737833237909 0.3125 300
1737833238326 0.3203125 301
1737833238745 0.3203125 302
1737833239171 0.3203125 303
1737833239585 0.3671875 304
1737833240004 0.28125 305
1737833240421 0.328125 306
1737833240838 0.2890625 307
1737833241256 0.3203125 308
1737833241672 0.3671875 309
1737833242092 0.359375 310
1737833242510 0.3984375 311
1737833242927 0.3203125 312
1737833243345 0.3515625 313
1737833243766 0.296875 314
1737833244183 0.3125 315
1737833244599 0.390625 316
1737833245018 0.265625 317
1737833245437 0.3359375 318
1737833245875 0.3125 319
1737833246330 0.2890625 320
1737833246837 0.3125 321
1737833247285 0.3359375 322
1737833247737 0.3203125 323
1737833248189 0.2578125 324
1737833248640 0.3515625 325
1737833249092 0.3828125 326
1737833249544 0.3359375 327
1737833249970 0.2265625 328
1737833250387 0.34375 329
1737833250805 0.3203125 330
1737833251222 0.2734375 331
1737833251640 0.3359375 332
1737833252060 0.328125 333
1737833252476 0.34375 334
1737833252895 0.2734375 335
1737833253311 0.3203125 336
1737833253727 0.28125 337
1737833254145 0.3359375 338
1737833254560 0.3671875 339
1737833254979 0.3359375 340
1737833255394 0.3046875 341
1737833255811 0.3515625 342
1737833256226 0.3125 343
1737833256641 0.359375 344
1737833257060 0.3359375 345
1737833257475 0.3359375 346
1737833257893 0.28125 347
1737833258307 0.3046875 348
1737833258724 0.3125 349
1737833259140 0.359375 350
1737833259555 0.4296875 351
1737833259973 0.390625 352
1737833260388 0.4140625 353
1737833260806 0.359375 354
1737833261221 0.3515625 355
1737833261636 0.3359375 356
1737833262051 0.265625 357
1737833262466 0.3984375 358
1737833262886 0.2890625 359
1737833263301 0.2578125 360
1737833263717 0.3046875 361
1737833264136 0.3046875 362
1737833264554 0.3203125 363
1737833264973 0.3515625 364
1737833265387 0.3828125 365
1737833265810 0.2578125 366
1737833266251 0.390625 367
1737833266715 0.34375 368
1737833267133 0.234375 369
1737833267550 0.359375 370
1737833268012 0.34375 371
1737833268436 0.328125 372
1737833268878 0.34375 373
1737833269294 0.328125 374
1737833269713 0.3125 375
1737833270139 0.2734375 376
1737833270565 0.359375 377
1737833270985 0.296875 378
1737833271429 0.375 379
1737833271866 0.3203125 380
1737833272287 0.28125 381
1737833272712 0.2734375 382
1737833273136 0.25 383
1737833273558 0.3359375 384
1737833273992 0.3125 385
1737833274412 0.375 386
1737833274852 0.375 387
1737833275318 0.375 388
1737833275744 0.2890625 389
1737833276169 0.3203125 390
1737833276615 0.3125 391
1737833277076 0.359375 392
1737833277523 0.2890625 393
1737833277941 0.359375 394
1737833278358 0.328125 395
1737833278775 0.25 396
1737833279192 0.3203125 397
1737833279605 0.375 398
1737833280033 0.34375 399
1737833280462 0.375 400
1737833280879 0.359375 401
1737833281328 0.3125 402
1737833281761 0.359375 403
1737833282193 0.2421875 404
1737833282607 0.3125 405
1737833283023 0.3671875 406
1737833283454 0.3984375 407
1737833283915 0.3515625 408
1737833284374 0.296875 409
1737833284794 0.4140625 410
1737833285211 0.4140625 411
1737833285627 0.40625 412
1737833286045 0.4296875 413
1737833286497 0.3359375 414
1737833286949 0.3515625 415
1737833287370 0.3359375 416
1737833287801 0.2890625 417
1737833288218 0.375 418
1737833288634 0.390625 419
1737833289054 0.3125 420
1737833289470 0.265625 421
1737833289889 0.296875 422
1737833290328 0.3984375 423
1737833290767 0.34375 424
1737833291190 0.265625 425
1737833291612 0.390625 426
1737833292037 0.2734375 427
1737833292454 0.3359375 428
1737833292873 0.3125 429
1737833293313 0.3203125 430
1737833293789 0.328125 431
1737833294261 0.359375 432
1737833294712 0.328125 433
1737833295149 0.3125 434
1737833295595 0.3828125 435
1737833296025 0.3515625 436
1737833296471 0.3359375 437
1737833296929 0.3359375 438
1737833297369 0.2890625 439
1737833297796 0.3203125 440
1737833298230 0.375 441
1737833298672 0.3046875 442
1737833299115 0.421875 443
1737833299565 0.4296875 444
1737833300003 0.359375 445
1737833300441 0.3359375 446
1737833300908 0.2578125 447
1737833301357 0.3125 448
1737833301805 0.2734375 449
1737833302248 0.296875 450
1737833302691 0.421875 451
1737833303132 0.3046875 452
1737833303569 0.375 453
1737833304008 0.3515625 454
1737833304444 0.359375 455
1737833304882 0.328125 456
1737833305333 0.328125 457
1737833305798 0.3125 458
1737833306250 0.3046875 459
1737833306693 0.3125 460
1737833307130 0.3203125 461
1737833307578 0.2890625 462
1737833308045 0.296875 463
1737833308489 0.3203125 464
1737833308953 0.328125 465
1737833309402 0.328125 466
1737833309847 0.296875 467
1737833310301 0.3359375 468
1737833310762 0.375 469
1737833311217 0.3125 470
1737833311665 0.296875 471
1737833312136 0.2734375 472
