1737833113085 0.35355520248413086 1
1737833113498 0.3739837408065796 2
1737833113913 0.4390956163406372 3
1737833114328 0.3333333432674408 4
1737833114740 0.4199430048465729 5
1737833115154 0.4930555522441864 6
1737833115569 0.43162479996681213 7
1737833116019 0.6070926785469055 8
1737833116433 0.5997412204742432 9
1737833116850 0.5815089344978333 10
1737833117265 0.6538820862770081 11
1737833117679 0.728935182094574 12
1737833118095 0.7168827652931213 13
1737833118510 0.41342484951019287 14
1737833118927 0.6052591800689697 15
1737833119340 0.6264292597770691 16
1737833119753 0.6523284316062927 17
1737833120167 0.6111312508583069 18
1737833120581 0.5588547587394714 19
1737833120997 0.5567913055419922 20
1737833121411 0.620003879070282 21
1737833121828 0.626738965511322 22
1737833122240 0.6010351777076721 23
1737833122655 0.5792045593261719 24
1737833123072 0.458657830953598 25
1737833123487 0.3550724685192108 26
1737833123907 0.3232412040233612 27
1737833124321 0.4777778089046478 28
1737833124735 0.5107556581497192 29
1737833125153 0.4626533091068268 30
1737833125568 0.4625113010406494 31
1737833125984 0.3730158805847168 32
1737833126401 0.3333333432674408 33
1737833126819 0.33682191371917725 34
1737833127234 0.3279132843017578 35
1737833127650 0.3204081356525421 36
1737833128068 0.3333333432674408 37
1737833128484 0.3333333432674408 38
1737833128904 0.3333333432674408 39
1737833129320 0.3333333432674408 40
1737833129734 0.3333333432674408 41
1737833130153 0.32641634345054626 42
1737833130568 0.28536921739578247 43
1737833130989 0.31228435039520264 44
1737833131406 0.32558920979499817 45
1737833131825 0.3311688303947449 46
1737833132242 0.32870370149612427 47
1737833132656 0.31488803029060364 48
1737833133073 0.3416149318218231 49
1737833133490 0.33914053440093994 50
1737833133907 0.3374939262866974 51
1737833134322 0.3671717345714569 52
1737833134741 0.32513105869293213 53
1737833135158 0.3746516704559326 54
1737833135574 0.2962532341480255 55
1737833135991 0.2941919267177582 56
1737833136407 0.3865642547607422 57
1737833136822 0.3228778541088104 58
1737833137239 0.2828425168991089 59
1737833137655 0.34272098541259766 60
1737833138072 0.2849663496017456 61
1737833138490 0.3310077488422394 62
1737833138907 0.3343818187713623 63
1737833139323 0.30134323239326477 64
1737833139738 0.31835976243019104 65
1737833140155 0.360380083322525 66
1737833140572 0.26672446727752686 67
1737833140990 0.30588677525520325 68
1737833141406 0.2997835576534271 69
1737833141826 0.29340463876724243 70
1737833142242 0.33864736557006836 71
1737833142659 0.2743859589099884 72
1737833143078 0.3698975741863251 73
1737833143494 0.32842525839805603 74
1737833143912 0.3273049592971802 75
1737833144328 0.3530876934528351 76
1737833144745 0.3828042447566986 77
1737833145162 0.29029902815818787 78
1737833145577 0.30855217576026917 79
1737833145995 0.32311832904815674 80
1737833146412 0.36544013023376465 81
1737833146830 0.3452012836933136 82
1737833147247 0.3923647701740265 83
1737833147664 0.408207505941391 84
1737833148083 0.26974359154701233 85
1737833148498 0.3074510991573334 86
1737833148919 0.38458311557769775 87
1737833149335 0.3639349043369293 88
1737833149750 0.3788719177246094 89
1737833150168 0.27648547291755676 90
1737833150584 0.29400157928466797 91
1737833151003 0.30545809864997864 92
1737833151420 0.33127307891845703 93
1737833151838 0.30208876729011536 94
1737833152256 0.3136892020702362 95
1737833152673 0.4003576338291168 96
1737833153089 0.43997669219970703 97
1737833153507 0.3409937918186188 98
1737833153925 0.301268607378006 99
1737833154340 0.34730836749076843 100
1737833154755 0.42276933789253235 101
1737833155172 0.3597308397293091 102
1737833155588 0.41306939721107483 103
1737833156007 0.2925749719142914 104
1737833156421 0.35142120718955994 105
1737833156840 0.3579759895801544 106
1737833157257 0.3203999102115631 107
1737833157676 0.34263119101524353 108
1737833158095 0.3380262553691864 109
1737833158510 0.3183630406856537 110
1737833158928 0.388651967048645 111
1737833159345 0.3685077428817749 112
1737833159764 0.28195488452911377 113
1737833160182 0.33651837706565857 114
1737833160600 0.31111112236976624 115
1737833161019 0.2728642225265503 116
1737833161436 0.3604651391506195 117
1737833161855 0.23543107509613037 118
1737833162278 0.27026504278182983 119
1737833162699 0.3058324158191681 120
1737833163116 0.29693037271499634 121
1737833163530 0.30539795756340027 122
1737833163949 0.34564319252967834 123
1737833164364 0.2901515066623688 124
1737833164789 0.3530232608318329 125
1737833165205 0.3472011089324951 126
1737833165620 0.29068806767463684 127
1737833166040 0.3649398386478424 128
1737833166458 0.37285351753234863 129
1737833166876 0.34587323665618896 130
1737833167292 0.31136831641197205 131
1737833167711 0.2995299696922302 132
1737833168129 0.41702744364738464 133
1737833168546 0.30772948265075684 134
1737833168964 0.3363095223903656 135
1737833169379 0.26495033502578735 136
1737833169797 0.37103626132011414 137
1737833170214 0.3934352397918701 138
1737833170631 0.2887493371963501 139
1737833171048 0.3750966787338257 140
1737833171463 0.31255385279655457 141
1737833171881 0.31507936120033264 142
1737833172298 0.3448770046234131 143
1737833172717 0.3133004903793335 144
1737833173135 0.37320709228515625 145
1737833173551 0.37640902400016785 146
1737833173970 0.3721877336502075 147
1737833174387 0.2964685261249542 148
1737833174807 0.35025882720947266 149
1737833175224 0.318452924489975 150
1737833175644 0.26829656958580017 151
1737833176062 0.4210287630558014 152
1737833176478 0.36701512336730957 153
1737833176896 0.29882439970970154 154
1737833177314 0.29996323585510254 155
1737833177732 0.34583333134651184 156
1737833178150 0.30389443039894104 157
1737833178569 0.2867746353149414 158
1737833178988 0.3832976818084717 159
1737833179404 0.30644258856773376 160
1737833179823 0.34447455406188965 161
1737833180241 0.4424374997615814 162
1737833180658 0.36397305130958557 163
1737833181077 0.3290513753890991 164
1737833181494 0.3387695848941803 165
1737833181913 0.28193315863609314 166
1737833182331 0.3154105246067047 167
1737833182748 0.328414648771286 168
1737833183164 0.3126085698604584 169
1737833183581 0.357669860124588 170
1737833183999 0.27875494956970215 171
1737833184416 0.41753074526786804 172
1737833184836 0.3151790201663971 173
1737833185252 0.3201119601726532 174
1737833185669 0.3437025547027588 175
1737833186085 0.3476128578186035 176
1737833186503 0.31828999519348145 177
1737833186920 0.3709791600704193 178
1737833187337 0.2829059958457947 179
1737833187753 0.34632039070129395 180
1737833188170 0.4123997688293457 181
1737833188592 0.28289511799812317 182
1737833189010 0.32161930203437805 183
1737833189431 0.275530070066452 184
1737833189848 0.3505440056324005 185
1737833190265 0.42908143997192383 186
1737833190681 0.3342970609664917 187
1737833191099 0.3115501403808594 188
1737833191516 0.3262746334075928 189
1737833191938 0.27489301562309265 190
1737833192357 0.3139263391494751 191
1737833192776 0.32370492815971375 192
1737833193196 0.4211626946926117 193
1737833193613 0.414650559425354 194
1737833194031 0.4077412784099579 195
1737833194449 0.3597373962402344 196
1737833194870 0.32190364599227905 197
1737833195286 0.2952865958213806 198
1737833195705 0.3299426734447479 199
1737833196125 0.3428223133087158 200
1737833196541 0.2411685436964035 201
1737833196960 0.3338870704174042 202
1737833197378 0.3515370786190033 203
1737833197797 0.33020922541618347 204
1737833198214 0.32989993691444397 205
1737833198631 0.33031144738197327 206
1737833199050 0.3402116298675537 207
1737833199466 0.3366427421569824 208
1737833199885 0.3698192536830902 209
1737833200303 0.3647453784942627 210
1737833200720 0.2816137373447418 211
1737833201137 0.37356457114219666 212
1737833201553 0.3184885084629059 213
1737833201970 0.3028639256954193 214
1737833202388 0.3460077941417694 215
1737833202808 0.26883772015571594 216
1737833203224 0.27011722326278687 217
1737833203642 0.423257440328598 218
1737833204061 0.2939110994338989 219
1737833204484 0.3209064304828644 220
1737833204904 0.34366095066070557 221
1737833205322 0.36814677715301514 222
1737833205739 0.27855297923088074 223
1737833206158 0.3848545253276825 224
1737833206573 0.3346840441226959 225
1737833206989 0.3440701961517334 226
1737833207405 0.34230151772499084 227
1737833207824 0.3090948164463043 228
1737833208240 0.3476923406124115 229
1737833208655 0.3583333194255829 230
1737833209072 0.3563132584095001 231
1737833209488 0.30388975143432617 232
1737833209906 0.33824142813682556 233
1737833210322 0.2951388955116272 234
1737833210737 0.33831605315208435 235
1737833211155 0.330407977104187 236
1737833211572 0.33933958411216736 237
1737833211988 0.29747474193573 238
1737833212405 0.28801095485687256 239
1737833212823 0.35962963104248047 240
1737833213240 0.33901944756507874 241
1737833213656 0.3712121248245239 242
1737833214077 0.3549744784832001 243
1737833214494 0.36418890953063965 244
1737833214911 0.332032173871994 245
1737833215329 0.36586108803749084 246
1737833215746 0.4062201678752899 247
1737833216171 0.37855294346809387 248
1737833216586 0.3351191282272339 249
1737833217003 0.3572445809841156 250
1737833217420 0.3896721303462982 251
1737833217839 0.2932530343532562 252
1737833218255 0.3047836124897003 253
1737833218671 0.3972187042236328 254
1737833219089 0.3510230481624603 255
1737833219506 0.3398398458957672 256
1737833219927 0.4007751941680908 257
1737833220347 0.3632441461086273 258
1737833220764 0.3455164134502411 259
1737833221183 0.2622591257095337 260
1737833221600 0.23926977813243866 261
1737833222020 0.32121214270591736 262
1737833222442 0.3559523820877075 263
1737833222864 0.3344823122024536 264
1737833223282 0.3957611620426178 265
1737833223699 0.2975492775440216 266
1737833224118 0.28514280915260315 267
1737833224534 0.3237293064594269 268
1737833224953 0.3697643280029297 269
1737833225369 0.3508828580379486 270
1737833225786 0.31311270594596863 271
1737833226201 0.32698118686676025 272
1737833226620 0.3613133430480957 273
1737833227038 0.357924222946167 274
1737833227455 0.35450541973114014 275
1737833227879 0.3393939435482025 276
1737833228296 0.2886909246444702 277
1737833228716 0.2767029106616974 278
1737833229135 0.3587430715560913 279
1737833229554 0.34207579493522644 280
1737833229975 0.2901515066623688 281
1737833230391 0.37429213523864746 282
1737833230811 0.25757575035095215 283
1737833231227 0.27525877952575684 284
1737833231646 0.25225815176963806 285
1737833232066 0.32113564014434814 286
1737833232482 0.31828299164772034 287
1737833232900 0.38441145420074463 288
1737833233316 0.27327534556388855 289
1737833233732 0.3316931426525116 290
1737833234153 0.3124343454837799 291
1737833234571 0.3448900282382965 292
1737833234989 0.33451712131500244 293
1737833235404 0.2800551950931549 294
1737833235823 0.33199867606163025 295
1737833236243 0.40544453263282776 296
1737833236660 0.4007885456085205 297
1737833237076 0.2977554500102997 298
1737833237495 0.32410237193107605 299
1737833237913 0.30419179797172546 300
1737833238330 0.31205645203590393 301
1737833238749 0.3202432692050934 302
1737833239175 0.33055493235588074 303
1737833239589 0.34917259216308594 304
1737833240009 0.2904040515422821 305
1737833240425 0.32321274280548096 306
1737833240842 0.29297199845314026 307
1737833241260 0.35009655356407166 308
1737833241676 0.3725053369998932 309
1737833242096 0.3731725215911865 310
1737833242514 0.40992066264152527 311
1737833242931 0.32090869545936584 312
1737833243350 0.3560952842235565 313
1737833243769 0.29215916991233826 314
1737833244187 0.2965000569820404 315
1737833244603 0.3893939256668091 316
1737833245022 0.2679918110370636 317
1737833245441 0.33804237842559814 318
1737833245879 0.31803545355796814 319
1737833246338 0.2872830927371979 320
1737833246841 0.3136363625526428 321
1737833247291 0.3239558935165405 322
1737833247741 0.33862271904945374 323
1737833248193 0.25083211064338684 324
1737833248644 0.3597099781036377 325
1737833249096 0.38910380005836487 326
1737833249548 0.3184295892715454 327
1737833249974 0.22702105343341827 328
1737833250390 0.33985471725463867 329
1737833250809 0.29724907875061035 330
1737833251226 0.2859829366207123 331
1737833251644 0.3419007360935211 332
1737833252064 0.33021441102027893 333
1737833252479 0.34785354137420654 334
1737833252899 0.27957460284233093 335
1737833253315 0.3202488124370575 336
1737833253731 0.29234203696250916 337
1737833254148 0.3458704650402069 338
1737833254565 0.34951770305633545 339
1737833254982 0.3448244333267212 340
1737833255397 0.30136752128601074 341
1737833255815 0.36799192428588867 342
1737833256230 0.30914106965065 343
1737833256645 0.34248003363609314 344
1737833257064 0.3431818187236786 345
1737833257480 0.3269100487232208 346
1737833257897 0.29452991485595703 347
1737833258311 0.31264957785606384 348
1737833258728 0.3280998468399048 349
1737833259144 0.32140710949897766 350
1737833259559 0.42295780777931213 351
1737833259977 0.37545040249824524 352
1737833260392 0.3971121311187744 353
1737833260810 0.3616931140422821 354
1737833261225 0.38175296783447266 355
1737833261640 0.3265993297100067 356
1737833262055 0.2551182806491852 357
1737833262470 0.38937613368034363 358
1737833262890 0.30877885222435 359
1737833263305 0.2588516175746918 360
1737833263720 0.3116021454334259 361
1737833264141 0.32052329182624817 362
1737833264558 0.33697640895843506 363
1737833264976 0.354074090719223 364
1737833265391 0.37873995304107666 365
1737833265815 0.25575754046440125 366
1737833266255 0.3824995458126068 367
1737833266718 0.34662091732025146 368
1737833267136 0.23900966346263885 369
1737833267554 0.35854700207710266 370
1737833268015 0.3446948230266571 371
1737833268441 0.33122894167900085 372
1737833268882 0.3417493402957916 373
1737833269299 0.33041754364967346 374
1737833269718 0.3156084716320038 375
1737833270144 0.2717253863811493 376
1737833270568 0.3564213514328003 377
1737833270990 0.28953638672828674 378
1737833271432 0.38085973262786865 379
1737833271870 0.3218900263309479 380
1737833272293 0.2565549314022064 381
1737833272716 0.2874579131603241 382
1737833273139 0.26023390889167786 383
1737833273562 0.3301520049571991 384
1737833273996 0.3271315395832062 385
1737833274416 0.375 386
1737833274857 0.3686452805995941 387
1737833275321 0.36922815442085266 388
1737833275748 0.2796018421649933 389
1737833276173 0.3586857318878174 390
1737833276619 0.315121054649353 391
1737833277081 0.3585357367992401 392
1737833277527 0.2961808145046234 393
1737833277944 0.3353370428085327 394
1737833278362 0.3280552327632904 395
1737833278780 0.25303030014038086 396
1737833279196 0.31691744923591614 397
1737833279608 0.36573895812034607 398
1737833280036 0.3515748083591461 399
1737833280466 0.36250075697898865 400
1737833280882 0.36204278469085693 401
1737833281332 0.2891113758087158 402
1737833281766 0.3368271589279175 403
1737833282196 0.29154905676841736 404
1737833282611 0.32508769631385803 405
1737833283028 0.35560718178749084 406
1737833283458 0.3687310516834259 407
1737833283919 0.37881359457969666 408
1737833284379 0.3158155381679535 409
1737833284799 0.4240410625934601 410
1737833285215 0.4287346303462982 411
1737833285631 0.4121403694152832 412
1737833286050 0.4257575571537018 413
1737833286501 0.3419218957424164 414
1737833286953 0.3536456525325775 415
1737833287376 0.32546472549438477 416
1737833287805 0.28296729922294617 417
1737833288222 0.36753347516059875 418
1737833288639 0.3804347515106201 419
1737833289058 0.30865058302879333 420
1737833289473 0.2850877344608307 421
1737833289893 0.30454546213150024 422
1737833290331 0.3836151659488678 423
1737833290771 0.3205552399158478 424
1737833291193 0.24420040845870972 425
1737833291615 0.3989059031009674 426
1737833292041 0.2654956579208374 427
1737833292457 0.355047345161438 428
1737833292878 0.3044523298740387 429
1737833293322 0.31431955099105835 430
1737833293794 0.31466007232666016 431
1737833294265 0.3447245657444 432
1737833294716 0.308258980512619 433
1737833295154 0.31788361072540283 434
1737833295602 0.3730331361293793 435
1737833296028 0.3293471336364746 436
1737833296475 0.3362864553928375 437
1737833296932 0.3570217192173004 438
1737833297374 0.3015483319759369 439
1737833297800 0.3232332468032837 440
1737833298234 0.38312801718711853 441
1737833298675 0.2996894419193268 442
1737833299119 0.41516435146331787 443
1737833299570 0.42946338653564453 444
1737833300009 0.3568322956562042 445
1737833300445 0.3436654806137085 446
1737833300913 0.2550300657749176 447
1737833301361 0.3077371418476105 448
1737833301808 0.272308349609375 449
1737833302252 0.2914789021015167 450
1737833302695 0.3958333432674408 451
1737833303137 0.2876262366771698 452
1737833303573 0.34991610050201416 453
1737833304012 0.3130253553390503 454
1737833304448 0.33246758580207825 455
1737833304886 0.33460378646850586 456
1737833305337 0.3350427448749542 457
1737833305802 0.3065427839756012 458
1737833306254 0.3312457799911499 459
1737833306696 0.315072625875473 460
1737833307133 0.2896270453929901 461
1737833307583 0.3083333373069763 462
1737833308050 0.2913256883621216 463
1737833308493 0.37685319781303406 464
1737833308957 0.30512189865112305 465
1737833309405 0.3343023359775543 466
1737833309851 0.3011396527290344 467
1737833310305 0.3303312659263611 468
1737833310766 0.35895904898643494 469
1737833311222 0.30935534834861755 470
1737833311669 0.27944859862327576 471
1737833312140 0.308215469121933 472
