1737833113067 0.23255813953488372 1
1737833113485 0.12195121951219512 2
1737833113898 0.9782608695652174 3
1737833114313 0.0 4
1737833114726 0.0 5
1737833115140 0.0 6
1737833115555 0.023255813953488372 7
1737833116005 0.3783783783783784 8
1737833116419 0.9285714285714286 9
1737833116835 0.6285714285714286 10
1737833117249 0.8372093023255814 11
1737833117664 0.8604651162790697 12
1737833118081 0.8648648648648649 13
1737833118496 0.13157894736842105 14
1737833118913 0.5490196078431373 15
1737833119325 0.9047619047619048 16
1737833119738 0.96875 17
1737833120153 0.85 18
1737833120566 0.5853658536585366 19
1737833120982 0.696969696969697 20
1737833121397 0.6216216216216216 21
1737833121813 0.9024390243902439 22
1737833122226 0.717391304347826 23
1737833122640 0.5405405405405406 24
1737833123058 0.7872340425531915 25
1737833123473 1.0 26
1737833123893 0.13953488372093023 27
1737833124306 0.6 28
1737833124721 0.7567567567567568 29
1737833125138 0.6923076923076923 30
1737833125554 0.6097560975609756 31
1737833125970 0.9761904761904762 32
1737833126386 1.0 33
1737833126803 0.9591836734693877 34
1737833127220 0.6666666666666666 35
1737833127635 0.0 36
1737833128054 0.0 37
1737833128469 0.0 38
1737833128891 0.0 39
1737833129306 0.0 40
1737833129720 0.0 41
1737833130138 0.0 42
1737833130554 0.0 43
1737833130973 0.0 44
1737833131390 0.0 45
1737833131810 0.0 46
1737833132228 0.0 47
1737833132642 0.0 48
1737833133059 0.0 49
1737833133475 0.0 50
1737833133894 0.02631578947368421 51
1737833134307 0.0 52
1737833134726 0.043478260869565216 53
1737833135142 0.02702702702702703 54
1737833135560 0.06666666666666667 55
1737833135977 0.09090909090909091 56
1737833136392 0.26666666666666666 57
1737833136808 0.21428571428571427 58
1737833137225 0.42857142857142855 59
1737833137641 0.5434782608695652 60
1737833138058 0.6363636363636364 61
1737833138476 0.7 62
1737833138893 0.6585365853658537 63
1737833139308 0.5869565217391305 64
1737833139724 0.4722222222222222 65
1737833140141 0.2894736842105263 66
1737833140557 0.3877551020408163 67
1737833140975 0.40540540540540543 68
1737833141393 0.21428571428571427 69
1737833141812 0.22727272727272727 70
1737833142228 0.2826086956521739 71
1737833142645 0.2 72
1737833143063 0.1111111111111111 73
1737833143479 0.15789473684210525 74
1737833143898 0.1388888888888889 75
1737833144315 0.0975609756097561 76
1737833144730 0.2 77
1737833145149 0.14 78
1737833145562 0.12121212121212122 79
1737833145982 0.13793103448275862 80
1737833146398 0.16666666666666666 81
1737833146816 0.1891891891891892 82
1737833147233 0.24390243902439024 83
1737833147649 0.19047619047619047 84
1737833148069 0.04 85
1737833148484 0.11538461538461539 86
1737833148905 0.1702127659574468 87
1737833149321 0.1282051282051282 88
1737833149736 0.2 89
1737833150154 0.2 90
1737833150569 0.1836734693877551 91
1737833150988 0.2222222222222222 92
1737833151405 0.3235294117647059 93
1737833151825 0.125 94
1737833152243 0.20588235294117646 95
1737833152657 0.40425531914893614 96
1737833153075 0.5 97
1737833153494 0.21428571428571427 98
1737833153912 0.2777777777777778 99
1737833154325 0.3111111111111111 100
1737833154741 0.4444444444444444 101
1737833155157 0.25 102
1737833155574 0.37777777777777777 103
1737833155993 0.21621621621621623 104
1737833156406 0.27906976744186046 105
1737833156826 0.21212121212121213 106
1737833157243 0.24390243902439024 107
1737833157660 0.20754716981132076 108
1737833158080 0.2619047619047619 109
1737833158495 0.21951219512195122 110
1737833158914 0.21739130434782608 111
1737833159331 0.15789473684210525 112
1737833159747 0.13157894736842105 113
1737833160168 0.1875 114
1737833160585 0.225 115
1737833161004 0.16326530612244897 116
1737833161423 0.37209302325581395 117
1737833161841 0.1111111111111111 118
1737833162262 0.17073170731707318 119
1737833162685 0.23255813953488372 120
1737833163101 0.2916666666666667 121
1737833163516 0.15555555555555556 122
1737833163935 0.3018867924528302 123
1737833164349 0.2727272727272727 124
1737833164775 0.38 125
1737833165191 0.42857142857142855 126
1737833165607 0.4523809523809524 127
1737833166026 0.5102040816326531 128
1737833166443 0.5897435897435898 129
1737833166862 0.6176470588235294 130
1737833167277 0.5384615384615384 131
1737833167695 0.4594594594594595 132
1737833168114 0.5476190476190477 133
1737833168530 0.45652173913043476 134
1737833168949 0.5 135
1737833169366 0.3111111111111111 136
1737833169783 0.3111111111111111 137
1737833170201 0.4594594594594595 138
1737833170617 0.38461538461538464 139
1737833171033 0.34146341463414637 140
1737833171449 0.17777777777777778 141
1737833171867 0.26666666666666666 142
1737833172285 0.2916666666666667 143
1737833172702 0.08571428571428572 144
1737833173122 0.1836734693877551 145
1737833173537 0.19444444444444445 146
1737833173955 0.19047619047619047 147
1737833174373 0.12195121951219512 148
1737833174793 0.175 149
1737833175211 0.13043478260869565 150
1737833175629 0.08695652173913043 151
1737833176049 0.15217391304347827 152
1737833176464 0.24390243902439024 153
1737833176881 0.22641509433962265 154
1737833177298 0.21621621621621623 155
1737833177717 0.3125 156
1737833178135 0.20930232558139536 157
1737833178555 0.3157894736842105 158
1737833178974 0.38636363636363635 159
1737833179391 0.3142857142857143 160
1737833179808 0.3333333333333333 161
1737833180227 0.32608695652173914 162
1737833180644 0.30303030303030304 163
1737833181063 0.20454545454545456 164
1737833181480 0.2903225806451613 165
1737833181900 0.28888888888888886 166
1737833182316 0.2727272727272727 167
1737833182733 0.32432432432432434 168
1737833183150 0.1875 169
1737833183566 0.288135593220339 170
1737833183985 0.14583333333333334 171
1737833184403 0.22580645161290322 172
1737833184822 0.15 173
1737833185237 0.23255813953488372 174
1737833185654 0.175 175
1737833186071 0.14893617021276595 176
1737833186488 0.15217391304347827 177
1737833186906 0.17073170731707318 178
1737833187323 0.11538461538461539 179
1737833187738 0.2857142857142857 180
1737833188157 0.3684210526315789 181
1737833188577 0.24324324324324326 182
1737833188996 0.2 183
1737833189416 0.2972972972972973 184
1737833189834 0.3695652173913043 185
1737833190250 0.38235294117647056 186
1737833190666 0.275 187
1737833191084 0.3333333333333333 188
1737833191501 0.3684210526315789 189
1737833191924 0.13953488372093023 190
1737833192342 0.2 191
1737833192761 0.21951219512195122 192
1737833193181 0.2564102564102564 193
1737833193599 0.2894736842105263 194
1737833194017 0.24390243902439024 195
1737833194435 0.25 196
1737833194855 0.24390243902439024 197
1737833195273 0.13513513513513514 198
1737833195691 0.2631578947368421 199
1737833196111 0.13043478260869565 200
1737833196526 0.15789473684210525 201
1737833196943 0.2558139534883721 202
1737833197363 0.12195121951219512 203
1737833197782 0.23076923076923078 204
1737833198200 0.1956521739130435 205
1737833198617 0.17391304347826086 206
1737833199036 0.16666666666666666 207
1737833199453 0.1836734693877551 208
1737833199872 0.2978723404255319 209
1737833200288 0.23255813953488372 210
1737833200705 0.15555555555555556 211
1737833201123 0.38636363636363635 212
1737833201539 0.3157894736842105 213
1737833201956 0.2558139534883721 214
1737833202374 0.27450980392156865 215
1737833202794 0.3235294117647059 216
1737833203211 0.3684210526315789 217
1737833203627 0.4523809523809524 218
1737833204046 0.3902439024390244 219
1737833204470 0.3333333333333333 220
1737833204890 0.375 221
1737833205308 0.4634146341463415 222
1737833205724 0.3333333333333333 223
1737833206144 0.5142857142857142 224
1737833206558 0.25 225
1737833206975 0.28888888888888886 226
1737833207391 0.2978723404255319 227
1737833207809 0.2857142857142857 228
1737833208225 0.358974358974359 229
1737833208641 0.325 230
1737833209059 0.38636363636363635 231
1737833209475 0.22448979591836735 232
1737833209892 0.34210526315789475 233
1737833210307 0.2708333333333333 234
1737833210723 0.32558139534883723 235
1737833211141 0.3953488372093023 236
1737833211557 0.48717948717948717 237
1737833211974 0.3333333333333333 238
1737833212390 0.3157894736842105 239
1737833212809 0.44 240
1737833213225 0.2826086956521739 241
1737833213642 0.40476190476190477 242
1737833214062 0.48717948717948717 243
1737833214481 0.4878048780487805 244
1737833214897 0.3684210526315789 245
1737833215315 0.3137254901960784 246
1737833215732 0.37777777777777777 247
1737833216156 0.4411764705882353 248
1737833216573 0.2653061224489796 249
1737833216989 0.2702702702702703 250
1737833217406 0.3958333333333333 251
1737833217824 0.23076923076923078 252
1737833218241 0.2765957446808511 253
1737833218657 0.4230769230769231 254
1737833219076 0.391304347826087 255
1737833219492 0.2222222222222222 256
1737833219912 0.3 257
1737833220331 0.32558139534883723 258
1737833220749 0.3181818181818182 259
1737833221169 0.22 260
1737833221586 0.2653061224489796 261
1737833222006 0.2857142857142857 262
1737833222426 0.375 263
1737833222850 0.30434782608695654 264
1737833223268 0.3617021276595745 265
1737833223684 0.358974358974359 266
1737833224104 0.32653061224489793 267
1737833224521 0.3684210526315789 268
1737833224940 0.38 269
1737833225354 0.35555555555555557 270
1737833225772 0.41025641025641024 271
1737833226188 0.4 272
1737833226605 0.5217391304347826 273
1737833227023 0.5348837209302325 274
1737833227439 0.4375 275
1737833227864 0.45 276
1737833228282 0.3023255813953488 277
1737833228702 0.4318181818181818 278
1737833229121 0.4523809523809524 279
1737833229539 0.46511627906976744 280
1737833229961 0.4318181818181818 281
1737833230377 0.5142857142857142 282
1737833230796 0.2727272727272727 283
1737833231213 0.30434782608695654 284
1737833231631 0.28125 285
1737833232051 0.5142857142857142 286
1737833232467 0.3783783783783784 287
1737833232886 0.3902439024390244 288
1737833233301 0.2692307692307692 289
1737833233717 0.30952380952380953 290
1737833234138 0.18421052631578946 291
1737833234556 0.22916666666666666 292
1737833234976 0.24444444444444444 293
1737833235390 0.1 294
1737833235807 0.18518518518518517 295
1737833236228 0.3157894736842105 296
1737833236645 0.34146341463414637 297
1737833237062 0.1794871794871795 298
1737833237481 0.16216216216216217 299
1737833237899 0.10526315789473684 300
1737833238316 0.20454545454545456 301
1737833238733 0.17647058823529413 302
1737833239161 0.16279069767441862 303
1737833239575 0.16666666666666666 304
1737833239993 0.20454545454545456 305
1737833240411 0.15 306
1737833240828 0.11904761904761904 307
1737833241246 0.16071428571428573 308
1737833241663 0.2558139534883721 309
1737833242081 0.14583333333333334 310
1737833242500 0.2 311
1737833242916 0.325 312
1737833243335 0.2608695652173913 313
1737833243752 0.2222222222222222 314
1737833244174 0.1935483870967742 315
1737833244590 0.4772727272727273 316
1737833245007 0.21153846153846154 317
1737833245427 0.3783783783783784 318
1737833245865 0.3888888888888889 319
1737833246315 0.4888888888888889 320
1737833246826 0.35 321
1737833247276 0.3829787234042553 322
1737833247725 0.40425531914893614 323
1737833248178 0.2608695652173913 324
1737833248630 0.4594594594594595 325
1737833249081 0.45454545454545453 326
1737833249532 0.5111111111111111 327
1737833249961 0.2857142857142857 328
1737833250376 0.3829787234042553 329
1737833250793 0.22580645161290322 330
1737833251212 0.2564102564102564 331
1737833251630 0.3469387755102041 332
1737833252049 0.3333333333333333 333
1737833252465 0.3541666666666667 334
1737833252883 0.23076923076923078 335
1737833253301 0.2857142857142857 336
1737833253716 0.2558139534883721 337
1737833254133 0.3870967741935484 338
1737833254551 0.4727272727272727 339
1737833254967 0.35714285714285715 340
1737833255384 0.3333333333333333 341
1737833255801 0.525 342
1737833256216 0.3829787234042553 343
1737833256632 0.4406779661016949 344
1737833257049 0.575 345
1737833257466 0.4791666666666667 346
1737833257883 0.5128205128205128 347
1737833258295 0.46153846153846156 348
1737833258713 0.5277777777777778 349
1737833259130 0.5344827586206896 350
1737833259544 0.6666666666666666 351
1737833259962 0.7021276595744681 352
1737833260377 0.6875 353
1737833260795 0.6428571428571429 354
1737833261211 0.6153846153846154 355
1737833261626 0.5909090909090909 356
1737833262040 0.5 357
1737833262456 0.62 358
1737833262875 0.5121951219512195 359
1737833263291 0.4883720930232558 360
1737833263705 0.5128205128205128 361
1737833264125 0.5277777777777778 362
1737833264544 0.5277777777777778 363
1737833264963 0.34 364
1737833265376 0.425531914893617 365
1737833265799 0.2978723404255319 366
1737833266239 0.5 367
1737833266704 0.44 368
1737833267122 0.275 369
1737833267539 0.4666666666666667 370
1737833268001 0.3783783783783784 371
1737833268426 0.2916666666666667 372
1737833268868 0.3953488372093023 373
1737833269283 0.425 374
1737833269703 0.3611111111111111 375
1737833270129 0.3111111111111111 376
1737833270554 0.35714285714285715 377
1737833270975 0.3181818181818182 378
1737833271418 0.25 379
1737833271856 0.27906976744186046 380
1737833272277 0.25 381
1737833272698 0.18181818181818182 382
1737833273125 0.2222222222222222 383
1737833273548 0.2926829268292683 384
1737833273981 0.4878048780487805 385
1737833274402 0.375 386
1737833274842 0.38 387
1737833275306 0.4791666666666667 388
1737833275732 0.4166666666666667 389
1737833276158 0.5454545454545454 390
1737833276604 0.3684210526315789 391
1737833277065 0.4318181818181818 392
1737833277513 0.30434782608695654 393
1737833277931 0.3191489361702128 394
1737833278347 0.3111111111111111 395
1737833278764 0.36363636363636365 396
1737833279182 0.35294117647058826 397
1737833279595 0.3870967741935484 398
1737833280022 0.41379310344827586 399
1737833280452 0.2631578947368421 400
1737833280868 0.2 401
1737833281318 0.1276595744680851 402
1737833281750 0.22727272727272727 403
1737833282182 0.0851063829787234 404
1737833282597 0.10526315789473684 405
1737833283014 0.23809523809523808 406
1737833283442 0.21951219512195122 407
1737833283904 0.13043478260869565 408
1737833284363 0.09302325581395349 409
1737833284785 0.20833333333333334 410
1737833285200 0.3076923076923077 411
1737833285616 0.2608695652173913 412
1737833286035 0.3 413
1737833286486 0.2926829268292683 414
1737833286938 0.24444444444444444 415
1737833287359 0.27906976744186046 416
1737833287791 0.175 417
1737833288207 0.2222222222222222 418
1737833288625 0.25 419
1737833289044 0.15555555555555556 420
1737833289458 0.16666666666666666 421
1737833289879 0.22727272727272727 422
1737833290318 0.28205128205128205 423
1737833290756 0.21428571428571427 424
1737833291180 0.2 425
1737833291602 0.2765957446808511 426
1737833292026 0.21621621621621623 427
1737833292444 0.2702702702702703 428
1737833292863 0.25 429
1737833293292 0.27906976744186046 430
1737833293775 0.21951219512195122 431
1737833294246 0.3142857142857143 432
1737833294700 0.2 433
1737833295139 0.2222222222222222 434
1737833295577 0.35714285714285715 435
1737833296013 0.23529411764705882 436
1737833296461 0.38095238095238093 437
1737833296918 0.3 438
1737833297360 0.1702127659574468 439
1737833297785 0.3191489361702128 440
1737833298220 0.3469387755102041 441
1737833298661 0.25 442
1737833299104 0.2682926829268293 443
1737833299553 0.43902439024390244 444
1737833299993 0.2857142857142857 445
1737833300430 0.2391304347826087 446
1737833300896 0.19047619047619047 447
1737833301347 0.3 448
1737833301794 0.3111111111111111 449
1737833302238 0.2727272727272727 450
1737833302680 0.4166666666666667 451
1737833303122 0.32727272727272727 452
1737833303558 0.2972972972972973 453
1737833303996 0.34782608695652173 454
1737833304432 0.4186046511627907 455
1737833304873 0.35555555555555557 456
1737833305321 0.4666666666666667 457
1737833305787 0.4666666666666667 458
1737833306239 0.4888888888888889 459
1737833306682 0.48717948717948717 460
1737833307119 0.34615384615384615 461
1737833307568 0.5 462
1737833308033 0.48936170212765956 463
1737833308478 0.7647058823529411 464
1737833308941 0.5581395348837209 465
1737833309383 0.627906976744186 466
1737833309835 0.425531914893617 467
1737833310289 0.5714285714285714 468
1737833310750 0.5348837209302325 469
1737833311204 0.49056603773584906 470
1737833311653 0.5 471
1737833312124 0.5757575757575758 472
