1737833113081 0.3149664103984833 1
1737833113496 0.2563263177871704 2
1737833113911 0.37270793318748474 3
1737833114325 0.1587301641702652 4
1737833114737 0.305820107460022 5
1737833115152 0.3969186544418335 6
1737833115566 0.348679780960083 7
1737833116017 0.6061167120933533 8
1737833116431 0.5576162934303284 9
1737833116848 0.524817943572998 10
1737833117262 0.6337318420410156 11
1737833117676 0.7067007422447205 12
1737833118092 0.7041802406311035 13
1737833118507 0.32230961322784424 14
1737833118925 0.5666908621788025 15
1737833119337 0.6173407435417175 16
1737833119749 0.6109760999679565 17
1737833120165 0.5948653221130371 18
1737833120579 0.5596745014190674 19
1737833120994 0.5262655019760132 20
1737833121409 0.5961399674415588 21
1737833121825 0.6046567559242249 22
1737833122237 0.5795964598655701 23
1737833122653 0.5776640772819519 24
1737833123069 0.44134899973869324 25
1737833123484 0.20848099887371063 26
1737833123905 0.2455860823392868 27
1737833124318 0.3612903356552124 28
1737833124733 0.4117085039615631 29
1737833125151 0.37266555428504944 30
1737833125566 0.3760901391506195 31
1737833125981 0.24968554079532623 32
1737833126398 0.1458333283662796 33
1737833126816 0.21247358620166779 34
1737833127232 0.25783970952033997 35
1737833127648 0.1861995905637741 36
1737833128065 0.1587301641702652 37
1737833128482 0.1463414579629898 38
1737833128902 0.16470588743686676 39
1737833129317 0.17341040074825287 40
1737833129731 0.1705426424741745 41
1737833130150 0.18572436273097992 42
1737833130566 0.22292031347751617 43
1737833130986 0.18127010762691498 44
1737833131403 0.17956936359405518 45
1737833131823 0.20256006717681885 46
1737833132239 0.2546243369579315 47
1737833132653 0.2379540354013443 48
1737833133071 0.266715943813324 49
1737833133488 0.2540934979915619 50
1737833133905 0.2781933844089508 51
1737833134320 0.30332133173942566 52
1737833134738 0.274666428565979 53
1737833135155 0.30957311391830444 54
1737833135572 0.2627004086971283 55
1737833135988 0.2609694004058838 56
1737833136403 0.38032397627830505 57
1737833136820 0.31874626874923706 58
1737833137236 0.25920456647872925 59
1737833137652 0.31972435116767883 60
1737833138070 0.24333427846431732 61
1737833138488 0.27630579471588135 62
1737833138905 0.29701313376426697 63
1737833139320 0.2704909145832062 64
1737833139736 0.300704687833786 65
1737833140153 0.3533215820789337 66
1737833140570 0.2493658810853958 67
1737833140987 0.2858705222606659 68
1737833141404 0.3001019060611725 69
1737833141823 0.28789857029914856 70
1737833142240 0.3366381824016571 71
1737833142657 0.27431371808052063 72
1737833143075 0.35093846917152405 73
1737833143491 0.31779471039772034 74
1737833143909 0.3152458667755127 75
1737833144325 0.3203905522823334 76
1737833144743 0.34825387597084045 77
1737833145160 0.26741793751716614 78
1737833145575 0.3000446856021881 79
1737833145993 0.3183499872684479 80
1737833146409 0.35166051983833313 81
1737833146827 0.3379605710506439 82
1737833147245 0.3804652988910675 83
1737833147661 0.38641357421875 84
1737833148081 0.2171296328306198 85
1737833148495 0.26914113759994507 86
1737833148916 0.3534919321537018 87
1737833149332 0.345490962266922 88
1737833149748 0.3694465160369873 89
1737833150166 0.2748812735080719 90
1737833150582 0.2768881618976593 91
1737833151000 0.25922486186027527 92
1737833151417 0.29149362444877625 93
1737833151836 0.27107498049736023 94
1737833152253 0.2890078127384186 95
1737833152670 0.3505825102329254 96
1737833153087 0.3831256926059723 97
1737833153505 0.2888939678668976 98
1737833153922 0.2652844488620758 99
1737833154337 0.3409266769886017 100
1737833154753 0.3957376182079315 101
1737833155169 0.3541280925273895 102
1737833155585 0.3755243718624115 103
1737833156004 0.29246845841407776 104
1737833156418 0.34854206442832947 105
1737833156838 0.350637286901474 106
1737833157254 0.3187316060066223 107
1737833157673 0.3250584304332733 108
1737833158092 0.3083248734474182 109
1737833158508 0.2840392291545868 110
1737833158925 0.368823766708374 111
1737833159342 0.3492887020111084 112
1737833159761 0.27197346091270447 113
1737833160179 0.30047526955604553 114
1737833160598 0.26820051670074463 115
1737833161016 0.2646005153656006 116
1737833161434 0.34957751631736755 117
1737833161853 0.2001715898513794 118
1737833162276 0.25486788153648376 119
1737833162697 0.2976347506046295 120
1737833163113 0.29640302062034607 121
1737833163528 0.291797012090683 122
1737833163947 0.3358083665370941 123
1737833164361 0.289664089679718 124
1737833164787 0.34992897510528564 125
1737833165203 0.34493282437324524 126
1737833165618 0.2575712203979492 127
1737833166037 0.35812023282051086 128
1737833166455 0.3275671601295471 129
1737833166874 0.29768863320350647 130
1737833167289 0.2833258807659149 131
1737833167708 0.28551551699638367 132
1737833168126 0.4028877019882202 133
1737833168543 0.29807376861572266 134
1737833168961 0.3239305019378662 135
1737833169377 0.26112985610961914 136
1737833169795 0.3692307770252228 137
1737833170212 0.39212000370025635 138
1737833170628 0.2574653923511505 139
1737833171045 0.37184715270996094 140
1737833171459 0.29711249470710754 141
1737833171879 0.27434906363487244 142
1737833172296 0.33480677008628845 143
1737833172714 0.2997320592403412 144
1737833173132 0.33375629782676697 145
1737833173548 0.37066975235939026 146
1737833173968 0.35178330540657043 147
1737833174384 0.2793639004230499 148
1737833174804 0.33176732063293457 149
1737833175222 0.29694855213165283 150
1737833175641 0.24466001987457275 151
1737833176059 0.38465753197669983 152
1737833176476 0.35900676250457764 153
1737833176894 0.2832302153110504 154
1737833177311 0.29836130142211914 155
1737833177730 0.33636561036109924 156
1737833178148 0.2945873439311981 157
1737833178566 0.28545689582824707 158
1737833178986 0.38440608978271484 159
1737833179402 0.29380565881729126 160
1737833179820 0.34274807572364807 161
1737833180239 0.4194476902484894 162
1737833180655 0.3616771697998047 163
1737833181074 0.31745362281799316 164
1737833181492 0.3364354074001312 165
1737833181911 0.27508118748664856 166
1737833182328 0.31244364380836487 167
1737833182745 0.3278771638870239 168
1737833183162 0.31225308775901794 169
1737833183577 0.34266403317451477 170
1737833183997 0.24949495494365692 171
1737833184414 0.4032707214355469 172
1737833184834 0.24860422313213348 173
1737833185249 0.299887478351593 174
1737833185666 0.32273077964782715 175
1737833186083 0.311598539352417 176
1737833186500 0.3020247220993042 177
1737833186917 0.3462255299091339 178
1737833187334 0.2581980526447296 179
1737833187750 0.32684051990509033 180
1737833188168 0.4172302484512329 181
1737833188589 0.26446035504341125 182
1737833189007 0.3090909421443939 183
1737833189428 0.26671135425567627 184
1737833189845 0.3436725437641144 185
1737833190262 0.3977017104625702 186
1737833190678 0.2763853967189789 187
1737833191096 0.29394224286079407 188
1737833191513 0.30017906427383423 189
1737833191935 0.22324739396572113 190
1737833192354 0.2602337896823883 191
1737833192773 0.29780328273773193 192
1737833193193 0.41537389159202576 193
1737833193610 0.4131944179534912 194
1737833194029 0.39348331093788147 195
1737833194446 0.35343658924102783 196
1737833194867 0.3193533420562744 197
1737833195284 0.27981677651405334 198
1737833195702 0.2876119911670685 199
1737833196122 0.2904093265533447 200
1737833196538 0.2045782059431076 201
1737833196956 0.2905304431915283 202
1737833197375 0.3324534595012665 203
1737833197795 0.2915244996547699 204
1737833198211 0.28584957122802734 205
1737833198628 0.307407408952713 206
1737833199048 0.2702936828136444 207
1737833199464 0.31299296021461487 208
1737833199883 0.35983070731163025 209
1737833200301 0.34556007385253906 210
1737833200717 0.275054007768631 211
1737833201135 0.37456679344177246 212
1737833201550 0.301868200302124 213
1737833201967 0.3018379211425781 214
1737833202386 0.33073896169662476 215
1737833202805 0.2368692010641098 216
1737833203222 0.25972387194633484 217
1737833203639 0.40424224734306335 218
1737833204058 0.2852743864059448 219
1737833204481 0.30962586402893066 220
1737833204902 0.32769709825515747 221
1737833205320 0.364736407995224 222
1737833205736 0.28134289383888245 223
1737833206155 0.37188485264778137 224
1737833206570 0.32229891419410706 225
1737833206987 0.3325553238391876 226
1737833207403 0.3282428979873657 227
1737833207821 0.3016718924045563 228
1737833208238 0.3137015998363495 229
1737833208653 0.3357815444469452 230
1737833209071 0.33447015285491943 231
1737833209486 0.28978094458580017 232
1737833209903 0.3071119487285614 233
1737833210320 0.2477417141199112 234
1737833210735 0.32283273339271545 235
1737833211153 0.29937422275543213 236
1737833211569 0.31814852356910706 237
1737833211985 0.2884211540222168 238
1737833212401 0.2673405408859253 239
1737833212820 0.34585800766944885 240
1737833213237 0.3169614374637604 241
1737833213654 0.33827200531959534 242
1737833214074 0.33639147877693176 243
1737833214491 0.3502344787120819 244
1737833214908 0.32791492342948914 245
1737833215327 0.36017906665802 246
1737833215743 0.4019951820373535 247
1737833216168 0.3724053204059601 248
1737833216584 0.3267230987548828 249
1737833217001 0.3571089804172516 250
1737833217418 0.3901718854904175 251
1737833217836 0.2857861816883087 252
1737833218252 0.3040473163127899 253
1737833218669 0.37081170082092285 254
1737833219087 0.34448137879371643 255
1737833219503 0.3324230909347534 256
1737833219925 0.39230021834373474 257
1737833220344 0.3434343636035919 258
1737833220761 0.34305188059806824 259
1737833221181 0.2572423219680786 260
1737833221597 0.2391039878129959 261
1737833222017 0.3191360533237457 262
1737833222438 0.3516123294830322 263
1737833222861 0.32747992873191833 264
1737833223279 0.38969364762306213 265
1737833223696 0.2865467965602875 266
1737833224115 0.2858327031135559 267
1737833224532 0.3184598386287689 268
1737833224951 0.3556394577026367 269
1737833225367 0.35775867104530334 270
1737833225783 0.30269649624824524 271
1737833226199 0.32087042927742004 272
1737833226617 0.3565346896648407 273
1737833227036 0.3486104905605316 274
1737833227450 0.3539399206638336 275
1737833227877 0.33294573426246643 276
1737833228294 0.2896673381328583 277
1737833228714 0.2678743302822113 278
1737833229132 0.3563319444656372 279
1737833229551 0.33711543679237366 280
1737833229972 0.2732958495616913 281
1737833230389 0.3568974435329437 282
1737833230808 0.24743694067001343 283
1737833231225 0.25430724024772644 284
1737833231643 0.2381231039762497 285
1737833232063 0.29102465510368347 286
1737833232479 0.30162346363067627 287
1737833232897 0.37604066729545593 288
1737833233313 0.26650843024253845 289
1737833233729 0.332565575838089 290
1737833234151 0.3087773025035858 291
1737833234568 0.3338495194911957 292
1737833234987 0.33162444829940796 293
1737833235401 0.26381540298461914 294
1737833235820 0.30857035517692566 295
1737833236241 0.39808616042137146 296
1737833236657 0.40003037452697754 297
1737833237074 0.2935662567615509 298
1737833237492 0.3128962218761444 299
1737833237911 0.28029048442840576 300
1737833238328 0.2905714809894562 301
1737833238746 0.3024049997329712 302
1737833239172 0.30226489901542664 303
1737833239586 0.3223194181919098 304
1737833240005 0.2801799774169922 305
1737833240422 0.31179139018058777 306
1737833240840 0.2727667987346649 307
1737833241258 0.31521108746528625 308
1737833241673 0.3625260293483734 309
1737833242093 0.34560129046440125 310
1737833242510 0.39000794291496277 311
1737833242928 0.32302188873291016 312
1737833243347 0.35034725069999695 313
1737833243767 0.29574331641197205 314
1737833244185 0.29977115988731384 315
1737833244601 0.38764190673828125 316
1737833245019 0.2636904716491699 317
1737833245438 0.3332151472568512 318
1737833245876 0.30449196696281433 319
1737833246333 0.27169498801231384 320
1737833246838 0.30831238627433777 321
1737833247288 0.31945595145225525 322
1737833247738 0.31148460507392883 323
1737833248191 0.2401498556137085 324
1737833248641 0.35375380516052246 325
1737833249093 0.371075838804245 326
1737833249545 0.3050949275493622 327
1737833249971 0.21030251681804657 328
1737833250388 0.31599512696266174 329
1737833250806 0.2984607517719269 330
1737833251224 0.26403963565826416 331
1737833251641 0.33535531163215637 332
1737833252061 0.3295248746871948 333
1737833252477 0.34290793538093567 334
1737833252896 0.2728717029094696 335
1737833253312 0.31676051020622253 336
1737833253728 0.2806624174118042 337
1737833254146 0.3346511125564575 338
1737833254562 0.3545699119567871 339
1737833254980 0.3400545120239258 340
1737833255395 0.29997488856315613 341
1737833255813 0.34563493728637695 342
1737833256228 0.30777716636657715 343
1737833256642 0.33874502778053284 344
1737833257061 0.3246322274208069 345
1737833257477 0.3222406208515167 346
1737833257894 0.26732349395751953 347
1737833258308 0.29984912276268005 348
1737833258726 0.30509960651397705 349
1737833259142 0.31948667764663696 350
1737833259556 0.4110969305038452 351
1737833259975 0.34913551807403564 352
1737833260389 0.37920162081718445 353
1737833260807 0.33524516224861145 354
1737833261222 0.34033462405204773 355
1737833261637 0.3062226474285126 356
1737833262052 0.23457030951976776 357
1737833262468 0.36077845096588135 358
1737833262887 0.2744846045970917 359
1737833263302 0.23373062908649445 360
1737833263718 0.29183343052864075 361
1737833264137 0.2976522743701935 362
1737833264555 0.3151308000087738 363
1737833264974 0.3539039194583893 364
1737833265388 0.3818322718143463 365
1737833265812 0.25600484013557434 366
1737833266252 0.3794238269329071 367
1737833266716 0.3343707323074341 368
1737833267134 0.23159413039684296 369
1737833267551 0.3549223244190216 370
1737833268013 0.34166109561920166 371
1737833268438 0.32879412174224854 372
1737833268880 0.3412211239337921 373
1737833269295 0.3258408308029175 374
1737833269715 0.3124218285083771 375
1737833270140 0.2673277258872986 376
1737833270566 0.34152206778526306 377
1737833270987 0.2804783880710602 378
1737833271430 0.3568818271160126 379
1737833271867 0.3041357398033142 380
1737833272290 0.24073950946331024 381
1737833272713 0.26806584000587463 382
1737833273137 0.23688475787639618 383
1737833273559 0.3257308900356293 384
1737833273993 0.29307153820991516 385
1737833274413 0.36458733677864075 386
1737833274853 0.3686952590942383 387
1737833275319 0.3647969663143158 388
1737833275745 0.27346518635749817 389
1737833276171 0.3185747563838959 390
1737833276617 0.3132595121860504 391
1737833277077 0.3571157455444336 392
1737833277525 0.28800031542778015 393
1737833277942 0.32951951026916504 394
1737833278360 0.3274998366832733 395
1737833278776 0.2297147959470749 396
1737833279194 0.3087618350982666 397
1737833279606 0.35033926367759705 398
1737833280034 0.3366672098636627 399
1737833280464 0.34266290068626404 400
1737833280880 0.32781264185905457 401
1737833281329 0.2404116541147232 402
1737833281763 0.29813846945762634 403
1737833282194 0.20768578350543976 404
1737833282608 0.2566392123699188 405
1737833283024 0.30601921677589417 406
1737833283455 0.3345475494861603 407
1737833283916 0.31509318947792053 408
1737833284376 0.25732696056365967 409
1737833284797 0.3879484236240387 410
1737833285212 0.4084438383579254 411
1737833285629 0.40168166160583496 412
1737833286047 0.4245310127735138 413
1737833286498 0.3387136161327362 414
1737833286951 0.3433583974838257 415
1737833287372 0.3117748200893402 416
1737833287802 0.2657787799835205 417
1737833288219 0.3385359048843384 418
1737833288636 0.33684489130973816 419
1737833289055 0.29014381766319275 420
1737833289471 0.23319058120250702 421
1737833289890 0.2790849804878235 422
1737833290329 0.3614543378353119 423
1737833290769 0.29914307594299316 424
1737833291191 0.2328174114227295 425
1737833291613 0.36481916904449463 426
1737833292038 0.24686826765537262 427
1737833292455 0.31605464220046997 428
1737833292875 0.2732047736644745 429
1737833293315 0.3047884404659271 430
1737833293791 0.29554009437561035 431
1737833294262 0.33716240525245667 432
1737833294714 0.2867273688316345 433
1737833295151 0.29019609093666077 434
1737833295598 0.35935673117637634 435
1737833296026 0.3226054608821869 436
1737833296473 0.31844669580459595 437
1737833296930 0.3247090280056 438
1737833297371 0.26382729411125183 439
1737833297797 0.32048407196998596 440
1737833298231 0.3700000047683716 441
1737833298673 0.29525768756866455 442
1737833299116 0.4108342230319977 443
1737833299567 0.4296576976776123 444
1737833300006 0.35556742548942566 445
1737833300443 0.3360433578491211 446
1737833300910 0.2519817054271698 447
1737833301359 0.3099205195903778 448
1737833301806 0.2741807699203491 449
1737833302250 0.28917866945266724 450
1737833302693 0.3897072374820709 451
1737833303134 0.2689158022403717 452
1737833303570 0.3299383819103241 453
1737833304009 0.28597667813301086 454
1737833304445 0.2935325801372528 455
1737833304884 0.27275893092155457 456
1737833305334 0.26424500346183777 457
1737833305800 0.2588636577129364 458
1737833306251 0.25942111015319824 459
1737833306694 0.2612202763557434 460
1737833307131 0.24423615634441376 461
1737833307580 0.239130437374115 462
1737833308047 0.23744706809520721 463
1737833308491 0.26579520106315613 464
1737833308955 0.26719406247138977 465
1737833309403 0.2598901093006134 466
1737833309848 0.26179566979408264 467
1737833310302 0.28741690516471863 468
1737833310764 0.320367693901062 469
1737833311220 0.2493133544921875 470
1737833311666 0.2498500943183899 471
1737833312138 0.2491673231124878 472
