1737833113068 0.42016806722689076 1
1737833113486 0.0 2
1737833113901 0.10810810810810811 3
1737833114315 0.0 4
1737833114727 0.5285714285714286 5
1737833115142 0.5675675675675675 6
1737833115556 0.5454545454545454 7
1737833116007 0.5925925925925926 8
1737833116420 0.2978723404255319 9
1737833116836 0.24 10
1737833117250 0.425531914893617 11
1737833117665 0.6829268292682927 12
1737833118082 0.7238095238095238 13
1737833118497 0.5534591194968553 14
1737833118914 0.5818181818181818 15
1737833119327 0.5974025974025974 16
1737833119739 0.5294117647058824 17
1737833120154 0.5454545454545454 18
1737833120568 0.5 19
1737833120984 0.36363636363636365 20
1737833121398 0.6419753086419753 21
1737833121814 0.6666666666666666 22
1737833122227 0.6037735849056604 23
1737833122642 0.6518518518518519 24
1737833123059 0.36363636363636365 25
1737833123475 0.0 26
1737833123894 0.0 27
1737833124307 0.0 28
1737833124722 0.0 29
1737833125139 0.0 30
1737833125555 0.0 31
1737833125972 0.0 32
1737833126387 0.0 33
1737833126805 0.0 34
1737833127221 0.0 35
1737833127637 0.4585987261146497 36
1737833128055 0.0 37
1737833128471 0.0 38
1737833128893 0.0 39
1737833129307 0.0 40
1737833129721 0.0 41
1737833130139 0.0425531914893617 42
1737833130555 0.3037974683544304 43
1737833130975 0.5029940119760479 44
1737833131392 0.4970414201183432 45
1737833131811 0.410958904109589 46
1737833132229 0.5074626865671642 47
1737833132643 0.4507042253521127 48
1737833133060 0.49635036496350365 49
1737833133476 0.43795620437956206 50
1737833133896 0.46511627906976744 51
1737833134309 0.42016806722689076 52
1737833134727 0.423728813559322 53
1737833135143 0.39622641509433965 54
1737833135562 0.32989690721649484 55
1737833135978 0.3076923076923077 56
1737833136393 0.36619718309859156 57
1737833136809 0.358974358974359 58
1737833137227 0.15151515151515152 59
1737833137642 0.19047619047619047 60
1737833138060 0.1724137931034483 61
1737833138477 0.14814814814814814 62
1737833138894 0.23333333333333334 63
1737833139310 0.1016949152542373 64
1737833139725 0.1875 65
1737833140142 0.345679012345679 66
1737833140557 0.12121212121212122 67
1737833140976 0.175 68
1737833141394 0.391304347826087 69
1737833141813 0.2727272727272727 70
1737833142229 0.35555555555555557 71
1737833142646 0.22727272727272727 72
1737833143064 0.4329896907216495 73
1737833143481 0.32432432432432434 74
1737833143899 0.34146341463414637 75
1737833144316 0.3617021276595745 76
1737833144732 0.325 77
1737833145150 0.3023255813953488 78
1737833145564 0.36363636363636365 79
1737833145983 0.39622641509433965 80
1737833146399 0.37623762376237624 81
1737833146817 0.44642857142857145 82
1737833147235 0.42857142857142855 83
1737833147651 0.4727272727272727 84
1737833148071 0.36666666666666664 85
1737833148486 0.3364485981308411 86
1737833148906 0.4864864864864865 87
1737833149322 0.43243243243243246 88
1737833149737 0.5645161290322581 89
1737833150155 0.4603174603174603 90
1737833150571 0.37037037037037035 91
1737833150989 0.38333333333333336 92
1737833151407 0.45 93
1737833151826 0.48854961832061067 94
1737833152244 0.352 95
1737833152658 0.5333333333333333 96
1737833153076 0.5081967213114754 97
1737833153495 0.448 98
1737833153913 0.3508771929824561 99
1737833154326 0.3584905660377358 100
1737833154743 0.5454545454545454 101
1737833155159 0.423728813559322 102
1737833155575 0.4044943820224719 103
1737833155994 0.3047619047619048 104
1737833156408 0.32558139534883723 105
1737833156827 0.3469387755102041 106
1737833157244 0.29333333333333333 107
1737833157662 0.3103448275862069 108
1737833158082 0.2028985507246377 109
1737833158497 0.208955223880597 110
1737833158916 0.3384615384615385 111
1737833159332 0.3561643835616438 112
1737833159750 0.2857142857142857 113
1737833160168 0.25806451612903225 114
1737833160586 0.11267605633802817 115
1737833161006 0.3055555555555556 116
1737833161424 0.28125 117
1737833161842 0.13333333333333333 118
1737833162263 0.19444444444444445 119
1737833162686 0.25 120
1737833163103 0.27848101265822783 121
1737833163517 0.44036697247706424 122
1737833163936 0.43956043956043955 123
1737833164351 0.3023255813953488 124
1737833164777 0.32941176470588235 125
1737833165192 0.4166666666666667 126
1737833165608 0.2558139534883721 127
1737833166028 0.38961038961038963 128
1737833166444 0.40425531914893614 129
1737833166863 0.3291139240506329 130
1737833167279 0.3058823529411765 131
1737833167697 0.2558139534883721 132
1737833168115 0.45454545454545453 133
1737833168531 0.27906976744186046 134
1737833168950 0.2597402597402597 135
1737833169367 0.2988505747126437 136
1737833169784 0.4 137
1737833170202 0.2647058823529412 138
1737833170618 0.12307692307692308 139
1737833171035 0.3611111111111111 140
1737833171450 0.27692307692307694 141
1737833171868 0.15584415584415584 142
1737833172286 0.27692307692307694 143
1737833172703 0.34210526315789475 144
1737833173123 0.35135135135135137 145
1737833173538 0.43373493975903615 146
1737833173957 0.37037037037037035 147
1737833174375 0.225 148
1737833174794 0.32558139534883723 149
1737833175212 0.2972972972972973 150
1737833175631 0.21621621621621623 151
1737833176050 0.46153846153846156 152
1737833176466 0.3409090909090909 153
1737833176882 0.23809523809523808 154
1737833177300 0.32967032967032966 155
1737833177719 0.24324324324324326 156
1737833178136 0.3333333333333333 157
1737833178556 0.23684210526315788 158
1737833178975 0.3283582089552239 159
1737833179392 0.21951219512195122 160
1737833179809 0.3037974683544304 161
1737833180228 0.41975308641975306 162
1737833180645 0.3466666666666667 163
1737833181064 0.3058823529411765 164
1737833181481 0.37894736842105264 165
1737833181901 0.1891891891891892 166
1737833182317 0.29545454545454547 167
1737833182735 0.37254901960784315 168
1737833183151 0.35294117647058826 169
1737833183567 0.32989690721649484 170
1737833183986 0.36666666666666664 171
1737833184404 0.5555555555555556 172
1737833184823 0.46153846153846156 173
1737833185238 0.3697478991596639 174
1737833185656 0.4065040650406504 175
1737833186072 0.4406779661016949 176
1737833186490 0.3865546218487395 177
1737833186907 0.5 178
1737833187324 0.4 179
1737833187740 0.41739130434782606 180
1737833188158 0.4727272727272727 181
1737833188579 0.423728813559322 182
1737833188997 0.45454545454545453 183
1737833189418 0.39316239316239315 184
1737833189835 0.41739130434782606 185
1737833190251 0.5365853658536586 186
1737833190668 0.4444444444444444 187
1737833191085 0.34545454545454546 188
1737833191502 0.32075471698113206 189
1737833191925 0.417910447761194 190
1737833192343 0.3728813559322034 191
1737833192762 0.38596491228070173 192
1737833193182 0.49056603773584906 193
1737833193600 0.4166666666666667 194
1737833194018 0.4146341463414634 195
1737833194437 0.2894736842105263 196
1737833194856 0.3013698630136986 197
1737833195274 0.29850746268656714 198
1737833195692 0.2028985507246377 199
1737833196112 0.21052631578947367 200
1737833196527 0.11428571428571428 201
1737833196945 0.10714285714285714 202
1737833197364 0.32786885245901637 203
1737833197783 0.15384615384615385 204
1737833198201 0.15625 205
1737833198618 0.23333333333333334 206
1737833199038 0.16393442622950818 207
1737833199454 0.3287671232876712 208
1737833199873 0.29333333333333333 209
1737833200289 0.37037037037037035 210
1737833200707 0.391304347826087 211
1737833201124 0.325 212
1737833201540 0.3617021276595745 213
1737833201957 0.35789473684210527 214
1737833202375 0.3877551020408163 215
1737833202795 0.3368421052631579 216
1737833203212 0.29906542056074764 217
1737833203628 0.5106382978723404 218
1737833204047 0.27906976744186046 219
1737833204472 0.3404255319148936 220
1737833204891 0.38095238095238093 221
1737833205310 0.3076923076923077 222
1737833205725 0.3170731707317073 223
1737833206145 0.27848101265822783 224
1737833206561 0.24615384615384617 225
1737833206976 0.27692307692307694 226
1737833207392 0.16326530612244897 227
1737833207811 0.2413793103448276 228
1737833208227 0.16901408450704225 229
1737833208643 0.23333333333333334 230
1737833209061 0.16326530612244897 231
1737833209476 0.2711864406779661 232
1737833209893 0.1935483870967742 233
1737833210308 0.13333333333333333 234
1737833210724 0.14285714285714285 235
1737833211142 0.17857142857142858 236
1737833211559 0.20689655172413793 237
1737833211975 0.2222222222222222 238
1737833212391 0.16129032258064516 239
1737833212810 0.18181818181818182 240
1737833213227 0.24615384615384617 241
1737833213643 0.1694915254237288 242
1737833214063 0.28125 243
1737833214482 0.2647058823529412 244
1737833214898 0.25 245
1737833215316 0.3950617283950617 246
1737833215733 0.35135135135135137 247
1737833216158 0.32098765432098764 248
1737833216574 0.37362637362637363 249
1737833216990 0.3218390804597701 250
1737833217408 0.37777777777777777 251
1737833217826 0.37735849056603776 252
1737833218242 0.36893203883495146 253
1737833218658 0.5636363636363636 254
1737833219077 0.3010752688172043 255
1737833219493 0.42201834862385323 256
1737833219913 0.5 257
1737833220332 0.36363636363636365 258
1737833220751 0.42857142857142855 259
1737833221170 0.3434343434343434 260
1737833221587 0.26506024096385544 261
1737833222007 0.367816091954023 262
1737833222428 0.41904761904761906 263
1737833222852 0.36363636363636365 264
1737833223269 0.4318181818181818 265
1737833223685 0.3181818181818182 266
1737833224105 0.2653061224489796 267
1737833224522 0.34782608695652173 268
1737833224941 0.3595505617977528 269
1737833225356 0.3595505617977528 270
1737833225774 0.32098765432098764 271
1737833226189 0.3023255813953488 272
1737833226607 0.2891566265060241 273
1737833227024 0.2777777777777778 274
1737833227440 0.32432432432432434 275
1737833227866 0.25 276
1737833228283 0.2972972972972973 277
1737833228703 0.1875 278
1737833229122 0.275 279
1737833229541 0.273972602739726 280
1737833229963 0.15151515151515152 281
1737833230378 0.2033898305084746 282
1737833230797 0.14925373134328357 283
1737833231214 0.09230769230769231 284
1737833231632 0.17073170731707318 285
1737833232052 0.14492753623188406 286
1737833232468 0.2465753424657534 287
1737833232887 0.2571428571428571 288
1737833233303 0.25287356321839083 289
1737833233719 0.27848101265822783 290
1737833234139 0.3448275862068966 291
1737833234557 0.2962962962962963 292
1737833234977 0.2891566265060241 293
1737833235391 0.2716049382716049 294
1737833235809 0.3037974683544304 295
1737833236230 0.3488372093023256 296
1737833236646 0.3013698630136986 297
1737833237064 0.3132530120481928 298
1737833237482 0.3157894736842105 299
1737833237900 0.26506024096385544 300
1737833238318 0.18461538461538463 301
1737833238735 0.3111111111111111 302
1737833239162 0.2857142857142857 303
1737833239576 0.24324324324324326 304
1737833239995 0.25 305
1737833240413 0.3877551020408163 306
1737833240829 0.3300970873786408 307
1737833241247 0.3368421052631579 308
1737833241664 0.4 309
1737833242083 0.44680851063829785 310
1737833242501 0.43564356435643564 311
1737833242918 0.3125 312
1737833243337 0.3855421686746988 313
1737833243755 0.20224719101123595 314
1737833244175 0.30434782608695654 315
1737833244591 0.35714285714285715 316
1737833245009 0.22857142857142856 317
1737833245428 0.3055555555555556 318
1737833245866 0.23529411764705882 319
1737833246316 0.11428571428571428 320
1737833246828 0.27692307692307694 321
1737833247277 0.19047619047619047 322
1737833247728 0.22857142857142856 323
1737833248179 0.14545454545454545 324
1737833248631 0.3561643835616438 325
1737833249082 0.2857142857142857 326
1737833249533 0.14545454545454545 327
1737833249962 0.09836065573770492 328
1737833250377 0.13333333333333333 329
1737833250795 0.25 330
1737833251213 0.1917808219178082 331
1737833251631 0.3373493975903614 332
1737833252050 0.3058823529411765 333
1737833252467 0.2962962962962963 334
1737833252885 0.24390243902439024 335
1737833253302 0.3617021276595745 336
1737833253718 0.2558139534883721 337
1737833254135 0.3655913978494624 338
1737833254552 0.24691358024691357 339
1737833254969 0.41025641025641024 340
1737833255385 0.35789473684210527 341
1737833255803 0.3333333333333333 342
1737833256217 0.2857142857142857 343
1737833256633 0.3287671232876712 344
1737833257051 0.27848101265822783 345
1737833257466 0.28205128205128205 346
1737833257885 0.2 347
1737833258297 0.28169014084507044 348
1737833258715 0.23529411764705882 349
1737833259132 0.2711864406779661 350
1737833259545 0.36363636363636365 351
1737833259964 0.27692307692307694 352
1737833260379 0.3055555555555556 353
1737833260797 0.28205128205128205 354
1737833261213 0.42857142857142855 355
1737833261627 0.3037974683544304 356
1737833262042 0.17721518987341772 357
1737833262457 0.35443037974683544 358
1737833262876 0.29850746268656714 359
1737833263292 0.20588235294117646 360
1737833263708 0.27586206896551724 361
1737833264126 0.2558139534883721 362
1737833264545 0.27586206896551724 363
1737833264964 0.3783783783783784 364
1737833265378 0.425 365
1737833265801 0.2564102564102564 366
1737833266240 0.2571428571428571 367
1737833266705 0.2597402597402597 368
1737833267124 0.12987012987012986 369
1737833267540 0.358974358974359 370
1737833268002 0.3956043956043956 371
1737833268427 0.32967032967032966 372
1737833268869 0.34782608695652173 373
1737833269285 0.3181818181818182 374
1737833269704 0.3076923076923077 375
1737833270130 0.29473684210526313 376
1737833270555 0.4528301886792453 377
1737833270976 0.35185185185185186 378
1737833271419 0.46551724137931033 379
1737833271856 0.38596491228070173 380
1737833272278 0.38333333333333336 381
1737833272699 0.34 382
1737833273126 0.3269230769230769 383
1737833273549 0.3963963963963964 384
1737833273983 0.3516483516483517 385
1737833274404 0.44660194174757284 386
1737833274843 0.3917525773195876 387
1737833275309 0.3448275862068966 388
1737833275734 0.2716049382716049 389
1737833276160 0.3333333333333333 390
1737833276605 0.3076923076923077 391
1737833277066 0.32941176470588235 392
1737833277514 0.2597402597402597 393
1737833277932 0.16666666666666666 394
1737833278349 0.3235294117647059 395
1737833278766 0.06153846153846154 396
1737833279183 0.2222222222222222 397
1737833279596 0.23529411764705882 398
1737833280024 0.30985915492957744 399
1737833280453 0.25 400
1737833280869 0.2571428571428571 401
1737833281320 0.08163265306122448 402
1737833281751 0.11764705882352941 403
1737833282183 0.15384615384615385 404
1737833282598 0.1875 405
1737833283015 0.11320754716981132 406
1737833283444 0.17857142857142858 407
1737833283905 0.28169014084507044 408
1737833284364 0.21052631578947367 409
1737833284786 0.35294117647058826 410
1737833285202 0.41379310344827586 411
1737833285618 0.46153846153846156 412
1737833286036 0.4380952380952381 413
1737833286487 0.3269230769230769 414
1737833286940 0.4 415
1737833287360 0.4098360655737705 416
1737833287792 0.38333333333333336 417
1737833288208 0.4806201550387597 418
1737833288626 0.5223880597014925 419
1737833289045 0.3969465648854962 420
1737833289460 0.3770491803278688 421
1737833289880 0.36666666666666664 422
1737833290319 0.532258064516129 423
1737833290757 0.46875 424
1737833291181 0.38596491228070173 425
1737833291603 0.47540983606557374 426
1737833292027 0.38016528925619836 427
1737833292445 0.45871559633027525 428
1737833292864 0.4462809917355372 429
1737833293294 0.37606837606837606 430
1737833293778 0.4426229508196721 431
1737833294248 0.432 432
1737833294702 0.4666666666666667 433
1737833295140 0.4 434
1737833295580 0.45 435
1737833296015 0.47058823529411764 436
1737833296463 0.3853211009174312 437
1737833296919 0.41509433962264153 438
1737833297361 0.42105263157894735 439
1737833297787 0.30927835051546393 440
1737833298221 0.4166666666666667 441
1737833298662 0.3883495145631068 442
1737833299107 0.5046728971962616 443
1737833299555 0.42857142857142855 444
1737833299995 0.39603960396039606 445
1737833300432 0.34146341463414637 446
1737833300898 0.3137254901960784 447
1737833301349 0.34951456310679613 448
1737833301795 0.2222222222222222 449
1737833302240 0.3917525773195876 450
1737833302681 0.4745762711864407 451
1737833303124 0.37623762376237624 452
1737833303560 0.5203252032520326 453
1737833303999 0.4745762711864407 454
1737833304434 0.45 455
1737833304874 0.42016806722689076 456
1737833305322 0.3888888888888889 457
1737833305788 0.3364485981308411 458
1737833306240 0.32 459
1737833306683 0.37383177570093457 460
1737833307120 0.3865546218487395 461
1737833307570 0.3695652173913043 462
1737833308035 0.3157894736842105 463
1737833308479 0.35294117647058826 464
1737833308943 0.3469387755102041 465
1737833309385 0.32967032967032966 466
1737833309837 0.36363636363636365 467
1737833310291 0.35051546391752575 468
1737833310752 0.4423076923076923 469
1737833311206 0.3146067415730337 470
1737833311654 0.2608695652173913 471
1737833312127 0.30952380952380953 472
