1737833113071 0.30864197530864196 1
1737833113487 0.0 2
1737833113902 0.3333333333333333 3
1737833114316 0.0 4
1737833114728 0.36633663366336633 5
1737833115143 0.5526315789473685 6
1737833115557 0.38181818181818183 7
1737833116008 0.5581395348837209 8
1737833116421 1.0 9
1737833116838 1.0 10
1737833117251 1.0 11
1737833117667 0.9333333333333333 12
1737833118083 0.6551724137931034 13
1737833118498 0.3826086956521739 14
1737833118915 0.42105263157894735 15
1737833119328 0.71875 16
1737833119740 0.782608695652174 17
1737833120156 0.7 18
1737833120569 0.5806451612903226 19
1737833120985 0.6666666666666666 20
1737833121400 0.5531914893617021 21
1737833121816 0.6904761904761905 22
1737833122229 0.48484848484848486 23
1737833122643 0.5176470588235295 24
1737833123060 0.4117647058823529 25
1737833123476 0.0 26
1737833123895 0.0 27
1737833124308 0.0 28
1737833124724 0.0 29
1737833125141 0.0 30
1737833125557 0.0 31
1737833125973 0.0 32
1737833126389 0.0 33
1737833126806 0.0 34
1737833127223 0.0 35
1737833127638 0.3076923076923077 36
1737833128056 0.0 37
1737833128472 0.0 38
1737833128894 0.0 39
1737833129308 0.0 40
1737833129722 0.0 41
1737833130140 0.3333333333333333 42
1737833130557 0.36363636363636365 43
1737833130976 0.34710743801652894 44
1737833131394 0.336 45
1737833131812 0.2702702702702703 46
1737833132231 0.3953488372093023 47
1737833132644 0.32653061224489793 48
1737833133061 0.37362637362637363 49
1737833133478 0.3125 50
1737833133897 0.35294117647058826 51
1737833134310 0.3333333333333333 52
1737833134728 0.352112676056338 53
1737833135145 0.28378378378378377 54
1737833135563 0.2962962962962963 55
1737833135979 0.32558139534883723 56
1737833136394 0.37142857142857144 57
1737833136810 0.4375 58
1737833137228 0.2777777777777778 59
1737833137644 0.3333333333333333 60
1737833138061 0.25 61
1737833138478 0.36363636363636365 62
1737833138896 0.4117647058823529 63
1737833139312 0.16666666666666666 64
1737833139726 0.2727272727272727 65
1737833140143 0.42424242424242425 66
1737833140560 0.19047619047619047 67
1737833140978 0.2413793103448276 68
1737833141396 0.5 69
1737833141815 0.2222222222222222 70
1737833142230 0.32 71
1737833142648 0.2 72
1737833143066 0.40384615384615385 73
1737833143482 0.375 74
1737833143900 0.3783783783783784 75
1737833144317 0.3617021276595745 76
1737833144733 0.34210526315789475 77
1737833145151 0.3023255813953488 78
1737833145565 0.3673469387755102 79
1737833145984 0.3559322033898305 80
1737833146401 0.3220338983050847 81
1737833146818 0.390625 82
1737833147236 0.3380281690140845 83
1737833147652 0.37681159420289856 84
1737833148072 0.2716049382716049 85
1737833148487 0.25 86
1737833148907 0.38571428571428573 87
1737833149323 0.36923076923076925 88
1737833149738 0.5223880597014925 89
1737833150157 0.43283582089552236 90
1737833150572 0.29850746268656714 91
1737833150991 0.2804878048780488 92
1737833151408 0.36486486486486486 93
1737833151827 0.3902439024390244 94
1737833152245 0.25882352941176473 95
1737833152660 0.4155844155844156 96
1737833153078 0.3974358974358974 97
1737833153496 0.32941176470588235 98
1737833153914 0.26666666666666666 99
1737833154327 0.2878787878787879 100
1737833154744 0.4520547945205479 101
1737833155160 0.3472222222222222 102
1737833155576 0.3 103
1737833155996 0.26229508196721313 104
1737833156410 0.3181818181818182 105
1737833156828 0.3695652173913043 106
1737833157246 0.2894736842105263 107
1737833157663 0.36 108
1737833158083 0.30434782608695654 109
1737833158498 0.3684210526315789 110
1737833158917 0.4074074074074074 111
1737833159333 0.4482758620689655 112
1737833159752 0.42857142857142855 113
1737833160170 0.4 114
1737833160587 0.17391304347826086 115
1737833161007 0.3235294117647059 116
1737833161425 0.42857142857142855 117
1737833161843 0.1724137931034483 118
1737833162265 0.2413793103448276 119
1737833162687 0.2702702702702703 120
1737833163104 0.275 121
1737833163518 0.3870967741935484 122
1737833163937 0.38461538461538464 123
1737833164352 0.2826086956521739 124
1737833164778 0.28 125
1737833165194 0.40816326530612246 126
1737833165610 0.21153846153846154 127
1737833166028 0.39473684210526316 128
1737833166446 0.37254901960784315 129
1737833166864 0.3611111111111111 130
1737833167280 0.34210526315789475 131
1737833167698 0.275 132
1737833168116 0.43478260869565216 133
1737833168533 0.2608695652173913 134
1737833168952 0.2857142857142857 135
1737833169368 0.2826086956521739 136
1737833169786 0.4358974358974359 137
1737833170203 0.2647058823529412 138
1737833170619 0.25 139
1737833171036 0.4642857142857143 140
1737833171451 0.36 141
1737833171870 0.2857142857142857 142
1737833172288 0.34615384615384615 143
1737833172705 0.3170731707317073 144
1737833173124 0.4482758620689655 145
1737833173539 0.4864864864864865 146
1737833173958 0.42857142857142855 147
1737833174376 0.21428571428571427 148
1737833174795 0.35 149
1737833175214 0.28205128205128205 150
1737833175632 0.20512820512820512 151
1737833176051 0.5142857142857142 152
1737833176467 0.3488372093023256 153
1737833176884 0.24390243902439024 154
1737833177301 0.30612244897959184 155
1737833177721 0.2647058823529412 156
1737833178138 0.4 157
1737833178557 0.23684210526315788 158
1737833178977 0.3333333333333333 159
1737833179394 0.2903225806451613 160
1737833179811 0.3157894736842105 161
1737833180229 0.5151515151515151 162
1737833180647 0.43333333333333335 163
1737833181065 0.3333333333333333 164
1737833181483 0.42857142857142855 165
1737833181902 0.21875 166
1737833182318 0.3023255813953488 167
1737833182736 0.4318181818181818 168
1737833183152 0.33962264150943394 169
1737833183568 0.25396825396825395 170
1737833183988 0.27848101265822783 171
1737833184406 0.45454545454545453 172
1737833184825 0.33707865168539325 173
1737833185240 0.27848101265822783 174
1737833185657 0.30864197530864196 175
1737833186074 0.3333333333333333 176
1737833186491 0.323943661971831 177
1737833186909 0.3974358974358974 178
1737833187325 0.3333333333333333 179
1737833187741 0.3287671232876712 180
1737833188160 0.4406779661016949 181
1737833188580 0.36231884057971014 182
1737833188998 0.38461538461538464 183
1737833189418 0.3709677419354839 184
1737833189836 0.35294117647058826 185
1737833190253 0.42857142857142855 186
1737833190669 0.3333333333333333 187
1737833191086 0.27941176470588236 188
1737833191504 0.2463768115942029 189
1737833191927 0.3111111111111111 190
1737833192345 0.26506024096385544 191
1737833192764 0.29333333333333333 192
1737833193185 0.43333333333333335 193
1737833193601 0.37735849056603776 194
1737833194020 0.4722222222222222 195
1737833194437 0.28205128205128205 196
1737833194857 0.3333333333333333 197
1737833195276 0.47619047619047616 198
1737833195693 0.4375 199
1737833196113 0.3333333333333333 200
1737833196528 0.21052631578947367 201
1737833196946 0.21428571428571427 202
1737833197366 0.35714285714285715 203
1737833197785 0.2631578947368421 204
1737833198202 0.22727272727272727 205
1737833198620 0.28 206
1737833199039 0.3125 207
1737833199455 0.3870967741935484 208
1737833199874 0.3142857142857143 209
1737833200291 0.46875 210
1737833200707 0.4090909090909091 211
1737833201125 0.3023255813953488 212
1737833201542 0.30357142857142855 213
1737833201959 0.34 214
1737833202376 0.3114754098360656 215
1737833202797 0.2857142857142857 216
1737833203213 0.2857142857142857 217
1737833203630 0.4444444444444444 218
1737833204048 0.2608695652173913 219
1737833204473 0.2857142857142857 220
1737833204893 0.3333333333333333 221
1737833205311 0.3076923076923077 222
1737833205727 0.3333333333333333 223
1737833206146 0.3235294117647059 224
1737833206562 0.25 225
1737833206978 0.375 226
1737833207393 0.2222222222222222 227
1737833207812 0.3333333333333333 228
1737833208229 0.2857142857142857 229
1737833208644 0.4375 230
1737833209062 0.3333333333333333 231
1737833209477 0.42105263157894735 232
1737833209894 0.42857142857142855 233
1737833210310 0.3333333333333333 234
1737833210726 0.2727272727272727 235
1737833211144 0.5 236
1737833211561 0.4 237
1737833211976 0.3684210526315789 238
1737833212393 0.3333333333333333 239
1737833212812 0.2631578947368421 240
1737833213228 0.38095238095238093 241
1737833213644 0.3333333333333333 242
1737833214064 0.5625 243
1737833214483 0.391304347826087 244
1737833214899 0.2903225806451613 245
1737833215317 0.42105263157894735 246
1737833215735 0.3939393939393939 247
1737833216160 0.34210526315789475 248
1737833216575 0.32075471698113206 249
1737833216991 0.30434782608695654 250
1737833217409 0.3541666666666667 251
1737833217827 0.32786885245901637 252
1737833218243 0.35185185185185186 253
1737833218660 0.543859649122807 254
1737833219079 0.23728813559322035 255
1737833219495 0.36507936507936506 256
1737833219915 0.42857142857142855 257
1737833220334 0.2857142857142857 258
1737833220752 0.38095238095238093 259
1737833221171 0.30357142857142855 260
1737833221588 0.2619047619047619 261
1737833222009 0.37209302325581395 262
1737833222430 0.4489795918367347 263
1737833222853 0.3137254901960784 264
1737833223270 0.38 265
1737833223687 0.2916666666666667 266
1737833224107 0.26 267
1737833224523 0.3333333333333333 268
1737833224942 0.2857142857142857 269
1737833225357 0.34782608695652173 270
1737833225775 0.3170731707317073 271
1737833226190 0.3333333333333333 272
1737833226608 0.3076923076923077 273
1737833227026 0.3125 274
1737833227441 0.36363636363636365 275
1737833227867 0.2777777777777778 276
1737833228284 0.3333333333333333 277
1737833228704 0.24 278
1737833229124 0.28205128205128205 279
1737833229542 0.30303030303030304 280
1737833229964 0.22727272727272727 281
1737833230379 0.2727272727272727 282
1737833230798 0.2 283
1737833231215 0.13043478260869565 284
1737833231634 0.23333333333333334 285
1737833232054 0.21739130434782608 286
1737833232469 0.4090909090909091 287
1737833232888 0.3103448275862069 288
1737833233304 0.28205128205128205 289
1737833233720 0.2558139534883721 290
1737833234141 0.3409090909090909 291
1737833234558 0.3 292
1737833234978 0.2608695652173913 293
1737833235393 0.28205128205128205 294
1737833235810 0.2857142857142857 295
1737833236231 0.38461538461538464 296
1737833236648 0.3142857142857143 297
1737833237065 0.3170731707317073 298
1737833237484 0.3870967741935484 299
1737833237902 0.2972972972972973 300
1737833238319 0.23076923076923078 301
1737833238736 0.3888888888888889 302
1737833239164 0.3548387096774194 303
1737833239577 0.3103448275862069 304
1737833239996 0.25 305
1737833240414 0.34545454545454546 306
1737833240830 0.26153846153846155 307
1737833241248 0.27586206896551724 308
1737833241665 0.3333333333333333 309
1737833242084 0.40384615384615385 310
1737833242502 0.41509433962264153 311
1737833242919 0.2830188679245283 312
1737833243338 0.35555555555555557 313
1737833243757 0.16981132075471697 314
1737833244176 0.2857142857142857 315
1737833244592 0.375 316
1737833245010 0.2222222222222222 317
1737833245429 0.4074074074074074 318
1737833245867 0.36363636363636365 319
1737833246318 0.15384615384615385 320
1737833246829 0.42857142857142855 321
1737833247278 0.2222222222222222 322
1737833247729 0.4 323
1737833248180 0.23529411764705882 324
1737833248633 0.52 325
1737833249084 0.43478260869565216 326
1737833249534 0.19047619047619047 327
1737833249963 0.16666666666666666 328
1737833250379 0.2 329
1737833250795 0.2903225806451613 330
1737833251214 0.30434782608695654 331
1737833251632 0.4 332
1737833252052 0.325 333
1737833252468 0.32432432432432434 334
1737833252886 0.2 335
1737833253304 0.3269230769230769 336
1737833253719 0.19642857142857142 337
1737833254136 0.3469387755102041 338
1737833254553 0.22727272727272727 339
1737833254970 0.3902439024390244 340
1737833255387 0.37777777777777777 341
1737833255804 0.3023255813953488 342
1737833256219 0.3076923076923077 343
1737833256634 0.4 344
1737833257052 0.3142857142857143 345
1737833257468 0.28205128205128205 346
1737833257886 0.35 347
1737833258298 0.3125 348
1737833258716 0.36363636363636365 349
1737833259133 0.32 350
1737833259547 0.48 351
1737833259965 0.47368421052631576 352
1737833260380 0.4230769230769231 353
1737833260798 0.39285714285714285 354
1737833261214 0.4411764705882353 355
1737833261628 0.3870967741935484 356
1737833262043 0.19444444444444445 357
1737833262458 0.3111111111111111 358
1737833262878 0.29411764705882354 359
1737833263293 0.2413793103448276 360
1737833263709 0.3 361
1737833264128 0.2972972972972973 362
1737833264546 0.2727272727272727 363
1737833264965 0.3684210526315789 364
1737833265379 0.4722222222222222 365
1737833265802 0.2857142857142857 366
1737833266242 0.2727272727272727 367
1737833266707 0.3333333333333333 368
1737833267125 0.16129032258064516 369
1737833267542 0.358974358974359 370
1737833268003 0.4090909090909091 371
1737833268429 0.3191489361702128 372
1737833268870 0.35555555555555557 373
1737833269287 0.3333333333333333 374
1737833269705 0.3333333333333333 375
1737833270131 0.2641509433962264 376
1737833270557 0.3870967741935484 377
1737833270977 0.30158730158730157 378
1737833271420 0.36 379
1737833271858 0.3055555555555556 380
1737833272280 0.3150684931506849 381
1737833272701 0.265625 382
1737833273128 0.25757575757575757 383
1737833273551 0.3384615384615385 384
1737833273984 0.3076923076923077 385
1737833274405 0.3898305084745763 386
1737833274845 0.3584905660377358 387
1737833275310 0.3125 388
1737833275735 0.275 389
1737833276161 0.30952380952380953 390
1737833276607 0.34285714285714286 391
1737833277068 0.3181818181818182 392
1737833277515 0.3333333333333333 393
1737833277933 0.17857142857142858 394
1737833278350 0.4074074074074074 395
1737833278767 0.09523809523809523 396
1737833279185 0.27586206896551724 397
1737833279598 0.3333333333333333 398
1737833280025 0.4782608695652174 399
1737833280455 0.38095238095238093 400
1737833280870 0.375 401
1737833281321 0.13333333333333333 402
1737833281752 0.21428571428571427 403
1737833282185 0.3125 404
1737833282600 0.42857142857142855 405
1737833283017 0.25 406
1737833283445 0.2777777777777778 407
1737833283907 0.38461538461538464 408
1737833284366 0.27586206896551724 409
1737833284787 0.41379310344827586 410
1737833285203 0.5294117647058824 411
1737833285619 0.4375 412
1737833286037 0.3770491803278688 413
1737833286488 0.25757575757575757 414
1737833286942 0.3235294117647059 415
1737833287361 0.32894736842105265 416
1737833287794 0.30666666666666664 417
1737833288209 0.36904761904761907 418
1737833288627 0.3977272727272727 419
1737833289046 0.2988505747126437 420
1737833289462 0.27380952380952384 421
1737833289881 0.275 422
1737833290320 0.42857142857142855 423
1737833290759 0.379746835443038 424
1737833291183 0.3283582089552239 425
1737833291604 0.35365853658536583 426
1737833292028 0.3108108108108108 427
1737833292446 0.35714285714285715 428
1737833292866 0.36486486486486486 429
1737833293296 0.3055555555555556 430
1737833293780 0.36 431
1737833294249 0.36486486486486486 432
1737833294703 0.3835616438356164 433
1737833295142 0.3076923076923077 434
1737833295583 0.36486486486486486 435
1737833296017 0.417910447761194 436
1737833296464 0.3181818181818182 437
1737833296921 0.3188405797101449 438
1737833297362 0.32 439
1737833297788 0.2542372881355932 440
1737833298223 0.3389830508474576 441
1737833298663 0.3508771929824561 442
1737833299108 0.4426229508196721 443
1737833299555 0.3888888888888889 444
1737833299995 0.36363636363636365 445
1737833300433 0.3684210526315789 446
1737833300899 0.32653061224489793 447
1737833301350 0.34615384615384615 448
1737833301796 0.2 449
1737833302241 0.36538461538461536 450
1737833302683 0.4 451
1737833303125 0.3114754098360656 452
1737833303561 0.4444444444444444 453
1737833304000 0.4117647058823529 454
1737833304435 0.38028169014084506 455
1737833304875 0.31645569620253167 456
1737833305324 0.30434782608695654 457
1737833305790 0.27692307692307694 458
1737833306242 0.23880597014925373 459
1737833306685 0.32786885245901637 460
1737833307122 0.30666666666666664 461
1737833307571 0.3269230769230769 462
1737833308036 0.26785714285714285 463
1737833308480 0.3409090909090909 464
1737833308944 0.3695652173913043 465
1737833309388 0.29411764705882354 466
1737833309838 0.3137254901960784 467
1737833310292 0.3333333333333333 468
1737833310753 0.40350877192982454 469
1737833311207 0.24561403508771928 470
1737833311656 0.24 471
1737833312129 0.3333333333333333 472
