1737833113087 1.1038728952407837 1
1737833113500 1.0665186643600464 2
1737833113915 1.021589994430542 3
1737833114329 1.1697561740875244 4
1737833114742 1.116489052772522 5
1737833115156 1.042006254196167 6
1737833115570 1.095600962638855 7
1737833116020 0.8974828124046326 8
1737833116435 0.9455581307411194 9
1737833116851 0.9610413312911987 10
1737833117267 0.8787135481834412 11
1737833117679 0.8405082821846008 12
1737833118096 0.8508898019790649 13
1737833118511 1.107803463935852 14
1737833118929 0.9672038555145264 15
1737833119341 0.9322299361228943 16
1737833119755 0.9453414678573608 17
1737833120169 0.9450914263725281 18
1737833120582 0.9829542636871338 19
1737833120998 0.9946597814559937 20
1737833121413 0.958727240562439 21
1737833121829 0.9226863384246826 22
1737833122241 0.9463052153587341 23
1737833122657 0.9495498538017273 24
1737833123074 1.070162296295166 25
1737833123488 1.183889627456665 26
1737833123908 1.080878734588623 27
1737833124322 1.1052300930023193 28
1737833124737 1.0337423086166382 29
1737833125155 1.0845586061477661 30
1737833125570 1.0814307928085327 31
1737833125985 1.1676589250564575 32
1737833126402 1.2646300792694092 33
1737833126820 1.1461857557296753 34
1737833127235 1.1970398426055908 35
1737833127651 1.1722970008850098 36
1737833128069 1.22588312625885 37
1737833128486 1.2528283596038818 38
1737833128906 1.2062859535217285 39
1737833129321 1.1757878065109253 40
1737833129735 1.1807429790496826 41
1737833130154 1.126949667930603 42
1737833130569 1.1417433023452759 43
1737833130990 1.13116455078125 44
1737833131407 1.1462695598602295 45
1737833131827 1.1712030172348022 46
1737833132243 1.1362900733947754 47
1737833132657 1.1240966320037842 48
1737833133075 1.1058871746063232 49
1737833133492 1.1336960792541504 50
1737833133909 1.094153881072998 51
1737833134323 1.1064302921295166 52
1737833134743 1.120891809463501 53
1737833135158 1.0926666259765625 54
1737833135575 1.1205252408981323 55
1737833135992 1.1035908460617065 56
1737833136408 1.0915839672088623 57
1737833136824 1.1227322816848755 58
1737833137240 1.1232531070709229 59
1737833137656 1.116249918937683 60
1737833138074 1.120130181312561 61
1737833138491 1.1243432760238647 62
1737833138908 1.1142139434814453 63
1737833139323 1.1207222938537598 64
1737833139739 1.1209511756896973 65
1737833140157 1.1094274520874023 66
1737833140574 1.1206103563308716 67
1737833140991 1.1041839122772217 68
1737833141408 1.1117113828659058 69
1737833141827 1.1220388412475586 70
1737833142244 1.1061680316925049 71
1737833142660 1.1192972660064697 72
1737833143080 1.107248067855835 73
1737833143495 1.1076393127441406 74
1737833143914 1.1130173206329346 75
1737833144329 1.108075499534607 76
1737833144747 1.1070902347564697 77
1737833145164 1.1377296447753906 78
1737833145579 1.1181933879852295 79
1737833145997 1.1062064170837402 80
1737833146413 1.1008672714233398 81
1737833146831 1.0970314741134644 82
1737833147248 1.106238603591919 83
1737833147665 1.0868921279907227 84
1737833148084 1.1437333822250366 85
1737833148500 1.1176499128341675 86
1737833148919 1.1140778064727783 87
1737833149336 1.0952988862991333 88
1737833149752 1.0978450775146484 89
1737833150170 1.111351490020752 90
1737833150586 1.118204116821289 91
1737833151004 1.1191006898880005 92
1737833151422 1.1053508520126343 93
1737833151840 1.0861008167266846 94
1737833152257 1.1173774003982544 95
1737833152674 1.0867782831192017 96
1737833153090 1.0978680849075317 97
1737833153509 1.1156764030456543 98
1737833153927 1.1183440685272217 99
1737833154341 1.1083956956863403 100
1737833154757 1.095313310623169 101
1737833155173 1.0882049798965454 102
1737833155589 1.1090178489685059 103
1737833156008 1.1037636995315552 104
1737833156422 1.08782160282135 105
1737833156842 1.0910428762435913 106
1737833157258 1.1024518013000488 107
1737833157678 1.105392575263977 108
1737833158096 1.1034966707229614 109
1737833158512 1.1105005741119385 110
1737833158929 1.0940550565719604 111
1737833159346 1.103776454925537 112
1737833159766 1.124284267425537 113
1737833160183 1.1130715608596802 114
1737833160602 1.116195559501648 115
1737833161021 1.1201198101043701 116
1737833161437 1.1118402481079102 117
1737833161857 1.131393313407898 118
1737833162280 1.1192702054977417 119
1737833162700 1.1170783042907715 120
1737833163117 1.1060166358947754 121
1737833163531 1.1049549579620361 122
1737833163950 1.1064937114715576 123
1737833164366 1.122605800628662 124
1737833164791 1.1084556579589844 125
1737833165207 1.093011736869812 126
1737833165622 1.1099058389663696 127
1737833166041 1.111043930053711 128
1737833166459 1.119689702987671 129
1737833166878 1.1158010959625244 130
1737833167294 1.1131155490875244 131
1737833167712 1.1198387145996094 132
1737833168130 1.0788569450378418 133
1737833168547 1.1104419231414795 134
1737833168965 1.1084305047988892 135
1737833169381 1.1209359169006348 136
1737833169799 1.0918408632278442 137
1737833170216 1.1027859449386597 138
1737833170632 1.1199413537979126 139
1737833171049 1.0948710441589355 140
1737833171464 1.116542935371399 141
1737833171882 1.1231236457824707 142
1737833172300 1.101863980293274 143
1737833172718 1.0918235778808594 144
1737833173136 1.1028655767440796 145
1737833173552 1.0917385816574097 146
1737833173971 1.1005491018295288 147
1737833174388 1.1133053302764893 148
1737833174808 1.1049124002456665 149
1737833175226 1.1114479303359985 150
1737833175645 1.1207331418991089 151
1737833176064 1.101118564605713 152
1737833176480 1.1027768850326538 153
1737833176898 1.1258670091629028 154
1737833177315 1.1140251159667969 155
1737833177733 1.0996421575546265 156
1737833178152 1.1240856647491455 157
1737833178570 1.1140385866165161 158
1737833178989 1.0956531763076782 159
1737833179406 1.1065059900283813 160
1737833179825 1.0937284231185913 161
1737833180243 1.0888209342956543 162
1737833180659 1.0859017372131348 163
1737833181079 1.1096855401992798 164
1737833181496 1.118323802947998 165
1737833181915 1.1144015789031982 166
1737833182333 1.111546516418457 167
1737833182749 1.1012773513793945 168
1737833183165 1.1003016233444214 169
1737833183582 1.1063121557235718 170
1737833184000 1.1257851123809814 171
1737833184418 1.0793626308441162 172
1737833184838 1.1150556802749634 173
1737833185253 1.0965056419372559 174
1737833185670 1.1069289445877075 175
1737833186087 1.105408787727356 176
1737833186504 1.105560302734375 177
1737833186921 1.0975987911224365 178
1737833187338 1.1183158159255981 179
1737833187754 1.1014282703399658 180
1737833188172 1.0724729299545288 181
1737833188593 1.1130635738372803 182
1737833189012 1.1144943237304688 183
1737833189432 1.0955013036727905 184
1737833189849 1.095726728439331 185
1737833190267 1.0874675512313843 186
1737833190682 1.1243301630020142 187
1737833191100 1.1162095069885254 188
1737833191517 1.1083985567092896 189
1737833191940 1.1071168184280396 190
1737833192358 1.1009840965270996 191
1737833192778 1.1141940355300903 192
1737833193197 1.0878450870513916 193
1737833193614 1.0878041982650757 194
1737833194033 1.095583200454712 195
1737833194451 1.0947730541229248 196
1737833194871 1.107945203781128 197
1737833195288 1.1150970458984375 198
1737833195706 1.113122582435608 199
1737833196126 1.1054413318634033 200
1737833196542 1.1269688606262207 201
1737833196961 1.0999692678451538 202
1737833197380 1.0874112844467163 203
1737833197798 1.1147663593292236 204
1737833198215 1.1157137155532837 205
1737833198633 1.1111551523208618 206
1737833199052 1.1176410913467407 207
1737833199468 1.1128207445144653 208
1737833199887 1.1038000583648682 209
1737833200305 1.1065070629119873 210
1737833200722 1.1060773134231567 211
1737833201138 1.0913887023925781 212
1737833201554 1.1162742376327515 213
1737833201971 1.102216124534607 214
1737833202390 1.10953688621521 215
1737833202810 1.1311310529708862 216
1737833203226 1.1070610284805298 217
1737833203643 1.092909812927246 218
1737833204063 1.1132352352142334 219
1737833204485 1.1111429929733276 220
1737833204906 1.1060746908187866 221
1737833205324 1.0969231128692627 222
1737833205740 1.1122667789459229 223
1737833206160 1.093934178352356 224
1737833206574 1.1039097309112549 225
1737833206990 1.1045249700546265 226
1737833207407 1.0935834646224976 227
1737833207825 1.100759506225586 228
1737833208241 1.1034969091415405 229
1737833208657 1.0950639247894287 230
1737833209074 1.0914111137390137 231
1737833209489 1.1106417179107666 232
1737833209907 1.1037181615829468 233
1737833210324 1.119020700454712 234
1737833210738 1.1015865802764893 235
1737833211157 1.107267141342163 236
1737833211573 1.107361078262329 237
1737833211989 1.1132642030715942 238
1737833212406 1.11374032497406 239
1737833212825 1.1073116064071655 240
1737833213241 1.1131900548934937 241
1737833213658 1.0962401628494263 242
1737833214078 1.1006908416748047 243
1737833214495 1.0929421186447144 244
1737833214913 1.108622670173645 245
1737833215331 1.111328125 246
1737833215748 1.0837104320526123 247
1737833216173 1.0948944091796875 248
1737833216588 1.1049985885620117 249
1737833217005 1.1007139682769775 250
1737833217422 1.0932668447494507 251
1737833217840 1.1080665588378906 252
1737833218256 1.1036295890808105 253
1737833218673 1.0902529954910278 254
1737833219090 1.1058213710784912 255
1737833219507 1.1141103506088257 256
1737833219928 1.091880440711975 257
1737833220348 1.1087095737457275 258
1737833220765 1.106282353401184 259
1737833221185 1.1129741668701172 260
1737833221601 1.1109888553619385 261
1737833222021 1.1066067218780518 262
1737833222443 1.1031718254089355 263
1737833222865 1.1190234422683716 264
1737833223283 1.09657621383667 265
1737833223700 1.108506679534912 266
1737833224119 1.109809398651123 267
1737833224536 1.1007360219955444 268
1737833224955 1.1060872077941895 269
1737833225370 1.1121654510498047 270
1737833225788 1.1061221361160278 271
1737833226203 1.0964653491973877 272
1737833226621 1.0976320505142212 273
1737833227039 1.1001195907592773 274
1737833227458 1.1034029722213745 275
1737833227881 1.0946564674377441 276
1737833228298 1.108676791191101 277
1737833228717 1.114957332611084 278
1737833229136 1.0983132123947144 279
1737833229555 1.1002894639968872 280
1737833229976 1.1138302087783813 281
1737833230392 1.0945488214492798 282
1737833230812 1.1087164878845215 283
1737833231228 1.1084959506988525 284
1737833231648 1.118278980255127 285
1737833232066 1.103304147720337 286
1737833232483 1.1169172525405884 287
1737833232901 1.0895589590072632 288
1737833233317 1.1199907064437866 289
1737833233733 1.0947743654251099 290
1737833234154 1.099470853805542 291
1737833234572 1.1017800569534302 292
1737833234991 1.0999281406402588 293
1737833235406 1.1094951629638672 294
1737833235824 1.1159747838974 295
1737833236244 1.0908523797988892 296
1737833236661 1.0923783779144287 297
1737833237078 1.1024987697601318 298
1737833237497 1.1110589504241943 299
1737833237915 1.1035267114639282 300
1737833238332 1.1082005500793457 301
1737833238750 1.1007965803146362 302
1737833239176 1.1141958236694336 303
1737833239591 1.0920836925506592 304
1737833240010 1.109101414680481 305
1737833240426 1.1075714826583862 306
1737833240844 1.0970799922943115 307
1737833241262 1.1132655143737793 308
1737833241678 1.1009396314620972 309
1737833242097 1.0916972160339355 310
1737833242515 1.0854207277297974 311
1737833242932 1.1032218933105469 312
1737833243351 1.0928866863250732 313
1737833243771 1.1117194890975952 314
1737833244189 1.1125168800354004 315
1737833244605 1.0961781740188599 316
1737833245024 1.1232140064239502 317
1737833245442 1.1022517681121826 318
1737833245880 1.1085667610168457 319
1737833246340 1.1019909381866455 320
1737833246843 1.0996880531311035 321
1737833247292 1.1006749868392944 322
1737833247742 1.1086102724075317 323
1737833248195 1.1160744428634644 324
1737833248646 1.0970914363861084 325
1737833249098 1.09615957736969 326
1737833249550 1.0929937362670898 327
1737833249975 1.1167749166488647 328
1737833250392 1.0949736833572388 329
1737833250811 1.1104894876480103 330
1737833251228 1.1041526794433594 331
1737833251646 1.107898235321045 332
1737833252065 1.0971531867980957 333
1737833252481 1.0954110622406006 334
1737833252900 1.124083161354065 335
1737833253316 1.0996017456054688 336
1737833253732 1.1081078052520752 337
1737833254149 1.0997114181518555 338
1737833254566 1.0940098762512207 339
1737833254984 1.10654616355896 340
1737833255400 1.1023375988006592 341
1737833255817 1.0958068370819092 342
1737833256231 1.1007795333862305 343
1737833256647 1.099610686302185 344
1737833257065 1.1041914224624634 345
1737833257481 1.103914499282837 346
1737833257898 1.1131364107131958 347
1737833258312 1.1107637882232666 348
1737833258729 1.1029634475708008 349
1737833259146 1.0953608751296997 350
1737833259560 1.088833212852478 351
1737833259978 1.0963711738586426 352
1737833260393 1.0923571586608887 353
1737833260811 1.0996874570846558 354
1737833261227 1.1077040433883667 355
1737833261641 1.1007840633392334 356
1737833262056 1.1159451007843018 357
1737833262472 1.0917012691497803 358
1737833262891 1.1072415113449097 359
1737833263306 1.1120294332504272 360
1737833263722 1.106184482574463 361
1737833264142 1.1008344888687134 362
1737833264559 1.105467438697815 363
1737833264977 1.1032177209854126 364
1737833265392 1.0885961055755615 365
1737833265816 1.1076006889343262 366
1737833266257 1.0880595445632935 367
1737833266720 1.1085586547851562 368
1737833267139 1.1153684854507446 369
1737833267555 1.1034796237945557 370
1737833268016 1.1059879064559937 371
1737833268442 1.1076276302337646 372
1737833268884 1.1000727415084839 373
1737833269300 1.1018486022949219 374
1737833269719 1.112021565437317 375
1737833270145 1.1080763339996338 376
1737833270570 1.095192790031433 377
1737833270991 1.105025291442871 378
1737833271434 1.1012521982192993 379
1737833271872 1.1019806861877441 380
1737833272294 1.111154556274414 381
1737833272717 1.1207257509231567 382
1737833273141 1.1189920902252197 383
1737833273563 1.1082099676132202 384
1737833273997 1.104526400566101 385
1737833274417 1.090495228767395 386
1737833274858 1.090020775794983 387
1737833275323 1.089311122894287 388
1737833275749 1.1048736572265625 389
1737833276175 1.0997612476348877 390
1737833276621 1.1018880605697632 391
1737833277082 1.1038508415222168 392
1737833277528 1.107580542564392 393
1737833277946 1.0950047969818115 394
1737833278364 1.1008623838424683 395
1737833278781 1.1139038801193237 396
1737833279197 1.0981955528259277 397
1737833279610 1.093360185623169 398
1737833280038 1.102063775062561 399
1737833280467 1.0989128351211548 400
1737833280884 1.0916029214859009 401
1737833281333 1.1090971231460571 402
1737833281767 1.0936427116394043 403
1737833282198 1.1252866983413696 404
1737833282612 1.1074090003967285 405
1737833283029 1.104722023010254 406
1737833283460 1.0943348407745361 407
1737833283921 1.0929378271102905 408
1737833284380 1.1131607294082642 409
1737833284801 1.0974973440170288 410
1737833285216 1.0961869955062866 411
1737833285633 1.0960758924484253 412
1737833286051 1.085747480392456 413
1737833286502 1.1025642156600952 414
1737833286955 1.1017557382583618 415
1737833287377 1.0991634130477905 416
1737833287807 1.1165640354156494 417
1737833288223 1.0966079235076904 418
1737833288640 1.0972743034362793 419
1737833289059 1.1104217767715454 420
1737833289475 1.1132349967956543 421
1737833289894 1.1052932739257812 422
1737833290333 1.0949796438217163 423
1737833290773 1.0990617275238037 424
1737833291195 1.111920952796936 425
1737833291617 1.0901930332183838 426
1737833292042 1.1103935241699219 427
1737833292458 1.1050174236297607 428
1737833292879 1.1029503345489502 429
1737833293325 1.1119093894958496 430
1737833293796 1.1036471128463745 431
1737833294266 1.097459077835083 432
1737833294717 1.0929811000823975 433
1737833295155 1.111151933670044 434
1737833295605 1.1034214496612549 435
1737833296030 1.0980112552642822 436
1737833296477 1.1006298065185547 437
1737833296934 1.1081430912017822 438
1737833297375 1.1193873882293701 439
1737833297801 1.1056236028671265 440
1737833298236 1.090533971786499 441
1737833298676 1.1085779666900635 442
1737833299121 1.0946780443191528 443
1737833299571 1.0935028791427612 444
1737833300011 1.1004196405410767 445
1737833300447 1.1002200841903687 446
1737833300914 1.105965495109558 447
1737833301363 1.1027350425720215 448
1737833301809 1.1075032949447632 449
1737833302253 1.108072280883789 450
1737833302697 1.0873706340789795 451
1737833303139 1.101013422012329 452
1737833303575 1.0894873142242432 453
1737833304014 1.1051591634750366 454
1737833304449 1.0941288471221924 455
1737833304887 1.118654727935791 456
1737833305339 1.1046414375305176 457
1737833305804 1.1005480289459229 458
1737833306255 1.1173185110092163 459
1737833306698 1.112823486328125 460
1737833307135 1.0980749130249023 461
1737833307585 1.1202133893966675 462
1737833308052 1.1054030656814575 463
1737833308495 1.110642671585083 464
1737833308959 1.0951520204544067 465
1737833309408 1.105251669883728 466
1737833309852 1.111700177192688 467
1737833310306 1.102292537689209 468
1737833310768 1.0913429260253906 469
1737833311224 1.1090381145477295 470
1737833311671 1.1002182960510254 471
1737833312142 1.1118781566619873 472
