1737833113084 0.38482511043548584 1
1737833113497 0.4061930477619171 2
1737833113912 0.5442872047424316 3
1737833114327 0.1041666641831398 4
1737833114738 0.2949517071247101 5
1737833115153 0.3434697687625885 6
1737833115567 0.5647727251052856 7
1737833116018 0.6592361330986023 8
1737833116432 0.7559959292411804 9
1737833116849 0.7267652153968811 10
1737833117264 0.7700048089027405 11
1737833117677 0.7366964221000671 12
1737833118094 0.741941511631012 13
1737833118509 0.6692028641700745 14
1737833118926 0.6912767887115479 15
1737833119339 0.6884616017341614 16
1737833119752 0.6884057521820068 17
1737833120166 0.6227512955665588 18
1737833120579 0.573566198348999 19
1737833120995 0.5784278512001038 20
1737833121409 0.5963890552520752 21
1737833121826 0.683412492275238 22
1737833122238 0.6279564499855042 23
1737833122654 0.690295934677124 24
1737833123071 0.493506520986557 25
1737833123486 0.445333331823349 26
1737833123906 0.2398197203874588 27
1737833124320 0.3136363923549652 28
1737833124734 0.344989538192749 29
1737833125152 0.31342780590057373 30
1737833125567 0.32574746012687683 31
1737833125982 0.3289303481578827 32
1737833126400 0.09333333373069763 33
1737833126818 0.2607046067714691 34
1737833127233 0.21487180888652802 35
1737833127649 0.1934732049703598 36
1737833128067 0.1041666641831398 37
1737833128483 0.09375 38
1737833128903 0.109375 39
1737833129319 0.1171875 40
1737833129733 0.1145833358168602 41
1737833130152 0.22844445705413818 42
1737833130567 0.20893143117427826 43
1737833130988 0.16332153975963593 44
1737833131404 0.2231111079454422 45
1737833131824 0.20773714780807495 46
1737833132241 0.21114802360534668 47
1737833132654 0.21995465457439423 48
1737833133072 0.23265023529529572 49
1737833133489 0.2291666716337204 50
1737833133906 0.5620915293693542 51
1737833134321 0.26205453276634216 52
1737833134740 0.3404478132724762 53
1737833135156 0.3307057321071625 54
1737833135573 0.2788729667663574 55
1737833135990 0.28313031792640686 56
1737833136405 0.3919489085674286 57
1737833136821 0.3283730447292328 58
1737833137237 0.2727188766002655 59
1737833137653 0.3384920656681061 60
1737833138071 0.24794240295886993 61
1737833138488 0.3360269367694855 62
1737833138906 0.34092673659324646 63
1737833139321 0.27700647711753845 64
1737833139737 0.3261878490447998 65
1737833140154 0.3604312241077423 66
1737833140571 0.25596216320991516 67
1737833140988 0.2826656401157379 68
1737833141405 0.3185776472091675 69
1737833141824 0.30391383171081543 70
1737833142241 0.351330041885376 71
1737833142658 0.2865408658981323 72
1737833143077 0.36011627316474915 73
1737833143492 0.3246779441833496 74
1737833143911 0.3211389183998108 75
1737833144327 0.32399874925613403 76
1737833144744 0.3974548876285553 77
1737833145161 0.29933980107307434 78
1737833145576 0.30088356137275696 79
1737833145994 0.32215285301208496 80
1737833146411 0.3642890751361847 81
1737833146828 0.35293564200401306 82
1737833147246 0.41955435276031494 83
1737833147662 0.4611668586730957 84
1737833148082 0.21896211802959442 85
1737833148497 0.3214285671710968 86
1737833148917 0.37015390396118164 87
1737833149333 0.3619953691959381 88
1737833149749 0.3777906894683838 89
1737833150168 0.2799207270145416 90
1737833150583 0.28516554832458496 91
1737833151001 0.29707014560699463 92
1737833151419 0.31361663341522217 93
1737833151837 0.28980353474617004 94
1737833152255 0.37209653854370117 95
1737833152671 0.35746753215789795 96
1737833153088 0.45104894042015076 97
1737833153506 0.3550690710544586 98
1737833153924 0.32606837153434753 99
1737833154338 0.36416688561439514 100
1737833154754 0.4027857780456543 101
1737833155170 0.38069799542427063 102
1737833155587 0.39282408356666565 103
1737833156005 0.30308282375335693 104
1737833156420 0.3514557182788849 105
1737833156839 0.3483022451400757 106
1737833157256 0.32134753465652466 107
1737833157675 0.35667967796325684 108
1737833158094 0.325621634721756 109
1737833158509 0.3178718090057373 110
1737833158927 0.4291272461414337 111
1737833159343 0.36333465576171875 112
1737833159763 0.3028925359249115 113
1737833160180 0.3432098925113678 114
1737833160599 0.2690821588039398 115
1737833161017 0.2748570442199707 116
1737833161435 0.3742789030075073 117
1737833161854 0.20521903038024902 118
1737833162277 0.25785407423973083 119
1737833162698 0.301601380109787 120
1737833163115 0.2997601628303528 121
1737833163529 0.29131296277046204 122
1737833163948 0.33873143792152405 123
1737833164363 0.2922705411911011 124
1737833164788 0.36897435784339905 125
1737833165204 0.3466604948043823 126
1737833165619 0.2917110025882721 127
1737833166038 0.3664507567882538 128
1737833166457 0.3615567684173584 129
1737833166875 0.3215239346027374 130
1737833167291 0.31279635429382324 131
1737833167709 0.32499998807907104 132
1737833168127 0.4160003364086151 133
1737833168544 0.3259611427783966 134
1737833168962 0.35169151425361633 135
1737833169378 0.2601480782032013 136
1737833169796 0.370779424905777 137
1737833170213 0.39111021161079407 138
1737833170630 0.26806843280792236 139
1737833171046 0.3904721438884735 140
1737833171462 0.3089355528354645 141
1737833171880 0.2819882333278656 142
1737833172297 0.3582480251789093 143
1737833172715 0.2949945628643036 144
1737833173134 0.3810270130634308 145
1737833173549 0.4007098972797394 146
1737833173968 0.4049830436706543 147
1737833174386 0.29507163166999817 148
1737833174806 0.3554157018661499 149
1737833175223 0.32860615849494934 150
1737833175642 0.2461538463830948 151
1737833176061 0.42105820775032043 152
1737833176477 0.35960841178894043 153
1737833176895 0.35095253586769104 154
1737833177312 0.29879093170166016 155
1737833177731 0.3464052379131317 156
1737833178149 0.3043859601020813 157
1737833178568 0.28544580936431885 158
1737833178987 0.38740742206573486 159
1737833179403 0.29660412669181824 160
1737833179822 0.3435964584350586 161
1737833180240 0.44759082794189453 162
1737833180656 0.37261903285980225 163
1737833181076 0.314241498708725 164
1737833181493 0.3395238220691681 165
1737833181912 0.27759504318237305 166
1737833182330 0.3201148211956024 167
1737833182746 0.34517398476600647 168
1737833183163 0.31260785460472107 169
1737833183579 0.4029894173145294 170
1737833183998 0.27296167612075806 171
1737833184415 0.4294721186161041 172
1737833184835 0.2623595595359802 173
1737833185251 0.3431076109409332 174
1737833185667 0.37774625420570374 175
1737833186084 0.3360171616077423 176
1737833186502 0.33690276741981506 177
1737833186919 0.38084468245506287 178
1737833187335 0.259738564491272 179
1737833187752 0.35053107142448425 180
1737833188169 0.4349069893360138 181
1737833188590 0.26207730174064636 182
1737833189009 0.32530656456947327 183
1737833189429 0.2741188704967499 184
1737833189846 0.37690630555152893 185
1737833190263 0.47425997257232666 186
1737833190680 0.2843915522098541 187
1737833191097 0.3259415030479431 188
1737833191514 0.3440948724746704 189
1737833191937 0.23465608060359955 190
1737833192356 0.29822996258735657 191
1737833192775 0.3249206244945526 192
1737833193195 0.43792638182640076 193
1737833193611 0.4232743978500366 194
1737833194030 0.40906932950019836 195
1737833194448 0.37970003485679626 196
1737833194869 0.32991454005241394 197
1737833195285 0.3195197880268097 198
1737833195704 0.3363095223903656 199
1737833196124 0.34958627820014954 200
1737833196539 0.21411482989788055 201
1737833196957 0.3316137492656708 202
1737833197376 0.3498516082763672 203
1737833197796 0.31265154480934143 204
1737833198213 0.3304087221622467 205
1737833198629 0.32680732011795044 206
1737833199049 0.3611111342906952 207
1737833199465 0.34535646438598633 208
1737833199884 0.37357911467552185 209
1737833200302 0.3663409948348999 210
1737833200719 0.28204265236854553 211
1737833201136 0.3789283335208893 212
1737833201551 0.307539701461792 213
1737833201969 0.30186334252357483 214
1737833202387 0.34157466888427734 215
1737833202807 0.22623030841350555 216
1737833203223 0.2710077166557312 217
1737833203641 0.4048769474029541 218
1737833204059 0.3039105236530304 219
1737833204483 0.324892520904541 220
1737833204903 0.33143150806427 221
1737833205321 0.3645898401737213 222
1737833205737 0.2853612005710602 223
1737833206157 0.37103286385536194 224
1737833206571 0.33888888359069824 225
1737833206988 0.35156986117362976 226
1737833207404 0.34074077010154724 227
1737833207823 0.3239065110683441 228
1737833208239 0.3261261284351349 229
1737833208654 0.3769855499267578 230
1737833209072 0.36489900946617126 231
1737833209487 0.3274129331111908 232
1737833209904 0.35086581110954285 233
1737833210321 0.2923577129840851 234
1737833210736 0.345081090927124 235
1737833211154 0.3710207939147949 236
1737833211570 0.3538624346256256 237
1737833211986 0.315166711807251 238
1737833212403 0.2972746193408966 239
1737833212822 0.3510840833187103 240
1737833213239 0.3365800678730011 241
1737833213655 0.35696569085121155 242
1737833214075 0.395619660615921 243
1737833214492 0.36512866616249084 244
1737833214910 0.33005082607269287 245
1737833215328 0.37254536151885986 246
1737833215744 0.41090306639671326 247
1737833216169 0.37867751717567444 248
1737833216585 0.3290614187717438 249
1737833217002 0.3599962890148163 250
1737833217419 0.39775386452674866 251
1737833217837 0.28939712047576904 252
1737833218253 0.3114015758037567 253
1737833218670 0.3809967041015625 254
1737833219088 0.36602306365966797 255
1737833219504 0.3372865617275238 256
1737833219926 0.40339353680610657 257
1737833220345 0.3595968782901764 258
1737833220762 0.3492063581943512 259
1737833221182 0.26577380299568176 260
1737833221598 0.23898287117481232 261
1737833222018 0.32118546962738037 262
1737833222440 0.35485467314720154 263
1737833222863 0.3318479061126709 264
1737833223281 0.3927094638347626 265
1737833223697 0.29410865902900696 266
1737833224116 0.2866666615009308 267
1737833224533 0.3246288001537323 268
1737833224952 0.38391008973121643 269
1737833225367 0.38284263014793396 270
1737833225785 0.3250459134578705 271
1737833226200 0.33086419105529785 272
1737833226619 0.35653236508369446 273
1737833227037 0.3512272834777832 274
1737833227452 0.35695186257362366 275
1737833227878 0.33164021372795105 276
1737833228295 0.29407408833503723 277
1737833228715 0.27067795395851135 278
1737833229134 0.3574359118938446 279
1737833229552 0.339715838432312 280
1737833229974 0.27530404925346375 281
1737833230390 0.36471858620643616 282
1737833230810 0.24766214191913605 283
1737833231226 0.24590249359607697 284
1737833231645 0.2396467924118042 285
1737833232064 0.2888380289077759 286
1737833232481 0.32749903202056885 287
1737833232899 0.3766312301158905 288
1737833233314 0.29627886414527893 289
1737833233730 0.33837929368019104 290
1737833234152 0.3092476427555084 291
1737833234569 0.3298245668411255 292
1737833234988 0.3647342920303345 293
1737833235403 0.26309922337532043 294
1737833235821 0.3203897774219513 295
1737833236242 0.41076186299324036 296
1737833236659 0.4190155565738678 297
1737833237075 0.2963690459728241 298
1737833237494 0.31981101632118225 299
1737833237912 0.2804781198501587 300
1737833238329 0.30947718024253845 301
1737833238747 0.320538729429245 302
1737833239174 0.31600436568260193 303
1737833239588 0.33075568079948425 304
1737833240007 0.29424241185188293 305
1737833240424 0.339566707611084 306
1737833240841 0.29772913455963135 307
1737833241259 0.4014778137207031 308
1737833241675 0.3724685609340668 309
1737833242094 0.35481739044189453 310
1737833242513 0.3873516023159027 311
1737833242930 0.3305314779281616 312
1737833243348 0.3530639708042145 313
1737833243768 0.309114545583725 314
1737833244186 0.3104712963104248 315
1737833244602 0.3878070116043091 316
1737833245021 0.26157405972480774 317
1737833245440 0.3488527834415436 318
1737833245878 0.3220668137073517 319
1737833246336 0.2656410038471222 320
1737833246840 0.3358457088470459 321
1737833247289 0.3187103867530823 322
1737833247739 0.33653518557548523 323
1737833248192 0.2513996362686157 324
1737833248642 0.3943270444869995 325
1737833249095 0.38944506645202637 326
1737833249546 0.3084249198436737 327
1737833249973 0.21293841302394867 328
1737833250389 0.3176136314868927 329
1737833250808 0.30703720450401306 330
1737833251225 0.27574285864830017 331
1737833251643 0.35270655155181885 332
1737833252062 0.33924078941345215 333
1737833252478 0.3515705168247223 334
1737833252898 0.2817275822162628 335
1737833253313 0.3182336091995239 336
1737833253730 0.29695767164230347 337
1737833254147 0.36074432730674744 338
1737833254563 0.3693169057369232 339
1737833254981 0.3615627586841583 340
1737833255397 0.3025965988636017 341
1737833255814 0.357267290353775 342
1737833256229 0.30793046951293945 343
1737833256644 0.35158729553222656 344
1737833257062 0.3229407072067261 345
1737833257478 0.3222700357437134 346
1737833257895 0.3000209331512451 347
1737833258309 0.31729796528816223 348
1737833258726 0.3454414904117584 349
1737833259143 0.3249927759170532 350
1737833259557 0.4286322593688965 351
1737833259976 0.39551377296447754 352
1737833260390 0.39191851019859314 353
1737833260809 0.3511904776096344 354
1737833261224 0.3490790128707886 355
1737833261639 0.31457018852233887 356
1737833262053 0.23628811538219452 357
1737833262469 0.39631929993629456 358
1737833262889 0.3065953552722931 359
1737833263304 0.25567907094955444 360
1737833263719 0.31470587849617004 361
1737833264140 0.3091685473918915 362
1737833264556 0.33966174721717834 363
1737833264975 0.3545883893966675 364
1737833265389 0.39066192507743835 365
1737833265813 0.2591269910335541 366
1737833266254 0.3783165216445923 367
1737833266717 0.3374677002429962 368
1737833267135 0.2315412312746048 369
1737833267552 0.3534042537212372 370
1737833268014 0.3458874523639679 371
1737833268439 0.3285374343395233 372
1737833268881 0.34093567728996277 373
1737833269298 0.32698413729667664 374
1737833269717 0.3140096664428711 375
1737833270142 0.2706744372844696 376
1737833270567 0.34377583861351013 377
1737833270989 0.283862441778183 378
1737833271431 0.41894182562828064 379
1737833271869 0.3272486925125122 380
1737833272291 0.24794398248195648 381
1737833272715 0.28407052159309387 382
1737833273138 0.248556986451149 383
1737833273561 0.35584378242492676 384
1737833273994 0.28969860076904297 385
1737833274415 0.3744277060031891 386
1737833274855 0.37329626083374023 387
1737833275320 0.37227752804756165 388
1737833275746 0.27503034472465515 389
1737833276172 0.3313797414302826 390
1737833276618 0.32578667998313904 391
1737833277080 0.35912182927131653 392
1737833277526 0.2947845757007599 393
1737833277943 0.32896825671195984 394
1737833278361 0.33994293212890625 395
1737833278778 0.21856176853179932 396
1737833279195 0.3116757869720459 397
1737833279607 0.3568868637084961 398
1737833280036 0.3684188425540924 399
1737833280465 0.36796537041664124 400
1737833280881 0.36845001578330994 401
1737833281331 0.24762797355651855 402
1737833281764 0.3372352123260498 403
1737833282195 0.280804842710495 404
1737833282609 0.3380952775478363 405
1737833283026 0.3680555522441864 406
1737833283457 0.36100342869758606 407
1737833283918 0.40227922797203064 408
1737833284377 0.3026820123195648 409
1737833284798 0.44253626465797424 410
1737833285214 0.44306182861328125 411
1737833285630 0.40411725640296936 412
1737833286048 0.4511112868785858 413
1737833286499 0.37198472023010254 414
1737833286952 0.3687955141067505 415
1737833287373 0.33389154076576233 416
1737833287803 0.2814492881298065 417
1737833288220 0.39224663376808167 418
1737833288637 0.40638527274131775 419
1737833289056 0.4317927658557892 420
1737833289472 0.275297611951828 421
1737833289891 0.31388887763023376 422
1737833290330 0.3820546865463257 423
1737833290770 0.32165804505348206 424
1737833291192 0.2392018437385559 425
1737833291614 0.43544888496398926 426
1737833292039 0.2501237392425537 427
1737833292456 0.3361218273639679 428
1737833292876 0.28743359446525574 429
1737833293318 0.3416708707809448 430
1737833293792 0.30695652961730957 431
1737833294264 0.3558432161808014 432
1737833294715 0.2940784692764282 433
1737833295152 0.33404555916786194 434
1737833295599 0.3853471279144287 435
1737833296027 0.33337756991386414 436
1737833296474 0.3353547751903534 437
1737833296931 0.3478260934352875 438
1737833297372 0.2857341468334198 439
1737833297798 0.3420504629611969 440
1737833298233 0.3815128803253174 441
1737833298674 0.2997724115848541 442
1737833299118 0.4189695417881012 443
1737833299568 0.43915343284606934 444
1737833300008 0.35830485820770264 445
1737833300444 0.33468690514564514 446
1737833300911 0.26079756021499634 447
1737833301360 0.316142201423645 448
1737833301807 0.2796296179294586 449
1737833302251 0.28973203897476196 450
1737833302694 0.41111111640930176 451
1737833303135 0.2660059630870819 452
1737833303572 0.3322751224040985 453
1737833304010 0.27640148997306824 454
1737833304446 0.29996317625045776 455
1737833304885 0.30733707547187805 456
1737833305335 0.22009332478046417 457
1737833305801 0.538544237613678 458
1737833306253 0.5351575016975403 459
1737833306695 0.3733921945095062 460
1737833307132 0.21760684251785278 461
1737833307582 0.19786326587200165 462
1737833308048 0.2003968209028244 463
1737833308492 0.21805404126644135 464
1737833308956 0.28400713205337524 465
1737833309404 0.21492235362529755 466
1737833309849 0.28452685475349426 467
1737833310303 0.3348982632160187 468
1737833310765 0.34953269362449646 469
1737833311221 0.21122457087039948 470
1737833311668 0.3547748029232025 471
1737833312139 0.3013888895511627 472
