1737833113075 0.5333333333333333 1
1737833113491 0.38524590163934425 2
1737833113906 0.875 3
1737833114320 0.3125 4
1737833114732 0.5185185185185185 5
1737833115147 0.4777777777777778 6
1737833115561 0.8125 7
1737833116012 0.6417910447761194 8
1737833116425 0.7804878048780488 9
1737833116843 0.5517241379310345 10
1737833117256 0.6307692307692307 11
1737833117671 0.5652173913043478 12
1737833118088 0.875 13
1737833118503 1.0 14
1737833118919 0.875 15
1737833119332 0.8260869565217391 16
1737833119744 0.8333333333333334 17
1737833120160 0.6285714285714286 18
1737833120573 0.5084745762711864 19
1737833120989 0.4788732394366197 20
1737833121404 0.675 21
1737833121820 0.8235294117647058 22
1737833122232 0.631578947368421 23
1737833122647 0.8125 24
1737833123064 0.5882352941176471 25
1737833123479 1.0 26
1737833123899 0.4036697247706422 27
1737833124312 0.3409090909090909 28
1737833124727 0.5066666666666667 29
1737833125146 0.42105263157894735 30
1737833125560 0.42168674698795183 31
1737833125977 0.6363636363636364 32
1737833126393 0.0 33
1737833126811 0.4 34
1737833127226 0.26 35
1737833127643 0.2727272727272727 36
1737833128060 0.3125 37
1737833128476 0.28125 38
1737833128897 0.328125 39
1737833129311 0.3515625 40
1737833129726 0.34375 41
1737833130144 0.352 42
1737833130561 0.2631578947368421 43
1737833130981 0.14285714285714285 44
1737833131397 0.3333333333333333 45
1737833131817 0.35294117647058826 46
1737833132234 0.23809523809523808 47
1737833132647 0.3333333333333333 48
1737833133065 0.32432432432432434 49
1737833133482 0.375 50
1737833133900 0.3333333333333333 51
1737833134314 0.4528301886792453 52
1737833134733 0.2692307692307692 53
1737833135149 0.5416666666666666 54
1737833135567 0.2903225806451613 55
1737833135983 0.2571428571428571 56
1737833136397 0.390625 57
1737833136814 0.3333333333333333 58
1737833137231 0.23529411764705882 59
1737833137648 0.325 60
1737833138065 0.14814814814814814 61
1737833138483 0.3333333333333333 62
1737833138900 0.2857142857142857 63
1737833139316 0.3225806451612903 64
1737833139730 0.4594594594594595 65
1737833140147 0.375 66
1737833140564 0.1896551724137931 67
1737833140982 0.29411764705882354 68
1737833141399 0.3018867924528302 69
1737833141818 0.3191489361702128 70
1737833142234 0.2857142857142857 71
1737833142652 0.33962264150943394 72
1737833143070 0.4098360655737705 73
1737833143485 0.37681159420289856 74
1737833143904 0.36764705882352944 75
1737833144320 0.375 76
1737833144737 0.323943661971831 77
1737833145155 0.22727272727272727 78
1737833145570 0.3448275862068966 79
1737833145988 0.4 80
1737833146404 0.4375 81
1737833146822 0.3181818181818182 82
1737833147240 0.4444444444444444 83
1737833147656 0.391304347826087 84
1737833148076 0.24242424242424243 85
1737833148490 0.2857142857142857 86
1737833148911 0.3611111111111111 87
1737833149327 0.40425531914893614 88
1737833149742 0.2631578947368421 89
1737833150161 0.12121212121212122 90
1737833150576 0.26666666666666666 91
1737833150995 0.3076923076923077 92
1737833151412 0.3076923076923077 93
1737833151831 0.3125 94
1737833152248 0.5882352941176471 95
1737833152664 0.18181818181818182 96
1737833153082 0.5454545454545454 97
1737833153499 0.45454545454545453 98
1737833153918 0.46153846153846156 99
1737833154332 0.39285714285714285 100
1737833154748 0.2857142857142857 101
1737833155164 0.46153846153846156 102
1737833155579 0.40625 103
1737833155999 0.3888888888888889 104
1737833156414 0.37254901960784315 105
1737833156832 0.4339622641509434 106
1737833157249 0.3620689655172414 107
1737833157667 0.3026315789473684 108
1737833158087 0.3287671232876712 109
1737833158503 0.2948717948717949 110
1737833158920 0.35365853658536583 111
1737833159338 0.410958904109589 112
1737833159755 0.3076923076923077 113
1737833160174 0.2962962962962963 114
1737833160593 0.3333333333333333 115
1737833161010 0.234375 116
1737833161428 0.3387096774193548 117
1737833161847 0.24324324324324326 118
1737833162271 0.31343283582089554 119
1737833162691 0.3220338983050847 120
1737833163108 0.2653061224489796 121
1737833163523 0.23684210526315788 122
1737833163941 0.21052631578947367 123
1737833164356 0.3333333333333333 124
1737833164782 0.46153846153846156 125
1737833165198 0.25 126
1737833165614 0.35714285714285715 127
1737833166032 0.32 128
1737833166450 0.36363636363636365 129
1737833166868 0.3157894736842105 130
1737833167284 0.3125 131
1737833167703 0.45 132
1737833168121 0.4166666666666667 133
1737833168537 0.3888888888888889 134
1737833168956 0.48148148148148145 135
1737833169372 0.21212121212121213 136
1737833169790 0.37209302325581395 137
1737833170207 0.4727272727272727 138
1737833170623 0.2711864406779661 139
1737833171039 0.3387096774193548 140
1737833171455 0.3382352941176471 141
1737833171874 0.3380281690140845 142
1737833172291 0.30434782608695654 143
1737833172709 0.417910447761194 144
1737833173128 0.2857142857142857 145
1737833173543 0.3472222222222222 146
1737833173963 0.3157894736842105 147
1737833174380 0.37681159420289856 148
1737833174799 0.34782608695652173 149
1737833175217 0.3287671232876712 150
1737833175636 0.3333333333333333 151
1737833176055 0.36 152
1737833176471 0.4074074074074074 153
1737833176887 0.208955223880597 154
1737833177305 0.34782608695652173 155
1737833177725 0.3333333333333333 156
1737833178143 0.2631578947368421 157
1737833178561 0.3404255319148936 158
1737833178981 0.4888888888888889 159
1737833179397 0.375 160
1737833179815 0.44 161
1737833180233 0.34375 162
1737833180650 0.44642857142857145 163
1737833181070 0.37254901960784315 164
1737833181486 0.34 165
1737833181906 0.2807017543859649 166
1737833182322 0.2830188679245283 167
1737833182739 0.2037037037037037 168
1737833183157 0.391304347826087 169
1737833183572 0.275 170
1737833183992 0.2222222222222222 171
1737833184409 0.4838709677419355 172
1737833184829 0.2 173
1737833185244 0.2962962962962963 174
1737833185661 0.3870967741935484 175
1737833186077 0.37037037037037035 176
1737833186495 0.275 177
1737833186913 0.3333333333333333 178
1737833187328 0.20588235294117646 179
1737833187746 0.34782608695652173 180
1737833188163 0.32558139534883723 181
1737833188584 0.17391304347826086 182
1737833189002 0.391304347826087 183
1737833189422 0.2222222222222222 184
1737833189840 0.4 185
1737833190257 0.6428571428571429 186
1737833190673 0.21428571428571427 187
1737833191090 0.3888888888888889 188
1737833191508 0.4444444444444444 189
1737833191930 0.14285714285714285 190
1737833192350 0.3333333333333333 191
1737833192769 0.36 192
1737833193188 0.40425531914893614 193
1737833193605 0.46938775510204084 194
1737833194023 0.38461538461538464 195
1737833194441 0.3787878787878788 196
1737833194861 0.3230769230769231 197
1737833195279 0.3037974683544304 198
1737833195698 0.2857142857142857 199
1737833196117 0.3404255319148936 200
1737833196533 0.25 201
1737833196951 0.32222222222222224 202
1737833197370 0.4146341463414634 203
1737833197789 0.34146341463414637 204
1737833198206 0.313953488372093 205
1737833198623 0.3670886075949367 206
1737833199043 0.2708333333333333 207
1737833199459 0.273972602739726 208
1737833199878 0.3548387096774194 209
1737833200295 0.3076923076923077 210
1737833200712 0.2037037037037037 211
1737833201129 0.375 212
1737833201545 0.3333333333333333 213
1737833201963 0.2972972972972973 214
1737833202380 0.3448275862068966 215
1737833202800 0.15384615384615385 216
1737833203217 0.2631578947368421 217
1737833203633 0.35714285714285715 218
1737833204053 0.375 219
1737833204477 0.38461538461538464 220
1737833204896 0.3548387096774194 221
1737833205315 0.3902439024390244 222
1737833205731 0.17391304347826086 223
1737833206150 0.4222222222222222 224
1737833206566 0.3333333333333333 225
1737833206982 0.3283582089552239 226
1737833207397 0.4 227
1737833207816 0.27941176470588236 228
1737833208233 0.3142857142857143 229
1737833208647 0.35135135135135137 230
1737833209066 0.375 231
1737833209480 0.2638888888888889 232
1737833209898 0.32857142857142857 233
1737833210314 0.22666666666666666 234
1737833210730 0.42105263157894735 235
1737833211147 0.2923076923076923 236
1737833211564 0.36 237
1737833211980 0.35294117647058826 238
1737833212396 0.3584905660377358 239
1737833212816 0.375 240
1737833213232 0.3333333333333333 241
1737833213648 0.390625 242
1737833214068 0.3076923076923077 243
1737833214487 0.3469387755102041 244
1737833214904 0.40816326530612246 245
1737833215321 0.2641509433962264 246
1737833215738 0.3793103448275862 247
1737833216163 0.4878048780487805 248
1737833216579 0.32432432432432434 249
1737833216995 0.4423076923076923 250
1737833217412 0.32558139534883723 251
1737833217831 0.2903225806451613 252
1737833218247 0.2 253
1737833218664 0.36 254
1737833219082 0.3870967741935484 255
1737833219498 0.34375 256
1737833219920 0.4482758620689655 257
1737833220338 0.45161290322580644 258
1737833220756 0.26666666666666666 259
1737833221175 0.15 260
1737833221592 0.18421052631578946 261
1737833222012 0.25 262
1737833222434 0.34285714285714286 263
1737833222857 0.36363636363636365 264
1737833223274 0.4117647058823529 265
1737833223691 0.32142857142857145 266
1737833224111 0.26666666666666666 267
1737833224527 0.3548387096774194 268
1737833224946 0.4782608695652174 269
1737833225360 0.52 270
1737833225778 0.4 271
1737833226194 0.4 272
1737833226612 0.3333333333333333 273
1737833227030 0.35135135135135137 274
1737833227445 0.29545454545454547 275
1737833227872 0.35714285714285715 276
1737833228288 0.28888888888888886 277
1737833228708 0.25 278
1737833229127 0.41025641025641024 279
1737833229546 0.358974358974359 280
1737833229967 0.2653061224489796 281
1737833230384 0.5 282
1737833230803 0.3076923076923077 283
1737833231220 0.32727272727272727 284
1737833231637 0.29411764705882354 285
1737833232058 0.3333333333333333 286
1737833232474 0.26229508196721313 287
1737833232892 0.43859649122807015 288
1737833233308 0.15517241379310345 289
1737833233724 0.36538461538461536 290
1737833234145 0.34545454545454546 291
1737833234562 0.4 292
1737833234982 0.3333333333333333 293
1737833235396 0.3333333333333333 294
1737833235814 0.3050847457627119 295
1737833236235 0.4032258064516129 296
1737833236652 0.42424242424242425 297
1737833237069 0.3220338983050847 298
1737833237487 0.3787878787878788 299
1737833237906 0.36231884057971014 300
1737833238323 0.33766233766233766 301
1737833238741 0.3 302
1737833239167 0.323943661971831 303
1737833239581 0.42105263157894735 304
1737833240000 0.2727272727272727 305
1737833240417 0.2982456140350877 306
1737833240834 0.3191489361702128 307
1737833241252 0.2857142857142857 308
1737833241668 0.40476190476190477 309
1737833242088 0.32727272727272727 310
1737833242506 0.425531914893617 311
1737833242922 0.3023255813953488 312
1737833243342 0.34 313
1737833243761 0.4634146341463415 314
1737833244180 0.4878048780487805 315
1737833244596 0.3684210526315789 316
1737833245014 0.3125 317
1737833245434 0.375 318
1737833245871 0.3333333333333333 319
1737833246325 0.22 320
1737833246833 0.3148148148148148 321
1737833247282 0.3877551020408163 322
1737833247733 0.2641509433962264 323
1737833248185 0.288135593220339 324
1737833248636 0.40540540540540543 325
1737833249088 0.42105263157894735 326
1737833249540 0.38095238095238093 327
1737833249966 0.2413793103448276 328
1737833250383 0.34375 329
1737833250801 0.4716981132075472 330
1737833251219 0.2903225806451613 331
1737833251636 0.2222222222222222 332
1737833252055 0.2641509433962264 333
1737833252472 0.2830188679245283 334
1737833252890 0.3023255813953488 335
1737833253307 0.2777777777777778 336
1737833253724 0.3888888888888889 337
1737833254141 0.5 338
1737833254557 0.44 339
1737833254974 0.4444444444444444 340
1737833255390 0.2647058823529412 341
1737833255808 0.4074074074074074 342
1737833256222 0.2631578947368421 343
1737833256637 0.19047619047619047 344
1737833257056 0.2647058823529412 345
1737833257471 0.28125 346
1737833257889 0.2903225806451613 347
1737833258302 0.36666666666666664 348
1737833258720 0.41935483870967744 349
1737833259136 0.21212121212121213 350
1737833259551 0.35135135135135137 351
1737833259969 0.32 352
1737833260384 0.28125 353
1737833260802 0.2857142857142857 354
1737833261217 0.2727272727272727 355
1737833261633 0.18518518518518517 356
1737833262047 0.19047619047619047 357
1737833262462 0.42857142857142855 358
1737833262882 0.35294117647058826 359
1737833263297 0.2631578947368421 360
1737833263713 0.35 361
1737833264132 0.3333333333333333 362
1737833264550 0.43478260869565216 363
1737833264969 0.3684210526315789 364
1737833265383 0.2553191489361702 365
1737833265806 0.2 366
1737833266246 0.4222222222222222 367
1737833266711 0.27906976744186046 368
1737833267129 0.3333333333333333 369
1737833267546 0.2894736842105263 370
1737833268007 0.34285714285714286 371
1737833268432 0.325 372
1737833268875 0.2894736842105263 373
1737833269290 0.3142857142857143 374
1737833269709 0.32608695652173914 375
1737833270136 0.25 376
1737833270561 0.2692307692307692 377
1737833270982 0.2 378
1737833271424 0.6111111111111112 379
1737833271862 0.3333333333333333 380
1737833272284 0.041666666666666664 381
1737833272707 0.37037037037037035 382
1737833273132 0.25 383
1737833273554 0.45 384
1737833273988 0.21052631578947367 385
1737833274408 0.38461538461538464 386
1737833274848 0.35714285714285715 387
1737833275314 0.37037037037037035 388
1737833275739 0.2222222222222222 389
1737833276165 0.38461538461538464 390
1737833276611 0.3888888888888889 391
1737833277072 0.37142857142857144 392
1737833277520 0.2653061224489796 393
1737833277936 0.43333333333333335 394
1737833278354 0.32075471698113206 395
1737833278771 0.2641509433962264 396
1737833279188 0.40384615384615385 397
1737833279602 0.45161290322580644 398
1737833280029 0.39622641509433965 399
1737833280459 0.38961038961038963 400
1737833280874 0.3493975903614458 401
1737833281325 0.3595505617977528 402
1737833281757 0.3626373626373626 403
1737833282189 0.2222222222222222 404
1737833282603 0.3 405
1737833283020 0.3541666666666667 406
1737833283450 0.43023255813953487 407
1737833283912 0.32222222222222224 408
1737833284369 0.2988505747126437 409
1737833284791 0.3875 410
1737833285207 0.3382352941176471 411
1737833285623 0.3877551020408163 412
1737833286041 0.45454545454545453 413
1737833286493 0.3783783783783784 414
1737833286945 0.34285714285714286 415
1737833287366 0.2727272727272727 416
1737833287797 0.23333333333333334 417
1737833288213 0.5 418
1737833288630 0.5 419
1737833289050 0.7777777777777778 420
1737833289466 0.3333333333333333 421
1737833289885 0.25 422
1737833290324 0.25925925925925924 423
1737833290762 0.3125 424
1737833291186 0.06666666666666667 425
1737833291608 0.5333333333333333 426
1737833292032 0.15384615384615385 427
1737833292449 0.38095238095238093 428
1737833292870 0.26666666666666666 429
1737833293304 0.4117647058823529 430
1737833293785 0.2608695652173913 431
1737833294252 0.34782608695652173 432
1737833294708 0.15384615384615385 433
1737833295146 0.4444444444444444 434
1737833295588 0.35 435
1737833296021 0.36 436
1737833296467 0.3157894736842105 437
1737833296924 0.391304347826087 438
1737833297365 0.15625 439
1737833297792 0.4230769230769231 440
1737833298226 0.3333333333333333 441
1737833298668 0.3103448275862069 442
1737833299112 0.5 443
1737833299560 0.5 444
1737833299999 0.3684210526315789 445
1737833300437 0.3673469387755102 446
1737833300904 0.18 447
1737833301353 0.22727272727272727 448
1737833301801 0.3055555555555556 449
1737833302245 0.1794871794871795 450
1737833302687 0.3333333333333333 451
1737833303128 0.09523809523809523 452
1737833303565 0.23809523809523808 453
1737833304004 0.09090909090909091 454
1737833304439 0.16666666666666666 455
1737833304879 0.25 456
1737833305329 0.0 457
1737833305794 1.0 458
1737833306246 1.0 459
1737833306689 0.5 460
1737833307125 0.0 461
1737833307575 0.0 462
1737833308040 0.0 463
1737833308484 0.0 464
1737833308949 0.16666666666666666 465
1737833309395 0.0 466
1737833309843 0.25 467
1737833310297 0.3333333333333333 468
1737833310758 0.2857142857142857 469
1737833311211 0.0 470
1737833311660 0.5 471
1737833312133 0.3333333333333333 472
