1737833113079 0.3359375 1
1737833113493 0.40625 2
1737833113909 0.4765625 3
1737833114323 0.3125 4
1737833114735 0.3984375 5
1737833115149 0.5 6
1737833115564 0.4375 7
1737833116015 0.6328125 8
1737833116427 0.609375 9
1737833116845 0.59375 10
1737833117258 0.6796875 11
1737833117674 0.7109375 12
1737833118090 0.7109375 13
1737833118505 0.421875 14
1737833118922 0.578125 15
1737833119335 0.625 16
1737833119747 0.6171875 17
1737833120163 0.6015625 18
1737833120576 0.5625 19
1737833120992 0.5390625 20
1737833121406 0.59375 21
1737833121823 0.625 22
1737833122234 0.6015625 23
1737833122650 0.6015625 24
1737833123067 0.4765625 25
1737833123482 0.3515625 26
1737833123902 0.390625 27
1737833124315 0.421875 28
1737833124730 0.515625 29
1737833125148 0.4609375 30
1737833125563 0.46875 31
1737833125979 0.375 32
1737833126396 0.2734375 33
1737833126813 0.3828125 34
1737833127229 0.3359375 35
1737833127646 0.3046875 36
1737833128063 0.3125 37
1737833128478 0.28125 38
1737833128899 0.328125 39
1737833129315 0.3515625 40
1737833129729 0.34375 41
1737833130147 0.3515625 42
1737833130563 0.2890625 43
1737833130984 0.3359375 44
1737833131401 0.3359375 45
1737833131820 0.28125 46
1737833132237 0.34375 47
1737833132651 0.328125 48
1737833133068 0.359375 49
1737833133485 0.328125 50
1737833133902 0.3515625 51
1737833134317 0.3828125 52
1737833134735 0.3203125 53
1737833135152 0.375 54
1737833135569 0.2890625 55
1737833135986 0.28125 56
1737833136400 0.390625 57
1737833136817 0.3203125 58
1737833137234 0.2734375 59
1737833137650 0.34375 60
1737833138068 0.2890625 61
1737833138485 0.3203125 62
1737833138902 0.328125 63
1737833139318 0.3125 64
1737833139733 0.3125 65
1737833140150 0.359375 66
1737833140567 0.265625 67
1737833140984 0.2890625 68
1737833141401 0.3125 69
1737833141821 0.2890625 70
1737833142237 0.3359375 71
1737833142654 0.28125 72
1737833143073 0.390625 73
1737833143488 0.34375 74
1737833143906 0.34375 75
1737833144323 0.3515625 76
1737833144740 0.359375 77
1737833145157 0.2734375 78
1737833145573 0.328125 79
1737833145990 0.3515625 80
1737833146407 0.3671875 81
1737833146824 0.359375 82
1737833147242 0.390625 83
1737833147659 0.40625 84
1737833148078 0.25 85
1737833148493 0.28125 86
1737833148913 0.375 87
1737833149330 0.375 88
1737833149745 0.4140625 89
1737833150164 0.3203125 90
1737833150579 0.2890625 91
1737833150998 0.2890625 92
1737833151415 0.328125 93
1737833151833 0.328125 94
1737833152251 0.3046875 95
1737833152667 0.4140625 96
1737833153085 0.4140625 97
1737833153502 0.328125 98
1737833153920 0.28125 99
1737833154334 0.34375 100
1737833154750 0.4296875 101
1737833155167 0.3671875 102
1737833155583 0.375 103
1737833156001 0.296875 104
1737833156416 0.3515625 105
1737833156835 0.3671875 106
1737833157251 0.328125 107
1737833157670 0.3359375 108
1737833158090 0.328125 109
1737833158506 0.3046875 110
1737833158923 0.390625 111
1737833159339 0.3828125 112
1737833159758 0.296875 113
1737833160176 0.3203125 114
1737833160596 0.296875 115
1737833161013 0.265625 116
1737833161431 0.359375 117
1737833161850 0.21875 118
1737833162273 0.2734375 119
1737833162694 0.3046875 120
1737833163111 0.296875 121
1737833163525 0.3125 122
1737833163944 0.34375 123
1737833164359 0.2890625 124
1737833164784 0.3515625 125
1737833165200 0.3671875 126
1737833165616 0.2734375 127
1737833166034 0.375 128
1737833166453 0.359375 129
1737833166871 0.3125 130
1737833167287 0.3046875 131
1737833167706 0.2890625 132
1737833168124 0.4140625 133
1737833168539 0.3125 134
1737833168958 0.328125 135
1737833169374 0.265625 136
1737833169792 0.3671875 137
1737833170209 0.40625 138
1737833170626 0.2734375 139
1737833171042 0.375 140
1737833171457 0.3125 141
1737833171876 0.296875 142
1737833172293 0.34375 143
1737833172712 0.34375 144
1737833173130 0.34375 145
1737833173545 0.390625 146
1737833173965 0.3671875 147
1737833174382 0.3125 148
1737833174801 0.3515625 149
1737833175219 0.3203125 150
1737833175638 0.2734375 151
1737833176057 0.40625 152
1737833176473 0.3671875 153
1737833176890 0.28125 154
1737833177308 0.3046875 155
1737833177728 0.34375 156
1737833178146 0.296875 157
1737833178564 0.2890625 158
1737833178983 0.390625 159
1737833179399 0.296875 160
1737833179817 0.3515625 161
1737833180236 0.421875 162
1737833180652 0.375 163
1737833181072 0.3203125 164
1737833181489 0.34375 165
1737833181908 0.28125 166
1737833182325 0.3125 167
1737833182742 0.328125 168
1737833183159 0.328125 169
1737833183575 0.34375 170
1737833183994 0.2734375 171
1737833184411 0.4453125 172
1737833184831 0.3046875 173
1737833185246 0.3125 174
1737833185663 0.34375 175
1737833186080 0.3359375 176
1737833186497 0.3203125 177
1737833186915 0.3828125 178
1737833187331 0.28125 179
1737833187748 0.34375 180
1737833188166 0.421875 181
1737833188587 0.296875 182
1737833189005 0.328125 183
1737833189425 0.296875 184
1737833189843 0.3671875 185
1737833190259 0.4296875 186
1737833190675 0.3125 187
1737833191093 0.3046875 188
1737833191510 0.3046875 189
1737833191933 0.28125 190
1737833192352 0.28125 191
1737833192771 0.3125 192
1737833193191 0.4296875 193
1737833193608 0.421875 194
1737833194026 0.40625 195
1737833194444 0.3671875 196
1737833194864 0.328125 197
1737833195281 0.3046875 198
1737833195700 0.3046875 199
1737833196120 0.34375 200
1737833196536 0.2265625 201
1737833196953 0.3359375 202
1737833197372 0.3828125 203
1737833197792 0.328125 204
1737833198208 0.3203125 205
1737833198626 0.34375 206
1737833199045 0.3046875 207
1737833199461 0.3203125 208
1737833199880 0.3671875 209
1737833200298 0.3515625 210
1737833200715 0.28125 211
1737833201133 0.375 212
1737833201547 0.3046875 213
1737833201965 0.3046875 214
1737833202383 0.3359375 215
1737833202802 0.2421875 216
1737833203220 0.2734375 217
1737833203636 0.4140625 218
1737833204055 0.2890625 219
1737833204479 0.3125 220
1737833204899 0.328125 221
1737833205318 0.3671875 222
1737833205734 0.28125 223
1737833206153 0.375 224
1737833206568 0.3359375 225
1737833206985 0.34375 226
1737833207400 0.375 227
1737833207819 0.3125 228
1737833208236 0.328125 229
1737833208650 0.359375 230
1737833209067 0.375 231
1737833209483 0.296875 232
1737833209901 0.328125 233
1737833210316 0.265625 234
1737833210732 0.3828125 235
1737833211150 0.3203125 236
1737833211567 0.3359375 237
1737833211983 0.296875 238
1737833212399 0.28125 239
1737833212818 0.375 240
1737833213235 0.328125 241
1737833213651 0.3671875 242
1737833214071 0.34375 243
1737833214489 0.359375 244
1737833214906 0.3359375 245
1737833215324 0.359375 246
1737833215741 0.40625 247
1737833216166 0.375 248
1737833216581 0.328125 249
1737833216998 0.3671875 250
1737833217415 0.390625 251
1737833217833 0.296875 252
1737833218250 0.3125 253
1737833218667 0.3984375 254
1737833219085 0.34375 255
1737833219501 0.34375 256
1737833219922 0.40625 257
1737833220341 0.34375 258
1737833220759 0.359375 259
1737833221178 0.265625 260
1737833221595 0.2421875 261
1737833222015 0.3203125 262
1737833222436 0.359375 263
1737833222859 0.328125 264
1737833223277 0.390625 265
1737833223694 0.2890625 266
1737833224113 0.2890625 267
1737833224529 0.3203125 268
1737833224948 0.359375 269
1737833225364 0.3515625 270
1737833225781 0.3046875 271
1737833226197 0.3203125 272
1737833226614 0.3671875 273
1737833227033 0.359375 274
1737833227447 0.359375 275
1737833227875 0.3359375 276
1737833228291 0.2890625 277
1737833228711 0.28125 278
1737833229130 0.359375 279
1737833229548 0.34375 280
1737833229970 0.2890625 281
1737833230386 0.3828125 282
1737833230806 0.2578125 283
1737833231222 0.2734375 284
1737833231640 0.2421875 285
1737833232060 0.3046875 286
1737833232476 0.3046875 287
1737833232895 0.390625 288
1737833233311 0.265625 289
1737833233727 0.3359375 290
1737833234148 0.3203125 291
1737833234565 0.3359375 292
1737833234985 0.3359375 293
1737833235399 0.2890625 294
1737833235817 0.3125 295
1737833236238 0.40625 296
1737833236654 0.4140625 297
1737833237072 0.3046875 298
1737833237490 0.3359375 299
1737833237908 0.3125 300
1737833238325 0.3203125 301
1737833238743 0.3203125 302
1737833239170 0.3203125 303
1737833239584 0.3671875 304
1737833240003 0.28125 305
1737833240420 0.328125 306
1737833240836 0.2890625 307
1737833241255 0.3203125 308
1737833241671 0.3671875 309
1737833242091 0.359375 310
1737833242509 0.3984375 311
1737833242925 0.3203125 312
1737833243344 0.3515625 313
1737833243764 0.296875 314
1737833244182 0.3125 315
1737833244598 0.390625 316
1737833245017 0.265625 317
1737833245436 0.3359375 318
1737833245874 0.3125 319
1737833246329 0.2890625 320
1737833246835 0.3125 321
1737833247284 0.3359375 322
1737833247736 0.3203125 323
1737833248188 0.2578125 324
1737833248639 0.3515625 325
1737833249091 0.3828125 326
1737833249543 0.3359375 327
1737833249969 0.2265625 328
1737833250386 0.34375 329
1737833250804 0.3203125 330
1737833251221 0.2734375 331
1737833251639 0.3359375 332
1737833252059 0.328125 333
1737833252475 0.34375 334
1737833252893 0.2734375 335
1737833253309 0.3203125 336
1737833253726 0.28125 337
1737833254143 0.3359375 338
1737833254559 0.3671875 339
1737833254977 0.3359375 340
1737833255393 0.3046875 341
1737833255810 0.3515625 342
1737833256226 0.3125 343
1737833256640 0.359375 344
1737833257058 0.3359375 345
1737833257474 0.3359375 346
1737833257892 0.28125 347
1737833258305 0.3046875 348
1737833258723 0.3125 349
1737833259139 0.359375 350
1737833259554 0.4296875 351
1737833259972 0.390625 352
1737833260386 0.4140625 353
1737833260805 0.359375 354
1737833261220 0.3515625 355
1737833261635 0.3359375 356
1737833262049 0.265625 357
1737833262465 0.3984375 358
1737833262885 0.2890625 359
1737833263300 0.2578125 360
1737833263716 0.3046875 361
1737833264135 0.3046875 362
1737833264553 0.3203125 363
1737833264972 0.3515625 364
1737833265386 0.3828125 365
1737833265809 0.2578125 366
1737833266250 0.390625 367
1737833266714 0.34375 368
1737833267131 0.234375 369
1737833267548 0.359375 370
1737833268010 0.34375 371
1737833268435 0.328125 372
1737833268877 0.34375 373
1737833269293 0.328125 374
1737833269712 0.3125 375
1737833270138 0.2734375 376
1737833270564 0.359375 377
1737833270984 0.296875 378
1737833271427 0.375 379
1737833271864 0.3203125 380
1737833272286 0.28125 381
1737833272710 0.2734375 382
1737833273135 0.25 383
1737833273557 0.3359375 384
1737833273991 0.3125 385
1737833274411 0.375 386
1737833274851 0.375 387
1737833275316 0.375 388
1737833275742 0.2890625 389
1737833276168 0.3203125 390
1737833276614 0.3125 391
1737833277075 0.359375 392
1737833277522 0.2890625 393
1737833277938 0.359375 394
1737833278357 0.328125 395
1737833278774 0.25 396
1737833279191 0.3203125 397
1737833279604 0.375 398
1737833280032 0.34375 399
1737833280461 0.375 400
1737833280877 0.359375 401
1737833281327 0.3125 402
1737833281760 0.359375 403
1737833282191 0.2421875 404
1737833282606 0.3125 405
1737833283022 0.3671875 406
1737833283452 0.3984375 407
1737833283914 0.3515625 408
1737833284372 0.296875 409
1737833284793 0.4140625 410
1737833285210 0.4140625 411
1737833285626 0.40625 412
1737833286044 0.4296875 413
1737833286495 0.3359375 414
1737833286948 0.3515625 415
1737833287369 0.3359375 416
1737833287800 0.2890625 417
1737833288216 0.375 418
1737833288633 0.390625 419
1737833289053 0.3125 420
1737833289468 0.265625 421
1737833289887 0.296875 422
1737833290326 0.3984375 423
1737833290765 0.34375 424
1737833291188 0.265625 425
1737833291610 0.390625 426
1737833292035 0.2734375 427
1737833292452 0.3359375 428
1737833292872 0.3125 429
1737833293310 0.3203125 430
1737833293788 0.328125 431
1737833294258 0.359375 432
1737833294711 0.328125 433
1737833295148 0.3125 434
1737833295592 0.3828125 435
1737833296023 0.3515625 436
1737833296470 0.3359375 437
1737833296927 0.3359375 438
1737833297368 0.2890625 439
1737833297795 0.3203125 440
1737833298229 0.375 441
1737833298670 0.3046875 442
1737833299114 0.421875 443
1737833299563 0.4296875 444
1737833300002 0.359375 445
1737833300439 0.3359375 446
1737833300907 0.2578125 447
1737833301356 0.3125 448
1737833301804 0.2734375 449
1737833302247 0.296875 450
1737833302690 0.421875 451
1737833303131 0.3046875 452
1737833303568 0.375 453
1737833304006 0.3515625 454
1737833304443 0.359375 455
1737833304881 0.328125 456
1737833305331 0.328125 457
1737833305797 0.3125 458
1737833306249 0.3046875 459
1737833306692 0.3125 460
1737833307128 0.3203125 461
1737833307577 0.2890625 462
1737833308043 0.296875 463
1737833308488 0.3203125 464
1737833308952 0.328125 465
1737833309400 0.328125 466
1737833309845 0.296875 467
1737833310299 0.3359375 468
1737833310761 0.375 469
1737833311215 0.3125 470
1737833311663 0.296875 471
1737833312135 0.2734375 472
