1737833113072 0.6578947368421053 1
1737833113489 0.0 2
1737833113903 0.06451612903225806 3
1737833114317 0.0 4
1737833114729 0.9487179487179487 5
1737833115144 0.5833333333333334 6
1737833115559 0.9545454545454546 7
1737833116009 0.631578947368421 8
1737833116423 0.175 9
1737833116839 0.13636363636363635 10
1737833117253 0.2702702702702703 11
1737833117668 0.5384615384615384 12
1737833118085 0.8085106382978723 13
1737833118500 1.0 14
1737833118916 0.9411764705882353 15
1737833119329 0.5111111111111111 16
1737833119741 0.4 17
1737833120157 0.44680851063829785 18
1737833120570 0.43902439024390244 19
1737833120986 0.25 20
1737833121401 0.7647058823529411 21
1737833121817 0.6444444444444445 22
1737833122229 0.8 23
1737833122645 0.88 24
1737833123061 0.32558139534883723 25
1737833123477 0.0 26
1737833123897 0.0 27
1737833124309 0.0 28
1737833124725 0.0 29
1737833125143 0.0 30
1737833125558 0.0 31
1737833125974 0.0 32
1737833126390 0.0 33
1737833126807 0.0 34
1737833127224 0.0 35
1737833127641 0.9 36
1737833128058 0.0 37
1737833128474 0.0 38
1737833128895 0.0 39
1737833129309 0.0 40
1737833129724 0.0 41
1737833130141 0.022727272727272728 42
1737833130557 0.2608695652173913 43
1737833130977 0.9130434782608695 44
1737833131395 0.9545454545454546 45
1737833131813 0.8571428571428571 46
1737833132232 0.7083333333333334 47
1737833132646 0.7272727272727273 48
1737833133063 0.7391304347826086 49
1737833133479 0.7317073170731707 50
1737833133898 0.6818181818181818 51
1737833134311 0.5681818181818182 52
1737833134729 0.5319148936170213 53
1737833135146 0.65625 54
1737833135564 0.37209302325581395 55
1737833135981 0.2916666666666667 56
1737833136395 0.3611111111111111 57
1737833136812 0.30434782608695654 58
1737833137228 0.10416666666666667 59
1737833137645 0.13333333333333333 60
1737833138063 0.13157894736842105 61
1737833138480 0.09302325581395349 62
1737833138897 0.16279069767441862 63
1737833139313 0.07317073170731707 64
1737833139727 0.14285714285714285 65
1737833140145 0.2916666666666667 66
1737833140561 0.08888888888888889 67
1737833140978 0.13725490196078433 68
1737833141397 0.32142857142857145 69
1737833141816 0.35294117647058826 70
1737833142232 0.4 71
1737833142649 0.2631578947368421 72
1737833143067 0.4666666666666667 73
1737833143483 0.2857142857142857 74
1737833143901 0.3111111111111111 75
1737833144318 0.3617021276595745 76
1737833144734 0.30952380952380953 77
1737833145152 0.3023255813953488 78
1737833145567 0.36 79
1737833145985 0.44680851063829785 80
1737833146402 0.4523809523809524 81
1737833146819 0.5208333333333334 82
1737833147237 0.5853658536585366 83
1737833147653 0.6341463414634146 84
1737833148073 0.5641025641025641 85
1737833148488 0.5142857142857142 86
1737833148908 0.6585365853658537 87
1737833149324 0.5217391304347826 88
1737833149740 0.6140350877192983 89
1737833150158 0.4915254237288136 90
1737833150574 0.4878048780487805 91
1737833150993 0.6052631578947368 92
1737833151409 0.5869565217391305 93
1737833151828 0.6530612244897959 94
1737833152246 0.55 95
1737833152661 0.7441860465116279 96
1737833153080 0.7045454545454546 97
1737833153497 0.7 98
1737833153915 0.5128205128205128 99
1737833154330 0.475 100
1737833154746 0.6875 101
1737833155162 0.5434782608695652 102
1737833155577 0.6206896551724138 103
1737833155997 0.36363636363636365 104
1737833156412 0.3333333333333333 105
1737833156829 0.3269230769230769 106
1737833157247 0.2972972972972973 107
1737833157664 0.2727272727272727 108
1737833158085 0.15217391304347827 109
1737833158500 0.14583333333333334 110
1737833158918 0.2894736842105263 111
1737833159335 0.29545454545454547 112
1737833159753 0.21428571428571427 113
1737833160171 0.19047619047619047 114
1737833160589 0.08333333333333333 115
1737833161008 0.2894736842105263 116
1737833161426 0.20930232558139536 117
1737833161845 0.10869565217391304 118
1737833162267 0.16279069767441862 119
1737833162689 0.23255813953488372 120
1737833163106 0.28205128205128205 121
1737833163520 0.5106382978723404 122
1737833163938 0.5128205128205128 123
1737833164353 0.325 124
1737833164779 0.4 125
1737833165195 0.425531914893617 126
1737833165611 0.3235294117647059 127
1737833166030 0.38461538461538464 128
1737833166447 0.4418604651162791 129
1737833166865 0.3023255813953488 130
1737833167281 0.2765957446808511 131
1737833167701 0.2391304347826087 132
1737833168117 0.47619047619047616 133
1737833168534 0.3 134
1737833168953 0.23809523809523808 135
1737833169370 0.3170731707317073 136
1737833169787 0.3695652173913043 137
1737833170205 0.2647058823529412 138
1737833170620 0.08163265306122448 139
1737833171037 0.29545454545454547 140
1737833171452 0.225 141
1737833171871 0.10714285714285714 142
1737833172289 0.23076923076923078 143
1737833172706 0.37142857142857144 144
1737833173126 0.28888888888888886 145
1737833173540 0.391304347826087 146
1737833173960 0.32608695652173914 147
1737833174377 0.23684210526315788 148
1737833174797 0.30434782608695654 149
1737833175215 0.3142857142857143 150
1737833175633 0.22857142857142856 151
1737833176052 0.4186046511627907 152
1737833176468 0.3333333333333333 153
1737833176885 0.23255813953488372 154
1737833177303 0.35714285714285715 155
1737833177723 0.225 156
1737833178139 0.2857142857142857 157
1737833178558 0.23684210526315788 158
1737833178978 0.3235294117647059 159
1737833179395 0.17647058823529413 160
1737833179812 0.2926829268292683 161
1737833180231 0.3541666666666667 162
1737833180648 0.28888888888888886 163
1737833181067 0.2826086956521739 164
1737833181484 0.33962264150943394 165
1737833181904 0.16666666666666666 166
1737833182320 0.28888888888888886 167
1737833182737 0.3275862068965517 168
1737833183154 0.3673469387755102 169
1737833183569 0.47058823529411764 170
1737833183989 0.5365853658536586 171
1737833184407 0.7142857142857143 172
1737833184826 0.7317073170731707 173
1737833185241 0.55 174
1737833185658 0.5952380952380952 175
1737833186075 0.65 176
1737833186492 0.4791666666666667 177
1737833186910 0.6739130434782609 178
1737833187326 0.5 179
1737833187743 0.5714285714285714 180
1737833188161 0.5098039215686274 181
1737833188582 0.5102040816326531 182
1737833188999 0.5555555555555556 183
1737833189420 0.41818181818181815 184
1737833189837 0.5106382978723404 185
1737833190254 0.717391304347826 186
1737833190670 0.6666666666666666 187
1737833191088 0.4523809523809524 188
1737833191505 0.4594594594594595 189
1737833191927 0.6363636363636364 190
1737833192346 0.6285714285714286 191
1737833192765 0.5641025641025641 192
1737833193186 0.5652173913043478 193
1737833193602 0.46511627906976744 194
1737833194021 0.3695652173913043 195
1737833194438 0.2972972972972973 196
1737833194859 0.275 197
1737833195277 0.21739130434782608 198
1737833195695 0.1320754716981132 199
1737833196115 0.15384615384615385 200
1737833196531 0.0784313725490196 201
1737833196948 0.07142857142857142 202
1737833197367 0.30303030303030304 203
1737833197786 0.10869565217391304 204
1737833198204 0.11904761904761904 205
1737833198621 0.2 206
1737833199040 0.1111111111111111 207
1737833199457 0.2857142857142857 208
1737833199876 0.275 209
1737833200292 0.30612244897959184 210
1737833200709 0.375 211
1737833201126 0.35135135135135137 212
1737833201543 0.4473684210526316 213
1737833201960 0.37777777777777777 214
1737833202377 0.5135135135135135 215
1737833202797 0.41025641025641024 216
1737833203215 0.3137254901960784 217
1737833203631 0.6 218
1737833204050 0.3 219
1737833204474 0.42105263157894735 220
1737833204894 0.4444444444444444 221
1737833205313 0.3076923076923077 222
1737833205728 0.3023255813953488 223
1737833206148 0.24444444444444444 224
1737833206563 0.24242424242424243 225
1737833206980 0.21951219512195122 226
1737833207394 0.12903225806451613 227
1737833207813 0.1891891891891892 228
1737833208230 0.12 229
1737833208645 0.1590909090909091 230
1737833209063 0.10810810810810811 231
1737833209478 0.2 232
1737833209895 0.125 233
1737833210311 0.08333333333333333 234
1737833210727 0.0967741935483871 235
1737833211145 0.10869565217391304 236
1737833211562 0.13953488372093023 237
1737833211977 0.1590909090909091 238
1737833212394 0.10638297872340426 239
1737833212813 0.1388888888888889 240
1737833213229 0.18181818181818182 241
1737833213646 0.11363636363636363 242
1737833214065 0.1875 243
1737833214484 0.2 244
1737833214901 0.21951219512195122 245
1737833215319 0.37209302325581395 246
1737833215736 0.3170731707317073 247
1737833216161 0.3023255813953488 248
1737833216577 0.4473684210526316 249
1737833216993 0.34146341463414637 250
1737833217410 0.40476190476190477 251
1737833217828 0.4444444444444444 252
1737833218244 0.3877551020408163 253
1737833218661 0.5849056603773585 254
1737833219080 0.4117647058823529 255
1737833219496 0.5 256
1737833219917 0.6 257
1737833220335 0.5 258
1737833220753 0.4897959183673469 259
1737833221173 0.3953488372093023 260
1737833221589 0.2682926829268293 261
1737833222010 0.36363636363636365 262
1737833222431 0.39285714285714285 263
1737833222854 0.43243243243243246 264
1737833223272 0.5 265
1737833223689 0.35 266
1737833224108 0.2708333333333333 267
1737833224524 0.36363636363636365 268
1737833224944 0.48484848484848486 269
1737833225358 0.37209302325581395 270
1737833225776 0.325 271
1737833226192 0.2765957446808511 272
1737833226609 0.2727272727272727 273
1737833227027 0.25 274
1737833227443 0.2926829268292683 275
1737833227869 0.22727272727272727 276
1737833228285 0.2682926829268293 277
1737833228705 0.15384615384615385 278
1737833229125 0.2682926829268293 279
1737833229544 0.25 280
1737833229965 0.11363636363636363 281
1737833230381 0.16216216216216217 282
1737833230800 0.11904761904761904 283
1737833231216 0.07142857142857142 284
1737833231635 0.1346153846153846 285
1737833232055 0.10869565217391304 286
1737833232471 0.17647058823529413 287
1737833232889 0.21951219512195122 288
1737833233305 0.22916666666666666 289
1737833233722 0.3055555555555556 290
1737833234142 0.3488372093023256 291
1737833234559 0.2926829268292683 292
1737833234980 0.32432432432432434 293
1737833235394 0.2619047619047619 294
1737833235811 0.32432432432432434 295
1737833236232 0.3191489361702128 296
1737833236649 0.2894736842105263 297
1737833237066 0.30952380952380953 298
1737833237485 0.26666666666666666 299
1737833237903 0.2391304347826087 300
1737833238320 0.15384615384615385 301
1737833238738 0.25925925925925924 302
1737833239165 0.2391304347826087 303
1737833239578 0.2 304
1737833239997 0.25 305
1737833240415 0.4418604651162791 306
1737833240831 0.4473684210526316 307
1737833241249 0.43243243243243246 308
1737833241666 0.5 309
1737833242085 0.5 310
1737833242503 0.4583333333333333 311
1737833242920 0.3488372093023256 312
1737833243339 0.42105263157894735 313
1737833243759 0.25 314
1737833244177 0.32558139534883723 315
1737833244593 0.3409090909090909 316
1737833245011 0.23529411764705882 317
1737833245431 0.24444444444444444 318
1737833245869 0.17391304347826086 319
1737833246319 0.09090909090909091 320
1737833246830 0.20454545454545456 321
1737833247279 0.16666666666666666 322
1737833247730 0.16 323
1737833248182 0.10526315789473684 324
1737833248634 0.2708333333333333 325
1737833249085 0.2127659574468085 326
1737833249536 0.11764705882352941 327
1737833249964 0.06976744186046512 328
1737833250380 0.1 329
1737833250798 0.21951219512195122 330
1737833251216 0.14 331
1737833251634 0.2916666666666667 332
1737833252053 0.28888888888888886 333
1737833252469 0.2727272727272727 334
1737833252887 0.3125 335
1737833253305 0.40476190476190477 336
1737833253721 0.36666666666666664 337
1737833254138 0.38636363636363635 338
1737833254555 0.2702702702702703 339
1737833254972 0.43243243243243246 340
1737833255388 0.34 341
1737833255806 0.37142857142857144 342
1737833256220 0.26666666666666666 343
1737833256635 0.27906976744186046 344
1737833257053 0.25 345
1737833257469 0.28205128205128205 346
1737833257887 0.14 347
1737833258299 0.2564102564102564 348
1737833258717 0.17391304347826086 349
1737833259134 0.23529411764705882 350
1737833259548 0.2926829268292683 351
1737833259967 0.1956521739130435 352
1737833260381 0.2391304347826087 353
1737833260800 0.22 354
1737833261215 0.4166666666666667 355
1737833261630 0.25 356
1737833262044 0.16279069767441862 357
1737833262459 0.4117647058823529 358
1737833262879 0.30303030303030304 359
1737833263295 0.1794871794871795 360
1737833263711 0.2553191489361702 361
1737833264129 0.22448979591836735 362
1737833264548 0.27906976744186046 363
1737833264966 0.3888888888888889 364
1737833265381 0.38636363636363635 365
1737833265804 0.23255813953488372 366
1737833266243 0.24324324324324326 367
1737833266708 0.2127659574468085 368
1737833267126 0.10869565217391304 369
1737833267543 0.358974358974359 370
1737833268004 0.3829787234042553 371
1737833268430 0.3409090909090909 372
1737833268872 0.3404255319148936 373
1737833269288 0.30434782608695654 374
1737833269706 0.2857142857142857 375
1737833270133 0.3333333333333333 376
1737833270559 0.5454545454545454 377
1737833270979 0.4222222222222222 378
1737833271422 0.6585365853658537 379
1737833271859 0.5238095238095238 380
1737833272281 0.48936170212765956 381
1737833272702 0.4722222222222222 382
1737833273129 0.4473684210526316 383
1737833273552 0.4782608695652174 384
1737833273986 0.41025641025641024 385
1737833274406 0.5227272727272727 386
1737833274846 0.4318181818181818 387
1737833275311 0.38461538461538464 388
1737833275736 0.2682926829268293 389
1737833276162 0.3611111111111111 390
1737833276608 0.27906976744186046 391
1737833277069 0.34146341463414637 392
1737833277516 0.2127659574468085 393
1737833277934 0.15625 394
1737833278352 0.2682926829268293 395
1737833278768 0.045454545454545456 396
1737833279186 0.18604651162790697 397
1737833279599 0.18181818181818182 398
1737833280026 0.22916666666666666 399
1737833280456 0.18604651162790697 400
1737833280872 0.1956521739130435 401
1737833281322 0.058823529411764705 402
1737833281754 0.08108108108108109 403
1737833282186 0.10204081632653061 404
1737833282601 0.12 405
1737833283017 0.07317073170731707 406
1737833283447 0.13157894736842105 407
1737833283909 0.2222222222222222 408
1737833284367 0.1702127659574468 409
1737833284788 0.3076923076923077 410
1737833285204 0.33962264150943394 411
1737833285621 0.4883720930232558 412
1737833286038 0.5227272727272727 413
1737833286490 0.4473684210526316 414
1737833286943 0.5238095238095238 415
1737833287363 0.5434782608695652 416
1737833287795 0.5111111111111111 417
1737833288211 0.6888888888888889 418
1737833288628 0.7608695652173914 419
1737833289047 0.5909090909090909 420
1737833289463 0.6052631578947368 421
1737833289882 0.55 422
1737833290321 0.7021276595744681 423
1737833290760 0.6122448979591837 424
1737833291184 0.46808510638297873 425
1737833291605 0.725 426
1737833292030 0.48936170212765956 427
1737833292447 0.6410256410256411 428
1737833292867 0.574468085106383 429
1737833293299 0.4888888888888889 430
1737833293781 0.574468085106383 431
1737833294250 0.5294117647058824 432
1737833294704 0.5957446808510638 433
1737833295143 0.5714285714285714 434
1737833295585 0.5869565217391305 435
1737833296018 0.5384615384615384 436
1737833296465 0.4883720930232558 437
1737833296922 0.5945945945945946 438
1737833297363 0.6153846153846154 439
1737833297790 0.39473684210526316 440
1737833298224 0.5405405405405406 441
1737833298665 0.43478260869565216 442
1737833299109 0.5869565217391305 443
1737833299557 0.4772727272727273 444
1737833299997 0.43478260869565216 445
1737833300434 0.3181818181818182 446
1737833300901 0.3018867924528302 447
1737833301351 0.35294117647058826 448
1737833301798 0.25 449
1737833302242 0.4222222222222222 450
1737833302684 0.5833333333333334 451
1737833303126 0.475 452
1737833303563 0.6274509803921569 453
1737833304001 0.56 454
1737833304437 0.5510204081632653 455
1737833304876 0.625 456
1737833305325 0.5384615384615384 457
1737833305791 0.42857142857142855 458
1737833306243 0.48484848484848486 459
1737833306686 0.43478260869565216 460
1737833307123 0.5227272727272727 461
1737833307572 0.425 462
1737833308037 0.38461538461538464 463
1737833308482 0.36585365853658536 464
1737833308946 0.3269230769230769 465
1737833309391 0.375 466
1737833309840 0.43243243243243246 467
1737833310293 0.3695652173913043 468
1737833310755 0.48936170212765956 469
1737833311209 0.4375 470
1737833311658 0.2857142857142857 471
1737833312131 0.28888888888888886 472
