1737833113066 0.3125 1
1737833113483 0.8333333333333334 2
1737833113898 0.42452830188679247 3
1737833114312 0.0 4
1737833114724 0.0 5
1737833115139 0.0 6
1737833115553 0.5 7
1737833116004 0.7777777777777778 8
1737833116418 0.4875 9
1737833116834 0.6285714285714286 10
1737833117248 0.6792452830188679 11
1737833117663 0.7115384615384616 12
1737833118079 0.6956521739130435 13
1737833118494 0.625 14
1737833118911 0.7777777777777778 15
1737833119324 0.5205479452054794 16
1737833119737 0.4492753623188406 17
1737833120152 0.5396825396825397 18
1737833120565 0.631578947368421 19
1737833120981 0.5897435897435898 20
1737833121395 0.5609756097560976 21
1737833121812 0.5362318840579711 22
1737833122225 0.7674418604651163 23
1737833122639 0.7407407407407407 24
1737833123056 0.4805194805194805 25
1737833123472 0.336 26
1737833123891 0.3157894736842105 27
1737833124304 0.6 28
1737833124720 0.5283018867924528 29
1737833125137 0.5192307692307693 30
1737833125553 0.5555555555555556 31
1737833125968 0.3504273504273504 32
1737833126385 0.28 33
1737833126802 0.3821138211382114 34
1737833127219 0.38461538461538464 35
1737833127634 0.0 36
1737833128053 0.0 37
1737833128468 0.0 38
1737833128890 0.0 39
1737833129304 0.0 40
1737833129719 0.0 41
1737833130136 0.0 42
1737833130553 0.0 43
1737833130972 0.0 44
1737833131389 0.0 45
1737833131808 0.0 46
1737833132226 0.0 47
1737833132640 0.0 48
1737833133058 0.0 49
1737833133474 0.0 50
1737833133893 1.0 51
1737833134306 0.0 52
1737833134725 0.4 53
1737833135141 0.16666666666666666 54
1737833135557 0.25 55
1737833135975 0.26666666666666666 56
1737833136390 0.41379310344827586 57
1737833136807 0.21428571428571427 58
1737833137224 0.3050847457627119 59
1737833137640 0.35714285714285715 60
1737833138057 0.345679012345679 61
1737833138475 0.3111111111111111 62
1737833138892 0.3253012048192771 63
1737833139307 0.34177215189873417 64
1737833139723 0.2463768115942029 65
1737833140139 0.28205128205128205 66
1737833140555 0.3877551020408163 67
1737833140974 0.3125 68
1737833141392 0.15384615384615385 69
1737833141810 0.37037037037037035 70
1737833142227 0.4482758620689655 71
1737833142644 0.32 72
1737833143062 0.26666666666666666 73
1737833143477 0.2222222222222222 74
1737833143897 0.21739130434782608 75
1737833144313 0.23529411764705882 76
1737833144729 0.5263157894736842 77
1737833145148 0.3684210526315789 78
1737833145561 0.19047619047619047 79
1737833145981 0.21052631578947367 80
1737833146396 0.3333333333333333 81
1737833146815 0.35 82
1737833147232 0.47619047619047616 83
1737833147647 0.6153846153846154 84
1737833148068 0.14285714285714285 85
1737833148483 0.42857142857142855 86
1737833148903 0.36363636363636365 87
1737833149319 0.3125 88
1737833149734 0.34782608695652173 89
1737833150152 0.2857142857142857 90
1737833150568 0.2903225806451613 91
1737833150986 0.30303030303030304 92
1737833151404 0.2682926829268293 93
1737833151824 0.16666666666666666 94
1737833152241 0.2692307692307692 95
1737833152655 0.475 96
1737833153074 0.41025641025641024 97
1737833153493 0.28125 98
1737833153909 0.25 99
1737833154324 0.4117647058823529 100
1737833154739 0.47058823529411764 101
1737833155155 0.3333333333333333 102
1737833155572 0.4722222222222222 103
1737833155992 0.25806451612903225 104
1737833156405 0.36363636363636365 105
1737833156824 0.2413793103448276 106
1737833157242 0.3125 107
1737833157659 0.4074074074074074 108
1737833158079 0.34375 109
1737833158494 0.2903225806451613 110
1737833158913 0.5263157894736842 111
1737833159330 0.23076923076923078 112
1737833159745 0.1724137931034483 113
1737833160166 0.3333333333333333 114
1737833160583 0.3 115
1737833161003 0.26666666666666666 116
1737833161421 0.35555555555555557 117
1737833161840 0.2 118
1737833162260 0.21875 119
1737833162684 0.3125 120
1737833163100 0.358974358974359 121
1737833163514 0.25 122
1737833163933 0.42105263157894735 123
1737833164348 0.2608695652173913 124
1737833164774 0.36538461538461536 125
1737833165190 0.38181818181818183 126
1737833165606 0.3064516129032258 127
1737833166025 0.38461538461538464 128
1737833166442 0.3484848484848485 129
1737833166861 0.2876712328767123 130
1737833167276 0.28378378378378377 131
1737833167694 0.25 132
1737833168113 0.39655172413793105 133
1737833168529 0.328125 134
1737833168948 0.2878787878787879 135
1737833169365 0.2857142857142857 136
1737833169782 0.30434782608695654 137
1737833170199 0.4358974358974359 138
1737833170615 0.2830188679245283 139
1737833171032 0.3684210526315789 140
1737833171447 0.22857142857142856 141
1737833171866 0.2222222222222222 142
1737833172283 0.42424242424242425 143
1737833172701 0.15 144
1737833173120 0.4090909090909091 145
1737833173536 0.3684210526315789 146
1737833173954 0.47058823529411764 147
1737833174372 0.29411764705882354 148
1737833174792 0.3684210526315789 149
1737833175210 0.375 150
1737833175628 0.2 151
1737833176047 0.3888888888888889 152
1737833176463 0.3225806451612903 153
1737833176880 0.6 154
1737833177297 0.24242424242424243 155
1737833177716 0.4411764705882353 156
1737833178134 0.25 157
1737833178553 0.27906976744186046 158
1737833178973 0.34 159
1737833179389 0.22448979591836735 160
1737833179806 0.275 161
1737833180226 0.4838709677419355 162
1737833180642 0.23809523809523808 163
1737833181061 0.23684210526315788 164
1737833181479 0.25 165
1737833181898 0.3333333333333333 166
1737833182315 0.375 167
1737833182732 0.4 168
1737833183148 0.20689655172413793 169
1737833183565 0.68 170
1737833183984 0.3181818181818182 171
1737833184401 0.35 172
1737833184821 0.25 173
1737833185236 0.45454545454545453 174
1737833185653 0.4375 175
1737833186070 0.30434782608695654 176
1737833186487 0.4117647058823529 177
1737833186904 0.4117647058823529 178
1737833187321 0.24 179
1737833187736 0.375 180
1737833188156 0.5384615384615384 181
1737833188576 0.25 182
1737833188994 0.2 183
1737833189415 0.22916666666666666 184
1737833189832 0.37777777777777777 185
1737833190249 0.35135135135135137 186
1737833190665 0.3055555555555556 187
1737833191083 0.30952380952380953 188
1737833191500 0.34146341463414637 189
1737833191923 0.25 190
1737833192341 0.2962962962962963 191
1737833192759 0.32142857142857145 192
1737833193180 0.47619047619047616 193
1737833193597 0.4230769230769231 194
1737833194017 0.37037037037037035 195
1737833194434 0.4782608695652174 196
1737833194853 0.3333333333333333 197
1737833195271 0.17857142857142858 198
1737833195690 0.2857142857142857 199
1737833196110 0.375 200
1737833196524 0.18181818181818182 201
1737833196942 0.4583333333333333 202
1737833197361 0.2777777777777778 203
1737833197780 0.3333333333333333 204
1737833198198 0.45 205
1737833198615 0.3333333333333333 206
1737833199034 0.5 207
1737833199452 0.375 208
1737833199871 0.45161290322580644 209
1737833200286 0.3225806451612903 210
1737833200704 0.23333333333333334 211
1737833201121 0.4594594594594595 212
1737833201537 0.2857142857142857 213
1737833201954 0.2682926829268293 214
1737833202373 0.3684210526315789 215
1737833202792 0.2391304347826087 216
1737833203210 0.2641509433962264 217
1737833203626 0.41304347826086957 218
1737833204045 0.27586206896551724 219
1737833204469 0.30434782608695654 220
1737833204889 0.30612244897959184 221
1737833205307 0.3958333333333333 222
1737833205723 0.3488372093023256 223
1737833206142 0.3673469387755102 224
1737833206557 0.43333333333333335 225
1737833206973 0.35135135135135137 226
1737833207389 0.4 227
1737833207808 0.358974358974359 228
1737833208224 0.3783783783783784 229
1737833208640 0.34210526315789475 230
1737833209057 0.38636363636363635 231
1737833209474 0.2972972972972973 232
1737833209890 0.29545454545454547 233
1737833210307 0.3170731707317073 234
1737833210722 0.34146341463414637 235
1737833211140 0.32075471698113206 236
1737833211556 0.30158730158730157 237
1737833211972 0.22413793103448276 238
1737833212388 0.2 239
1737833212807 0.41509433962264153 240
1737833213224 0.29545454545454547 241
1737833213640 0.3469387755102041 242
1737833214060 0.31666666666666665 243
1737833214479 0.35714285714285715 244
1737833214896 0.2916666666666667 245
1737833215313 0.43243243243243246 246
1737833215731 0.4594594594594595 247
1737833216155 0.30612244897959184 248
1737833216571 0.34210526315789475 249
1737833216987 0.3333333333333333 250
1737833217405 0.5135135135135135 251
1737833217823 0.25 252
1737833218240 0.38235294117647056 253
1737833218655 0.2391304347826087 254
1737833219074 0.47368421052631576 255
1737833219490 0.30303030303030304 256
1737833219910 0.3333333333333333 257
1737833220329 0.34146341463414637 258
1737833220747 0.4 259
1737833221167 0.34375 260
1737833221584 0.2708333333333333 261
1737833222004 0.34146341463414637 262
1737833222425 0.2727272727272727 263
1737833222849 0.3181818181818182 264
1737833223266 0.38636363636363635 265
1737833223683 0.2692307692307692 266
1737833224103 0.3333333333333333 267
1737833224519 0.2857142857142857 268
1737833224939 0.3877551020408163 269
1737833225353 0.2807017543859649 270
1737833225771 0.25806451612903225 271
1737833226187 0.25925925925925924 272
1737833226604 0.42857142857142855 273
1737833227022 0.3898305084745763 274
1737833227437 0.4117647058823529 275
1737833227863 0.36 276
1737833228280 0.26 277
1737833228700 0.3220338983050847 278
1737833229120 0.38 279
1737833229537 0.35714285714285715 280
1737833229960 0.3333333333333333 281
1737833230375 0.32142857142857145 282
1737833230795 0.23529411764705882 283
1737833231211 0.28 284
1737833231629 0.19148936170212766 285
1737833232049 0.3157894736842105 286
1737833232466 0.3111111111111111 287
1737833232885 0.38095238095238093 288
1737833233300 0.45161290322580644 289
1737833233716 0.3939393939393939 290
1737833234137 0.2413793103448276 291
1737833234554 0.2894736842105263 292
1737833234974 0.5 293
1737833235388 0.17391304347826086 294
1737833235806 0.37037037037037035 295
1737833236227 0.4444444444444444 296
1737833236644 0.5185185185185185 297
1737833237061 0.25 298
1737833237480 0.1935483870967742 299
1737833237898 0.18181818181818182 300
1737833238315 0.36 301
1737833238732 0.2727272727272727 302
1737833239160 0.2692307692307692 303
1737833239574 0.2608695652173913 304
1737833239992 0.36 305
1737833240409 0.375 306
1737833240826 0.3125 307
1737833241245 0.6428571428571429 308
1737833241661 0.3793103448275862 309
1737833242080 0.3333333333333333 310
1737833242498 0.32142857142857145 311
1737833242915 0.40625 312
1737833243334 0.36363636363636365 313
1737833243751 0.29411764705882354 314
1737833244173 0.15789473684210525 315
1737833244588 0.42 316
1737833245006 0.25 317
1737833245426 0.2641509433962264 318
1737833245864 0.2692307692307692 319
1737833246313 0.4230769230769231 320
1737833246825 0.2641509433962264 321
1737833247275 0.34615384615384615 322
1737833247725 0.34545454545454546 323
1737833248176 0.23076923076923078 324
1737833248627 0.25757575757575757 325
1737833249080 0.3125 326
1737833249530 0.35384615384615387 327
1737833249959 0.23076923076923078 328
1737833250375 0.4090909090909091 329
1737833250792 0.1590909090909091 330
1737833251210 0.23255813953488372 331
1737833251628 0.4358974358974359 332
1737833252047 0.42857142857142855 333
1737833252463 0.4473684210526316 334
1737833252882 0.34285714285714286 335
1737833253300 0.35 336
1737833253716 0.3055555555555556 337
1737833254132 0.23529411764705882 338
1737833254549 0.4406779661016949 339
1737833254966 0.25 340
1737833255382 0.2653061224489796 341
1737833255800 0.3620689655172414 342
1737833256215 0.35294117647058826 343
1737833256630 0.4642857142857143 344
1737833257048 0.3898305084745763 345
1737833257464 0.40350877192982454 346
1737833257882 0.2597402597402597 347
1737833258294 0.2727272727272727 348
1737833258712 0.25333333333333335 349
1737833259129 0.44285714285714284 350
1737833259543 0.45454545454545453 351
1737833259961 0.39285714285714285 352
1737833260376 0.4714285714285714 353
1737833260794 0.375 354
1737833261210 0.3333333333333333 355
1737833261625 0.37142857142857144 356
1737833262040 0.323943661971831 357
1737833262455 0.4492753623188406 358
1737833262874 0.2727272727272727 359
1737833263290 0.2625 360
1737833263704 0.29411764705882354 361
1737833264124 0.296875 362
1737833264543 0.3114754098360656 363
1737833264961 0.3269230769230769 364
1737833265376 0.4444444444444444 365
1737833265796 0.2916666666666667 366
1737833266238 0.44 367
1737833266702 0.4 368
1737833267121 0.2 369
1737833267537 0.4117647058823529 370
1737833267999 0.2857142857142857 371
1737833268424 0.34146341463414637 372
1737833268866 0.37777777777777777 373
1737833269282 0.3333333333333333 374
1737833269701 0.2826086956521739 375
1737833270127 0.2978723404255319 376
1737833270553 0.375 377
1737833270974 0.35 378
1737833271417 0.2857142857142857 379
1737833271854 0.34285714285714286 380
1737833272275 0.3870967741935484 381
1737833272696 0.21621621621621623 382
1737833273124 0.23809523809523808 383
1737833273547 0.27906976744186046 384
1737833273980 0.3508771929824561 385
1737833274400 0.3488372093023256 386
1737833274841 0.40425531914893614 387
1737833275305 0.4339622641509434 388
1737833275731 0.32786885245901637 389
1737833276156 0.3 390
1737833276602 0.24561403508771928 391
1737833277064 0.3877551020408163 392
1737833277512 0.2857142857142857 393
1737833277929 0.375 394
1737833278345 0.2916666666666667 395
1737833278763 0.2962962962962963 396
1737833279181 0.2553191489361702 397
1737833279594 0.2857142857142857 398
1737833280021 0.23076923076923078 399
1737833280451 0.3333333333333333 400
1737833280866 0.38095238095238093 401
1737833281317 0.25 402
1737833281748 0.43478260869565216 403
1737833282181 0.3076923076923077 404
1737833282595 0.2857142857142857 405
1737833283012 0.5 406
1737833283440 0.375 407
1737833283902 0.5 408
1737833284361 0.3333333333333333 409
1737833284783 0.5263157894736842 410
1737833285199 0.46153846153846156 411
1737833285615 0.3870967741935484 412
1737833286034 0.5217391304347826 413
1737833286485 0.48 414
1737833286937 0.44 415
1737833287357 0.4 416
1737833287790 0.30434782608695654 417
1737833288206 0.3076923076923077 418
1737833288624 0.32142857142857145 419
1737833289042 0.21875 420
1737833289457 0.21875 421
1737833289876 0.4166666666666667 422
1737833290316 0.4583333333333333 423
1737833290755 0.2727272727272727 424
1737833291179 0.3225806451612903 425
1737833291601 0.41935483870967744 426
1737833292025 0.2857142857142857 427
1737833292442 0.2702702702702703 428
1737833292862 0.23076923076923078 429
1737833293291 0.3076923076923077 430
1737833293773 0.3 431
1737833294244 0.3548387096774194 432
1737833294699 0.3448275862068966 433
1737833295138 0.25 434
1737833295575 0.4411764705882353 435
1737833296012 0.2222222222222222 436
1737833296460 0.37209302325581395 437
1737833296916 0.3333333333333333 438
1737833297358 0.38095238095238093 439
1737833297784 0.3488372093023256 440
1737833298219 0.4722222222222222 441
1737833298660 0.23809523809523808 442
1737833299103 0.3142857142857143 443
1737833299552 0.42857142857142855 444
1737833299992 0.34285714285714286 445
1737833300429 0.2682926829268293 446
1737833300895 0.27586206896551724 447
1737833301346 0.375 448
1737833301792 0.3333333333333333 449
1737833302237 0.32432432432432434 450
1737833302678 0.5 451
1737833303121 0.391304347826087 452
1737833303557 0.3142857142857143 453
1737833303995 0.32653061224489793 454
1737833304431 0.35294117647058826 455
1737833304872 0.35555555555555557 456
1737833305320 0.3559322033898305 457
1737833305786 0.3387096774193548 458
1737833306238 0.36666666666666664 459
1737833306680 0.2923076923076923 460
1737833307118 0.34615384615384615 461
1737833307567 0.26666666666666666 462
1737833308032 0.3333333333333333 463
1737833308476 0.3132530120481928 464
1737833308939 0.3157894736842105 465
1737833309380 0.35064935064935066 466
1737833309834 0.2898550724637681 467
1737833310288 0.3380281690140845 468
1737833310748 0.359375 469
1737833311203 0.3880597014925373 470
1737833311651 0.32432432432432434 471
1737833312121 0.2375 472
