1737833113078 0.1702127659574468 1
1737833113492 1.0 2
1737833113908 0.27450980392156865 3
1737833114322 1.0 4
1737833114733 0.3111111111111111 5
1737833115148 0.8958333333333334 6
1737833115562 0.3170731707317073 7
1737833116014 0.8113207547169812 8
1737833116426 0.6956521739130435 9
1737833116844 0.9795918367346939 10
1737833117257 0.8541666666666666 11
1737833117673 0.7878787878787878 12
1737833118089 0.4772727272727273 13
1737833118504 0.10869565217391304 14
1737833118921 0.32558139534883723 15
1737833119334 0.4634146341463415 16
1737833119745 0.5882352941176471 17
1737833120161 0.5365853658536586 18
1737833120575 0.6521739130434783 19
1737833120990 0.723404255319149 20
1737833121405 0.47368421052631576 21
1737833121822 0.3333333333333333 22
1737833122233 0.2857142857142857 23
1737833122649 0.3170731707317073 24
1737833123066 0.2631578947368421 25
1737833123481 0.06521739130434782 26
1737833123901 0.8301886792452831 27
1737833124314 0.8333333333333334 28
1737833124728 0.7755102040816326 29
1737833125147 0.6956521739130435 30
1737833125562 0.7777777777777778 31
1737833125978 0.14285714285714285 32
1737833126395 0.0 33
1737833126812 0.05128205128205128 34
1737833127228 0.3170731707317073 35
1737833127645 0.061224489795918366 36
1737833128061 1.0 37
1737833128478 1.0 38
1737833128899 1.0 39
1737833129313 1.0 40
1737833129728 1.0 41
1737833130145 0.9565217391304348 42
1737833130562 0.5952380952380952 43
1737833130983 0.023809523809523808 44
1737833131399 0.022222222222222223 45
1737833131819 0.13636363636363635 46
1737833132236 0.2777777777777778 47
1737833132650 0.21739130434782608 48
1737833133067 0.2857142857142857 49
1737833133483 0.2857142857142857 50
1737833133901 0.30434782608695654 51
1737833134316 0.5333333333333333 52
1737833134734 0.4 53
1737833135151 0.4406779661016949 54
1737833135568 0.45 55
1737833135984 0.5 56
1737833136399 0.5319148936170213 57
1737833136816 0.45 58
1737833137232 0.3157894736842105 59
1737833137648 0.35135135135135137 60
1737833138066 0.08695652173913043 61
1737833138484 0.2 62
1737833138901 0.18181818181818182 63
1737833139317 0.24390243902439024 64
1737833139731 0.34 65
1737833140149 0.5 66
1737833140565 0.3235294117647059 67
1737833140983 0.375 68
1737833141400 0.36363636363636365 69
1737833141819 0.3 70
1737833142235 0.3333333333333333 71
1737833142653 0.36 72
1737833143072 0.5319148936170213 73
1737833143487 0.5416666666666666 74
1737833143905 0.5319148936170213 75
1737833144322 0.6 76
1737833144738 0.6388888888888888 77
1737833145156 0.42857142857142855 78
1737833145571 0.4444444444444444 79
1737833145989 0.38461538461538464 80
1737833146405 0.4772727272727273 81
1737833146823 0.32558139534883723 82
1737833147241 0.34782608695652173 83
1737833147658 0.4 84
1737833148078 0.20512820512820512 85
1737833148492 0.2926829268292683 86
1737833148912 0.325 87
1737833149329 0.4418604651162791 88
1737833149744 0.3225806451612903 89
1737833150163 0.13793103448275862 90
1737833150578 0.21052631578947367 91
1737833150997 0.08888888888888889 92
1737833151413 0.08333333333333333 93
1737833151832 0.1282051282051282 94
1737833152249 0.18518518518518517 95
1737833152666 0.05263157894736842 96
1737833153084 0.11538461538461539 97
1737833153501 0.10869565217391304 98
1737833153919 0.11320754716981132 99
1737833154333 0.2558139534883721 100
1737833154749 0.13636363636363635 101
1737833155165 0.2857142857142857 102
1737833155581 0.24074074074074073 103
1737833156000 0.2978723404255319 104
1737833156415 0.4418604651162791 105
1737833156833 0.5348837209302325 106
1737833157250 0.42 107
1737833157668 0.5476190476190477 108
1737833158089 0.6 109
1737833158504 0.5897435897435898 110
1737833158922 0.6590909090909091 111
1737833159338 0.6521739130434783 112
1737833159757 0.5 113
1737833160175 0.631578947368421 114
1737833160595 0.625 115
1737833161012 0.36585365853658536 116
1737833161430 0.5 117
1737833161848 0.4864864864864865 118
1737833162272 0.4772727272727273 119
1737833162693 0.4523809523809524 120
1737833163110 0.3170731707317073 121
1737833163524 0.25 122
1737833163941 0.2222222222222222 123
1737833164357 0.2727272727272727 124
1737833164783 0.27906976744186046 125
1737833165199 0.1875 126
1737833165615 0.09615384615384616 127
1737833166033 0.2 128
1737833166451 0.08695652173913043 129
1737833166870 0.11764705882352941 130
1737833167285 0.11904761904761904 131
1737833167705 0.2 132
1737833168122 0.22727272727272727 133
1737833168538 0.16666666666666666 134
1737833168957 0.2708333333333333 135
1737833169373 0.16666666666666666 136
1737833169791 0.43243243243243246 137
1737833170208 0.45614035087719296 138
1737833170624 0.4 139
1737833171041 0.4883720930232558 140
1737833171456 0.5348837209302325 141
1737833171875 0.5714285714285714 142
1737833172292 0.5121951219512195 143
1737833172710 0.4827586206896552 144
1737833173129 0.6470588235294118 145
1737833173544 0.5434782608695652 146
1737833173964 0.6 147
1737833174381 0.5306122448979592 148
1737833174800 0.5714285714285714 149
1737833175218 0.5106382978723404 150
1737833175637 0.48936170212765956 151
1737833176056 0.6923076923076923 152
1737833176472 0.5238095238095238 153
1737833176889 0.4375 154
1737833177306 0.32653061224489793 155
1737833177727 0.5 156
1737833178145 0.4166666666666667 157
1737833178562 0.3076923076923077 158
1737833178982 0.44 159
1737833179398 0.42857142857142855 160
1737833179816 0.4074074074074074 161
1737833180235 0.6470588235294118 162
1737833180651 0.5 163
1737833181071 0.5 164
1737833181488 0.38636363636363635 165
1737833181907 0.3902439024390244 166
1737833182323 0.38461538461538464 167
1737833182741 0.3333333333333333 168
1737833183158 0.3829787234042553 169
1737833183573 0.3142857142857143 170
1737833183993 0.15384615384615385 171
1737833184410 0.3125 172
1737833184830 0.06382978723404255 173
1737833185245 0.17777777777777778 174
1737833185662 0.2608695652173913 175
1737833186079 0.24390243902439024 176
1737833186496 0.3235294117647059 177
1737833186914 0.2682926829268293 178
1737833187330 0.23333333333333334 179
1737833187747 0.18181818181818182 180
1737833188164 0.358974358974359 181
1737833188585 0.09523809523809523 182
1737833189003 0.20930232558139536 183
1737833189423 0.1111111111111111 184
1737833189841 0.17142857142857143 185
1737833190258 0.1875 186
1737833190674 0.061224489795918366 187
1737833191092 0.14893617021276595 188
1737833191509 0.1509433962264151 189
1737833191931 0.04878048780487805 190
1737833192351 0.11320754716981132 191
1737833192770 0.1875 192
1737833193190 0.4418604651162791 193
1737833193606 0.48936170212765956 194
1737833194024 0.6097560975609756 195
1737833194442 0.5319148936170213 196
1737833194863 0.44680851063829785 197
1737833195280 0.5333333333333333 198
1737833195699 0.5945945945945946 199
1737833196118 0.7441860465116279 200
1737833196535 0.48717948717948717 201
1737833196952 0.6744186046511628 202
1737833197371 0.6296296296296297 203
1737833197791 0.6511627906976745 204
1737833198207 0.675 205
1737833198625 0.6170212765957447 206
1737833199044 0.7428571428571429 207
1737833199460 0.5405405405405406 208
1737833199879 0.5365853658536586 209
1737833200296 0.5555555555555556 210
1737833200713 0.3142857142857143 211
1737833201131 0.3829787234042553 212
1737833201547 0.19230769230769232 213
1737833201964 0.275 214
1737833202382 0.25 215
1737833202801 0.07272727272727272 216
1737833203218 0.1282051282051282 217
1737833203635 0.21739130434782608 218
1737833204054 0.19148936170212766 219
1737833204477 0.20833333333333334 220
1737833204898 0.21153846153846154 221
1737833205316 0.3333333333333333 222
1737833205732 0.2 223
1737833206151 0.3958333333333333 224
1737833206567 0.5116279069767442 225
1737833206984 0.5238095238095238 226
1737833207399 0.6 227
1737833207817 0.4523809523809524 228
1737833208234 0.5641025641025641 229
1737833208649 0.5909090909090909 230
1737833209067 0.574468085106383 231
1737833209481 0.48717948717948717 232
1737833209899 0.5476190476190477 233
1737833210315 0.53125 234
1737833210731 0.5925925925925926 235
1737833211149 0.48717948717948717 236
1737833211565 0.391304347826087 237
1737833211981 0.4 238
1737833212398 0.4418604651162791 239
1737833212817 0.5 240
1737833213233 0.5526315789473685 241
1737833213650 0.5952380952380952 242
1737833214070 0.3902439024390244 243
1737833214487 0.40476190476190477 244
1737833214905 0.40816326530612246 245
1737833215323 0.4117647058823529 246
1737833215739 0.5238095238095238 247
1737833216165 0.39215686274509803 248
1737833216580 0.2926829268292683 249
1737833216997 0.46 250
1737833217413 0.3684210526315789 251
1737833217832 0.20454545454545456 252
1737833218248 0.25 253
1737833218665 0.1836734693877551 254
1737833219083 0.25 255
1737833219499 0.2972972972972973 256
1737833219921 0.3023255813953488 257
1737833220340 0.2641509433962264 258
1737833220757 0.22857142857142856 259
1737833221176 0.17142857142857143 260
1737833221593 0.18421052631578946 261
1737833222014 0.3142857142857143 262
1737833222435 0.3 263
1737833222858 0.26666666666666666 264
1737833223276 0.32558139534883723 265
1737833223693 0.1836734693877551 266
1737833224112 0.25806451612903225 267
1737833224528 0.2391304347826087 268
1737833224947 0.24444444444444444 269
1737833225363 0.325 270
1737833225780 0.20408163265306123 271
1737833226195 0.30434782608695654 272
1737833226613 0.2894736842105263 273
1737833227032 0.28888888888888886 274
1737833227446 0.3333333333333333 275
1737833227873 0.3409090909090909 276
1737833228289 0.29545454545454547 277
1737833228710 0.24444444444444444 278
1737833229128 0.35555555555555557 279
1737833229547 0.3111111111111111 280
1737833229968 0.325 281
1737833230385 0.44642857142857145 282
1737833230805 0.38095238095238093 283
1737833231221 0.45 284
1737833231639 0.3409090909090909 285
1737833232059 0.3404255319148936 286
1737833232475 0.4 287
1737833232893 0.5434782608695652 288
1737833233309 0.32142857142857145 289
1737833233726 0.38 290
1737833234146 0.40425531914893614 291
1737833234564 0.5128205128205128 292
1737833234983 0.43478260869565216 293
1737833235398 0.4782608695652174 294
1737833235815 0.4864864864864865 295
1737833236236 0.5813953488372093 296
1737833236653 0.5714285714285714 297
1737833237070 0.40425531914893614 298
1737833237489 0.5434782608695652 299
1737833237906 0.5681818181818182 300
1737833238324 0.5777777777777777 301
1737833238742 0.525 302
1737833239168 0.5897435897435898 303
1737833239582 0.6808510638297872 304
1737833240001 0.4166666666666667 305
1737833240418 0.37777777777777777 306
1737833240835 0.3125 307
1737833241253 0.45714285714285713 308
1737833241670 0.3617021276595745 309
1737833242089 0.47368421052631576 310
1737833242507 0.5714285714285714 311
1737833242924 0.28888888888888886 312
1737833243343 0.38636363636363635 313
1737833243763 0.40425531914893614 314
1737833244181 0.37037037037037035 315
1737833244597 0.35 316
1737833245016 0.35714285714285715 317
1737833245435 0.391304347826087 318
1737833245873 0.391304347826087 319
1737833246327 0.28205128205128205 320
1737833246834 0.38636363636363635 321
1737833247283 0.4222222222222222 322
1737833247734 0.45161290322580644 323
1737833248186 0.38636363636363635 324
1737833248637 0.3488372093023256 325
1737833249090 0.5 326
1737833249541 0.32653061224489793 327
1737833249968 0.32558139534883723 328
1737833250384 0.5365853658536586 329
1737833250802 0.44642857142857145 330
1737833251220 0.46153846153846156 331
1737833251638 0.3870967741935484 332
1737833252057 0.3684210526315789 333
1737833252473 0.4166666666666667 334
1737833252891 0.29545454545454547 335
1737833253308 0.2702702702702703 336
1737833253725 0.2545454545454545 337
1737833254142 0.2641509433962264 338
1737833254558 0.3055555555555556 339
1737833254976 0.24489795918367346 340
1737833255392 0.23076923076923078 341
1737833255809 0.20754716981132076 342
1737833256223 0.2777777777777778 343
1737833256639 0.3076923076923077 344
1737833257057 0.20454545454545456 345
1737833257473 0.21951219512195122 346
1737833257890 0.23076923076923078 347
1737833258304 0.22 348
1737833258721 0.2826086956521739 349
1737833259138 0.19444444444444445 350
1737833259552 0.30952380952380953 351
1737833259971 0.22857142857142856 352
1737833260385 0.2647058823529412 353
1737833260804 0.2222222222222222 354
1737833261219 0.11320754716981132 355
1737833261634 0.1388888888888889 356
1737833262048 0.10256410256410256 357
1737833262463 0.13636363636363635 358
1737833262884 0.1111111111111111 359
1737833263299 0.10869565217391304 360
1737833263715 0.16666666666666666 361
1737833264133 0.20930232558139536 362
1737833264551 0.20408163265306123 363
1737833264970 0.3333333333333333 364
1737833265385 0.32432432432432434 365
1737833265808 0.23684210526315788 366
1737833266248 0.40425531914893614 367
1737833266712 0.3870967741935484 368
1737833267131 0.3333333333333333 369
1737833267547 0.25 370
1737833268009 0.2727272727272727 371
1737833268433 0.3611111111111111 372
1737833268876 0.2894736842105263 373
1737833269292 0.2619047619047619 374
1737833269712 0.3 375
1737833270137 0.17073170731707318 376
1737833270562 0.16666666666666666 377
1737833270983 0.1282051282051282 378
1737833271425 0.23404255319148937 379
1737833271863 0.16279069767441862 380
1737833272285 0.030303030303030304 381
1737833272709 0.20833333333333334 382
1737833273133 0.1111111111111111 383
1737833273555 0.21951219512195122 384
1737833273989 0.08333333333333333 385
1737833274410 0.22727272727272727 386
1737833274850 0.29411764705882354 387
1737833275315 0.24390243902439024 388
1737833275741 0.15384615384615385 389
1737833276166 0.1694915254237288 390
1737833276612 0.2978723404255319 391
1737833277073 0.3023255813953488 392
1737833277521 0.37142857142857144 393
1737833277938 0.5306122448979592 394
1737833278355 0.40476190476190477 395
1737833278772 0.35 396
1737833279190 0.4117647058823529 397
1737833279603 0.5283018867924528 398
1737833280030 0.4117647058823529 399
1737833280460 0.6382978723404256 400
1737833280876 0.6904761904761905 401
1737833281326 0.6808510638297872 402
1737833281758 0.7021276595744681 403
1737833282190 0.6875 404
1737833282604 0.75 405
1737833283021 0.7555555555555555 406
1737833283451 0.7551020408163265 407
1737833283913 0.7837837837837838 408
1737833284371 0.6842105263157895 409
1737833284792 0.7560975609756098 410
1737833285209 0.6388888888888888 411
1737833285624 0.48717948717948717 412
1737833286042 0.45454545454545453 413
1737833286494 0.2857142857142857 414
1737833286947 0.2926829268292683 415
1737833287367 0.15384615384615385 416
1737833287798 0.16279069767441862 417
1737833288215 0.19148936170212766 418
1737833288632 0.13043478260869565 419
1737833289052 0.1794871794871795 420
1737833289467 0.08333333333333333 421
1737833289885 0.13636363636363635 422
1737833290325 0.16666666666666666 423
1737833290764 0.13513513513513514 424
1737833291187 0.06451612903225806 425
1737833291609 0.1951219512195122 426
1737833292034 0.09090909090909091 427
1737833292450 0.15384615384615385 428
1737833292871 0.08888888888888889 429
1737833293308 0.175 430
1737833293786 0.15 431
1737833294254 0.19047619047619047 432
1737833294709 0.12903225806451613 433
1737833295146 0.16 434
1737833295589 0.175 435
1737833296022 0.21428571428571427 436
1737833296469 0.13953488372093023 437
1737833296926 0.17647058823529413 438
1737833297367 0.11904761904761904 439
1737833297794 0.2558139534883721 440
1737833298227 0.2619047619047619 441
1737833298669 0.21428571428571427 442
1737833299113 0.3902439024390244 443
1737833299562 0.37209302325581395 444
1737833300000 0.35 445
1737833300438 0.47368421052631576 446
1737833300905 0.2727272727272727 447
1737833301354 0.2702702702702703 448
1737833301802 0.2558139534883721 449
1737833302246 0.1794871794871795 450
1737833302689 0.1875 451
1737833303130 0.06060606060606061 452
1737833303566 0.125 453
1737833304005 0.03125 454
1737833304441 0.027777777777777776 455
1737833304880 0.023255813953488372 456
1737833305330 0.0 457
1737833305795 0.024390243902439025 458
1737833306248 0.02 459
1737833306690 0.023255813953488372 460
1737833307127 0.0 461
1737833307576 0.0 462
1737833308042 0.0 463
1737833308486 0.0 464
1737833308950 0.030303030303030304 465
1737833309398 0.0 466
1737833309844 0.045454545454545456 467
1737833310298 0.05 468
1737833310759 0.05263157894736842 469
1737833311213 0.0 470
1737833311662 0.05263157894736842 471
1737833312134 0.06 472
