1737238663317 0.16452780519907864 500
1737238734239 0.3290556103981573 1000
1737238805238 0.49358341559723595 1500
1737238876465 0.6581112207963146 2000
1737238947445 0.8226390259953932 2500
1737239018432 0.9871668311944719 3000
1737239039295 1.0 3039
1737239106387 1.1516946363935505 3500
1737239177393 1.3162224415926291 4000
1737239248393 1.4807502467917077 4500
1737239319370 1.6452780519907866 5000
1737239390401 1.8098058571898652 5500
1737239461758 1.9743336623889438 6000
1737239488318 2.0 6078
1737239552505 2.1388614675880224 6500
1737239625953 2.303389272787101 7000
1737239699523 2.4679170779861797 7500
1737239775406 2.6324448831852583 8000
1737239852755 2.796972688384337 8500
1737239926047 2.9615004935834155 9000
1737239958862 3.0 9117
1737240016821 3.126028298782494 9500
1737240091399 3.2905561039815727 10000
1737240168563 3.4550839091806513 10500
1737240244777 3.6196117143797304 11000
1737240324140 3.784139519578809 11500
1737240401205 3.9486673247778876 12000
1737240443851 4.0 12156
1737240445561 4.0 12156
