1737238663317 6.079076290130615 500
1737238734239 4.510560035705566 1000
1737238805238 2.6667592525482178 1500
1737238876465 2.470285177230835 2000
1737238947445 2.333120107650757 2500
1737239018432 5.03573751449585 3000
1737239106387 4.73900842666626 3500
1737239177393 3.7816572189331055 4000
1737239248393 8.446684837341309 4500
1737239319370 2.326237678527832 5000
1737239390401 1.8903661966323853 5500
1737239461758 3.098482370376587 6000
1737239552505 3.256681442260742 6500
1737239625953 4.979482650756836 7000
1737239699523 6.252223014831543 7500
1737239775406 2.4658427238464355 8000
1737239852755 3.9875028133392334 8500
1737239926047 3.404825210571289 9000
1737240016821 4.799369812011719 9500
1737240091399 6.829995155334473 10000
1737240168563 6.730557441711426 10500
1737240244777 4.034111976623535 11000
1737240324140 4.963850021362305 11500
1737240401205 4.4651994705200195 12000
