1737238663317 2.055921052631579e-05 500
1737238734239 4.107730263157895e-05 1000
1737238805238 4.870658135283364e-05 1500
1737238876465 4.642138939670932e-05 2000
1737238947445 4.413619744058501e-05 2500
1737239018432 4.18510054844607e-05 3000
1737239106387 3.956581352833638e-05 3500
1737239177393 3.7280621572212065e-05 4000
1737239248393 3.4995429616087754e-05 4500
1737239319370 3.2714808043875686e-05 5000
1737239390401 3.042961608775137e-05 5500
1737239461758 2.8144424131627057e-05 6000
1737239552505 2.5859232175502745e-05 6500
1737239625953 2.3583180987202927e-05 7000
1737239699523 2.129798903107861e-05 7500
1737239775406 1.90127970749543e-05 8000
1737239852755 1.6727605118829984e-05 8500
1737239926047 1.4442413162705667e-05 9000
1737240016821 1.2157221206581355e-05 9500
1737240091399 9.872029250457038e-06 10000
1737240168563 7.586837294332725e-06 10500
1737240244777 5.306215722120658e-06 11000
1737240324140 3.0210237659963438e-06 11500
1737240401205 7.358318098720293e-07 12000
