1737238663317 0.5226 500
1737238734239 0.3508 1000
1737238805238 0.3287 1500
1737238876465 0.306 2000
1737238947445 0.2948 2500
1737239018432 0.287 3000
1737239106387 0.2288 3500
1737239177393 0.2241 4000
1737239248393 0.2322 4500
1737239319370 0.2247 5000
1737239390401 0.2262 5500
1737239461758 0.2254 6000
1737239552505 0.159 6500
1737239625953 0.1471 7000
1737239699523 0.1471 7500
1737239775406 0.1475 8000
1737239852755 0.1441 8500
1737239926047 0.1489 9000
1737240016821 0.1022 9500
1737240091399 0.085 10000
1737240168563 0.089 10500
1737240244777 0.0862 11000
1737240324140 0.0838 11500
1737240401205 0.0868 12000
