1737428944794 0.2873515188694 1
1737428945108 0.20350097119808197 2
1737428945425 0.2712869942188263 3
1737428945745 0.26418545842170715 4
1737428946061 0.1568627506494522 5
1737428946378 0.2663572430610657 6
1737428946693 0.27391576766967773 7
1737428947011 0.2548096477985382 8
1737428947327 0.2912266254425049 9
1737428947643 0.25247082114219666 10
1737428947961 0.29613205790519714 11
1737428948286 0.20474658906459808 12
1737428948611 0.22119499742984772 13
1737428948937 0.26304349303245544 14
1737428949267 0.27407407760620117 15
1737428949592 0.25906121730804443 16
1737428949919 0.2396227866411209 17
1737428950246 0.3112484812736511 18
1737428950573 0.29664745926856995 19
