1737428944788 0.5357142857142857 1
1737428945102 0.4485981308411215 2
1737428945419 0.5691056910569106 3
1737428945739 0.5789473684210527 4
1737428946055 0.47058823529411764 5
1737428946372 0.48598130841121495 6
1737428946687 0.5225225225225225 7
1737428947005 0.5535714285714286 8
1737428947321 0.5321100917431193 9
1737428947637 0.4716981132075472 10
1737428947955 0.5853658536585366 11
1737428948280 0.4778761061946903 12
1737428948605 0.5423728813559322 13
1737428948931 0.5391304347826087 14
1737428949261 0.6 15
1737428949586 0.42424242424242425 16
1737428949912 0.4485981308411215 17
1737428950239 0.5641025641025641 18
1737428950567 0.5486725663716814 19
