1737428944793 0.391304347826087 1
1737428945107 0.29347826086956524 2
1737428945424 0.42391304347826086 3
1737428945743 0.40217391304347827 4
1737428946060 0.30434782608695654 5
1737428946377 0.34782608695652173 6
1737428946692 0.3804347826086957 7
1737428947009 0.3804347826086957 8
1737428947326 0.391304347826087 9
1737428947642 0.34782608695652173 10
1737428947960 0.44565217391304346 11
1737428948285 0.32608695652173914 12
1737428948610 0.3695652173913043 13
1737428948936 0.391304347826087 14
1737428949265 0.43478260869565216 15
1737428949591 0.32608695652173914 16
1737428949918 0.31521739130434784 17
1737428950244 0.42391304347826086 18
1737428950572 0.40217391304347827 19
