1737428944791 0.8333333333333334 1
1737428945104 0.8275862068965517 2
1737428945422 0.9210526315789473 3
1737428945741 0.9166666666666666 4
1737428946058 0.875 5
1737428946374 0.896551724137931 6
1737428946689 0.90625 7
1737428947007 0.8857142857142857 8
1737428947324 0.8055555555555556 9
1737428947640 0.9615384615384616 10
1737428947957 0.9473684210526315 11
1737428948283 0.8709677419354839 12
1737428948608 0.8205128205128205 13
1737428948934 0.8857142857142857 14
1737428949263 1.0 15
1737428949589 1.0 16
1737428949915 1.0 17
1737428950242 0.9428571428571428 18
1737428950569 1.0 19
