1737428944784 0.12121212121212122 1
1737428945098 0.11428571428571428 2
1737428945416 0.09090909090909091 3
1737428945735 0.07407407407407407 4
1737428946051 0.0 5
1737428946369 0.10256410256410256 6
1737428946683 0.06666666666666667 7
1737428947001 0.06451612903225806 8
1737428947317 0.0625 9
1737428947633 0.0 10
1737428947951 0.0 11
1737428948276 0.0 12
1737428948601 0.0 13
1737428948928 0.0 14
1737428949257 0.0 15
1737428949582 0.0 16
1737428949909 0.0 17
1737428950235 0.05714285714285714 18
1737428950563 0.05555555555555555 19
