1737428944789 0.39473684210526316 1
1737428945103 0.3076923076923077 2
1737428945421 0.4117647058823529 3
1737428945740 0.4230769230769231 4
1737428946056 0.3218390804597701 5
1737428946373 0.3333333333333333 6
1737428946688 0.3670886075949367 7
1737428947006 0.4025974025974026 8
1737428947322 0.3972602739726027 9
1737428947638 0.3125 10
1737428947956 0.4235294117647059 11
1737428948281 0.32926829268292684 12
1737428948606 0.4050632911392405 13
1737428948933 0.3875 14
1737428949262 0.42857142857142855 15
1737428949587 0.2692307692307692 16
1737428949914 0.2891566265060241 17
1737428950241 0.4024390243902439 18
1737428950568 0.3780487804878049 19
