1737428944792 0.391304347826087 1
1737428945105 0.29347826086956524 2
1737428945423 0.42391304347826086 3
1737428945742 0.40217391304347827 4
1737428946059 0.30434782608695654 5
1737428946376 0.34782608695652173 6
1737428946690 0.3804347826086957 7
1737428947008 0.3804347826086957 8
1737428947325 0.391304347826087 9
1737428947641 0.34782608695652173 10
1737428947959 0.44565217391304346 11
1737428948284 0.32608695652173914 12
1737428948609 0.3695652173913043 13
1737428948935 0.391304347826087 14
1737428949264 0.43478260869565216 15
1737428949590 0.32608695652173914 16
1737428949916 0.31521739130434784 17
1737428950243 0.42391304347826086 18
1737428950571 0.40217391304347827 19
