1737428944780 0.20512820512820512 1
1737428945094 0.047619047619047616 2
1737428945412 0.15384615384615385 3
1737428945731 0.13953488372093023 4
1737428946047 0.0 5
1737428946365 0.21052631578947367 6
1737428946679 0.23255813953488372 7
1737428946997 0.14634146341463414 8
1737428947313 0.27906976744186046 9
1737428947629 0.2857142857142857 10
1737428947947 0.30303030303030304 11
1737428948272 0.13636363636363635 12
1737428948596 0.12121212121212122 13
1737428948923 0.25 14
1737428949253 0.2222222222222222 15
1737428949578 0.35294117647058826 16
1737428949905 0.2702702702702703 17
1737428950231 0.3125 18
1737428950559 0.2857142857142857 19
