1737428944783 0.14285714285714285 1
1737428945097 0.03125 2
1737428945414 0.09090909090909091 3
1737428945733 0.08823529411764706 4
1737428946050 0.0 5
1737428946367 0.15384615384615385 6
1737428946682 0.15625 7
1737428946999 0.10344827586206896 8
1737428947316 0.2222222222222222 9
1737428947632 0.1891891891891892 10
1737428947950 0.18518518518518517 11
1737428948275 0.08823529411764706 12
1737428948599 0.09090909090909091 13
1737428948926 0.17857142857142858 14
1737428949256 0.13793103448275862 15
1737428949581 0.24324324324324326 16
1737428949908 0.17857142857142858 17
1737428950234 0.20833333333333334 18
1737428950562 0.18518518518518517 19
