1737428944795 0.3861244022846222 1
1737428945109 0.3025641143321991 2
1737428945427 0.6372548937797546 3
1737428945746 0.31880342960357666 4
1737428946063 0.1072796955704689 5
1737428946379 0.5555555820465088 6
1737428946694 0.4405446946620941 7
1737428947012 0.3286435902118683 8
1737428947328 0.3685312271118164 9
1737428947645 0.2986111044883728 10
1737428947962 0.4189542531967163 11
1737428948288 0.20975609123706818 12
1737428948613 0.19562716782093048 13
1737428948939 0.2680555582046509 14
1737428949268 0.3333333432674408 15
1737428949593 0.30402931571006775 16
1737428949920 0.2815707325935364 17
1737428950247 0.5091463327407837 18
1737428950575 0.5010162591934204 19
