1737428944797 0.3492063581943512 1
1737428945110 0.3077841103076935 2
1737428945428 0.35319361090660095 3
1737428945747 0.35011884570121765 4
1737428946064 0.2916666567325592 5
1737428946380 0.36815062165260315 6
1737428946695 0.3660714328289032 7
1737428947013 0.3416256010532379 8
1737428947330 0.35408687591552734 9
1737428947646 0.3835758864879608 10
1737428947964 0.37751784920692444 11
1737428948289 0.3197343647480011 12
1737428948614 0.3038072884082794 13
1737428948940 0.35476192831993103 14
1737428949270 0.37931033968925476 15
1737428949595 0.4144144058227539 16
1737428949922 0.392857164144516 17
1737428950248 0.39383116364479065 18
1737428950576 0.40486565232276917 19
