1737428944787 0.07142857142857142 1
1737428945101 0.06451612903225806 2
1737428945418 0.047619047619047616 3
1737428945737 0.045454545454545456 4
1737428946054 0.0 5
1737428946371 0.05405405405405406 6
1737428946686 0.03571428571428571 7
1737428947003 0.03571428571428571 8
1737428947320 0.034482758620689655 9
1737428947636 0.0 10
1737428947954 0.0 11
1737428948279 0.0 12
1737428948604 0.0 13
1737428948930 0.0 14
1737428949259 0.0 15
1737428949584 0.0 16
1737428949911 0.0 17
1737428950238 0.030303030303030304 18
1737428950566 0.029411764705882353 19
