1737428944782 0.36363636363636365 1
1737428945095 0.1 2
1737428945413 0.5 3
1737428945732 0.3333333333333333 4
1737428946048 0.0 5
1737428946366 0.3333333333333333 6
1737428946681 0.45454545454545453 7
1737428946998 0.25 8
1737428947315 0.375 9
1737428947631 0.5833333333333334 10
1737428947949 0.8333333333333334 11
1737428948274 0.3 12
1737428948598 0.18181818181818182 13
1737428948925 0.4166666666666667 14
1737428949254 0.5714285714285714 15
1737428949579 0.6428571428571429 16
1737428949906 0.5555555555555556 17
1737428950233 0.625 18
1737428950560 0.625 19
