1737428944798 1.096708059310913 1
1737428945112 1.0981565713882446 2
1737428945429 1.0928053855895996 3
1737428945748 1.0961263179779053 4
1737428946065 1.0979422330856323 5
1737428946382 1.1009119749069214 6
1737428946697 1.0974591970443726 7
1737428947015 1.0935941934585571 8
1737428947331 1.0936588048934937 9
1737428947647 1.0962979793548584 10
1737428947965 1.0908339023590088 11
1737428948290 1.0929248332977295 12
1737428948616 1.0929198265075684 13
1737428948941 1.095718502998352 14
1737428949271 1.0898364782333374 15
1737428949596 1.0979560613632202 16
1737428949924 1.098151445388794 17
1737428950250 1.0908856391906738 18
1737428950577 1.0903496742248535 19
