1737429032732 0.6666666666666666 1
1737429033048 0.25 2
1737429033364 0.5 3
1737429033679 0.25 4
1737429033995 0.18181818181818182 5
1737429034314 0.23529411764705882 6
1737429034639 0.375 7
1737429034954 0.4444444444444444 8
1737429035276 0.4375 9
1737429035591 0.4117647058823529 10
1737429035908 0.5 11
1737429036225 0.6111111111111112 12
1737429036540 0.5 13
1737429036857 0.42857142857142855 14
1737429037172 0.6363636363636364 15
1737429037486 0.5 16
1737429037802 0.6153846153846154 17
1737429038120 0.4444444444444444 18
1737429038436 0.6190476190476191 19
1737429038759 0.6666666666666666 20
1737429039074 0.8666666666666667 21
1737429039390 0.6666666666666666 22
1737429039709 0.5 23
1737429040027 0.5555555555555556 24
1737429040433 0.6296296296296297 25
1737429040790 0.5384615384615384 26
1737429041178 0.6842105263157895 27
1737429041530 0.375 28
1737429041879 0.5454545454545454 29
1737429042206 0.6363636363636364 30
1737429042526 0.6206896551724138 31
1737429042843 0.7878787878787878 32
1737429043159 0.46153846153846156 33
1737429043475 0.5806451612903226 34
1737429043790 0.6666666666666666 35
1737429044106 0.8 36
1737429044420 0.6923076923076923 37
1737429044736 0.7 38
1737429045053 0.65 39
1737429045368 0.5675675675675675 40
1737429045684 0.6923076923076923 41
1737429046005 0.5135135135135135 42
1737429046326 0.7241379310344828 43
1737429046640 0.6428571428571429 44
1737429046953 0.8214285714285714 45
1737429047267 0.6470588235294118 46
1737429047585 0.7027027027027027 47
1737429047906 0.7666666666666667 48
1737429048220 0.8148148148148148 49
1737429048536 0.675 50
1737429048852 0.717391304347826 51
1737429049170 0.6739130434782609 52
1737429049486 0.7045454545454546 53
1737429049802 0.6486486486486487 54
1737429050119 0.5555555555555556 55
1737429050434 0.7878787878787878 56
1737429050749 0.7105263157894737 57
1737429051066 0.8076923076923077 58
1737429051381 0.625 59
1737429051702 0.6842105263157895 60
1737429052017 0.7096774193548387 61
1737429052335 0.7096774193548387 62
1737429052651 0.7297297297297297 63
1737429052968 0.7 64
1737429053285 0.55 65
1737429053603 0.5853658536585366 66
1737429053918 0.6 67
1737429054232 0.6046511627906976 68
1737429054548 0.8 69
1737429054863 0.8 70
1737429055178 0.8148148148148148 71
1737429055493 0.76 72
1737429055810 0.9583333333333334 73
1737429056126 0.8148148148148148 74
1737429056444 0.75 75
1737429056760 0.896551724137931 76
1737429057079 0.7368421052631579 77
1737429057394 0.6666666666666666 78
1737429057713 0.7894736842105263 79
1737429058041 0.7021276595744681 80
1737429058373 0.6756756756756757 81
1737429058689 0.6428571428571429 82
1737429059007 0.7027027027027027 83
1737429059326 0.75 84
1737429059642 0.7096774193548387 85
1737429059958 0.92 86
1737429060274 0.9230769230769231 87
1737429060593 0.875 88
1737429060908 0.8333333333333334 89
1737429061228 0.7741935483870968 90
1737429061546 0.696969696969697 91
1737429061862 0.8 92
1737429062179 0.6666666666666666 93
1737429062497 0.5106382978723404 94
1737429062816 0.6176470588235294 95
1737429063134 0.6785714285714286 96
1737429063451 0.8378378378378378 97
1737429063767 0.8055555555555556 98
1737429064084 0.7272727272727273 99
1737429064401 0.8181818181818182 100
1737429064717 0.8 101
1737429065035 0.84 102
1737429065351 0.9047619047619048 103
1737429065669 0.782608695652174 104
1737429065985 0.8333333333333334 105
1737429066302 0.9583333333333334 106
1737429066618 0.9090909090909091 107
1737429066934 0.8372093023255814 108
1737429067251 0.6060606060606061 109
1737429067572 0.5135135135135135 110
1737429067890 0.5897435897435898 111
1737429068208 0.5 112
1737429068524 0.7777777777777778 113
1737429068841 0.8214285714285714 114
1737429069157 0.8421052631578947 115
1737429069473 0.8333333333333334 116
1737429069791 0.9259259259259259 117
1737429070107 0.9310344827586207 118
1737429070425 0.8571428571428571 119
1737429070743 0.8484848484848485 120
1737429071061 0.7777777777777778 121
1737429071379 0.7073170731707317 122
1737429071698 0.5675675675675675 123
1737429072013 0.64 124
1737429072331 0.6666666666666666 125
1737429072647 0.725 126
1737429072963 0.75 127
1737429073280 0.7894736842105263 128
1737429073598 0.68 129
1737429073915 0.896551724137931 130
1737429074233 0.7407407407407407 131
1737429074547 0.7777777777777778 132
1737429074865 0.7777777777777778 133
1737429075183 0.84375 134
1737429075503 0.6363636363636364 135
1737429075818 0.8235294117647058 136
1737429076135 0.8 137
1737429076450 0.7647058823529411 138
1737429076768 0.7931034482758621 139
1737429077086 0.8461538461538461 140
1737429077402 0.6551724137931034 141
1737429077719 0.7714285714285715 142
1737429078036 0.7073170731707317 143
1737429078353 0.8 144
1737429078669 0.7241379310344828 145
1737429078986 0.7105263157894737 146
1737429079302 0.7272727272727273 147
1737429079621 0.6363636363636364 148
1737429079939 0.7380952380952381 149
1737429080256 0.8205128205128205 150
1737429080574 0.75 151
1737429080892 0.8 152
1737429081209 0.7586206896551724 153
1737429081527 0.9166666666666666 154
1737429081843 0.9444444444444444 155
1737429082161 0.75 156
1737429082479 0.7241379310344828 157
1737429082796 0.7692307692307693 158
1737429083113 0.7 159
1737429083432 0.7142857142857143 160
1737429083751 0.7837837837837838 161
1737429084067 0.8571428571428571 162
1737429084384 0.8064516129032258 163
1737429084701 0.8857142857142857 164
1737429085018 0.6190476190476191 165
1737429085336 0.88 166
1737429085652 0.7948717948717948 167
1737429085966 0.8108108108108109 168
1737429086284 0.7428571428571429 169
1737429086602 0.7692307692307693 170
1737429086919 0.8857142857142857 171
1737429087235 0.8484848484848485 172
1737429087552 0.7608695652173914 173
1737429087870 0.8181818181818182 174
1737429088186 0.6590909090909091 175
1737429088503 0.7058823529411765 176
1737429088821 0.7317073170731707 177
1737429089142 0.8387096774193549 178
1737429089461 0.7916666666666666 179
1737429089777 0.8620689655172413 180
1737429090095 0.9047619047619048 181
1737429090412 0.75 182
1737429090729 0.7714285714285715 183
1737429091045 0.78125 184
1737429091361 0.7666666666666667 185
1737429091678 0.7931034482758621 186
1737429091996 0.8333333333333334 187
1737429092315 0.7931034482758621 188
1737429092633 0.8 189
1737429092950 0.9666666666666667 190
1737429093268 0.8529411764705882 191
1737429093585 0.7241379310344828 192
1737429093903 0.7058823529411765 193
1737429094220 0.6785714285714286 194
1737429094536 0.8709677419354839 195
1737429094855 0.7105263157894737 196
1737429095171 0.6296296296296297 197
1737429095488 0.6944444444444444 198
1737429095807 0.8181818181818182 199
1737429096127 0.78125 200
1737429096446 0.7575757575757576 201
1737429096762 0.76 202
1737429097079 0.8333333333333334 203
1737429097396 0.9 204
1737429097715 0.8846153846153846 205
1737429098031 0.7241379310344828 206
1737429098346 0.7352941176470589 207
1737429098664 0.8529411764705882 208
1737429098982 0.8 209
1737429099300 0.7948717948717948 210
1737429099615 0.782608695652174 211
1737429099931 0.75 212
1737429100251 0.7878787878787878 213
1737429100571 0.8648648648648649 214
1737429100887 0.8888888888888888 215
1737429101205 0.8620689655172413 216
1737429101522 0.8108108108108109 217
1737429101837 0.9642857142857143 218
1737429102154 0.9259259259259259 219
1737429102471 0.7916666666666666 220
1737429102789 0.7567567567567568 221
1737429103107 0.7941176470588235 222
1737429103425 0.6896551724137931 223
1737429103742 0.75 224
1737429104060 0.875 225
1737429104376 0.8148148148148148 226
1737429104693 0.7241379310344828 227
1737429105011 0.8571428571428571 228
1737429105328 0.7916666666666666 229
1737429105646 0.68 230
1737429105963 0.8285714285714286 231
1737429106282 0.78125 232
1737429106597 0.7692307692307693 233
1737429106913 0.7666666666666667 234
1737429107233 0.6206896551724138 235
1737429107552 0.8611111111111112 236
1737429107870 0.9444444444444444 237
1737429108188 0.8787878787878788 238
1737429108506 0.6666666666666666 239
1737429108823 0.7058823529411765 240
1737429109139 0.6857142857142857 241
1737429109455 0.8285714285714286 242
1737429109777 0.7777777777777778 243
1737429110094 0.7 244
1737429110411 0.825 245
1737429110727 0.8214285714285714 246
1737429111046 0.7352941176470589 247
1737429111366 0.7631578947368421 248
1737429111689 0.75 249
1737429112009 0.8518518518518519 250
1737429112325 0.84 251
1737429112643 0.6774193548387096 252
1737429112959 0.6388888888888888 253
1737429113278 0.7142857142857143 254
1737429113596 0.8108108108108109 255
1737429113914 0.6296296296296297 256
1737429114232 0.7575757575757576 257
1737429114550 0.8 258
1737429114869 0.8235294117647058 259
1737429115186 0.7931034482758621 260
1737429115506 0.8888888888888888 261
1737429115824 0.782608695652174 262
1737429116141 0.9 263
1737429116459 0.9230769230769231 264
1737429116777 0.9090909090909091 265
1737429117095 0.7586206896551724 266
1737429117413 0.6857142857142857 267
1737429117730 0.7741935483870968 268
1737429118046 0.7272727272727273 269
1737429118365 0.8387096774193549 270
1737429118682 0.7352941176470589 271
1737429118999 0.8108108108108109 272
1737429119318 0.8076923076923077 273
1737429119636 0.8695652173913043 274
1737429119954 0.8333333333333334 275
1737429120274 0.782608695652174 276
1737429120591 0.8275862068965517 277
1737429120910 0.8157894736842105 278
1737429121228 0.8125 279
1737429121545 0.7241379310344828 280
1737429121862 0.8181818181818182 281
1737429122180 0.71875 282
1737429122496 0.9142857142857143 283
1737429122815 0.8461538461538461 284
1737429123131 0.7586206896551724 285
1737429123448 0.8571428571428571 286
1737429123767 0.96875 287
1737429124084 0.7941176470588235 288
1737429124404 0.8461538461538461 289
1737429124719 0.7948717948717948 290
1737429125037 0.7647058823529411 291
1737429125354 0.7631578947368421 292
1737429125672 0.8484848484848485 293
1737429125990 0.8108108108108109 294
1737429126306 0.9032258064516129 295
1737429126623 0.7931034482758621 296
1737429126941 0.8064516129032258 297
1737429127260 0.717948717948718 298
1737429127578 0.8409090909090909 299
1737429127895 0.6666666666666666 300
1737429128213 0.7058823529411765 301
1737429128532 0.7666666666666667 302
1737429128850 0.896551724137931 303
1737429129173 0.9354838709677419 304
1737429129507 0.7692307692307693 305
1737429129832 0.7241379310344828 306
1737429130154 0.7931034482758621 307
1737429130472 0.9117647058823529 308
1737429130789 0.6666666666666666 309
1737429131108 0.675 310
1737429131425 0.7878787878787878 311
1737429131742 0.65 312
1737429132060 0.9117647058823529 313
1737429132381 0.8285714285714286 314
1737429132700 0.8857142857142857 315
1737429133013 0.918918918918919 316
1737429133330 0.8611111111111112 317
1737429133650 0.75 318
1737429133969 0.6896551724137931 319
1737429134286 0.8235294117647058 320
1737429134602 0.7142857142857143 321
1737429134921 0.8918918918918919 322
1737429135241 0.8125 323
1737429135559 0.7878787878787878 324
1737429135878 0.7575757575757576 325
1737429136194 0.9117647058823529 326
1737429136513 0.7435897435897436 327
1737429136831 0.7714285714285715 328
1737429137149 0.7407407407407407 329
1737429137467 0.8108108108108109 330
1737429137783 0.72 331
1737429138099 0.8709677419354839 332
1737429138420 0.7619047619047619 333
1737429138739 0.9210526315789473 334
1737429139055 0.8387096774193549 335
1737429139371 0.8518518518518519 336
1737429139690 0.7142857142857143 337
1737429140012 0.7297297297297297 338
1737429140332 0.71875 339
1737429140652 0.8125 340
1737429140971 0.7419354838709677 341
1737429141287 0.9230769230769231 342
1737429141610 0.8125 343
1737429141927 0.8529411764705882 344
1737429142244 0.8636363636363636 345
1737429142567 0.896551724137931 346
1737429142885 0.8461538461538461 347
1737429143201 0.8571428571428571 348
1737429143518 0.8333333333333334 349
1737429143838 0.9310344827586207 350
1737429144160 0.8484848484848485 351
1737429144480 0.75 352
1737429144799 0.7272727272727273 353
1737429145117 0.696969696969697 354
1737429145434 0.696969696969697 355
1737429145749 0.7027027027027027 356
1737429146065 0.7777777777777778 357
1737429146383 0.8620689655172413 358
1737429146699 0.8709677419354839 359
1737429147017 0.8387096774193549 360
1737429147334 0.85 361
1737429147653 0.8108108108108109 362
1737429147972 0.8947368421052632 363
1737429148288 0.7741935483870968 364
1737429148605 0.7297297297297297 365
1737429148922 0.6363636363636364 366
1737429149241 0.8648648648648649 367
1737429149558 0.8333333333333334 368
1737429149875 0.8484848484848485 369
1737429150192 0.72 370
1737429150511 0.8484848484848485 371
1737429150829 0.8387096774193549 372
1737429151146 0.6756756756756757 373
1737429151465 0.7333333333333333 374
1737429151782 0.868421052631579 375
1737429152102 0.8125 376
1737429152420 0.7567567567567568 377
1737429152739 0.6829268292682927 378
1737429153059 0.8214285714285714 379
1737429153378 0.6764705882352942 380
1737429153695 0.75 381
1737429154011 0.896551724137931 382
1737429154329 0.7948717948717948 383
1737429154646 0.8333333333333334 384
1737429154965 0.8378378378378378 385
1737429155281 0.8125 386
1737429155601 0.7567567567567568 387
1737429155919 0.6 388
1737429156239 0.7142857142857143 389
1737429156555 0.84375 390
1737429156874 0.8857142857142857 391
1737429157191 0.7586206896551724 392
1737429157509 0.8974358974358975 393
1737429157826 0.6571428571428571 394
1737429158143 0.8857142857142857 395
1737429158460 0.7586206896551724 396
1737429158777 0.9166666666666666 397
1737429159098 0.6666666666666666 398
1737429159414 0.7647058823529411 399
1737429159732 0.78125 400
1737429160049 0.9565217391304348 401
1737429160367 0.9117647058823529 402
1737429160685 0.7878787878787878 403
1737429161003 0.6571428571428571 404
1737429161318 0.6944444444444444 405
1737429161640 0.7804878048780488 406
1737429161959 0.8918918918918919 407
1737429162275 0.7241379310344828 408
1737429162593 0.8055555555555556 409
1737429162910 0.775 410
1737429163229 0.9333333333333333 411
1737429163547 0.8064516129032258 412
1737429163864 0.8484848484848485 413
1737429164180 0.8 414
1737429164498 0.7586206896551724 415
1737429164816 0.8387096774193549 416
1737429165136 0.7878787878787878 417
1737429165455 0.8275862068965517 418
1737429165773 0.8709677419354839 419
1737429166092 0.7272727272727273 420
1737429166409 0.8947368421052632 421
1737429166728 0.9333333333333333 422
1737429167045 0.9130434782608695 423
1737429167362 0.7272727272727273 424
1737429167680 0.7096774193548387 425
1737429167998 0.7575757575757576 426
1737429168317 0.7941176470588235 427
1737429168636 0.9473684210526315 428
1737429168954 0.9117647058823529 429
1737429169275 0.8888888888888888 430
1737429169594 0.8 431
1737429169914 0.7428571428571429 432
1737429170232 0.7560975609756098 433
1737429170550 0.71875 434
1737429170868 0.9459459459459459 435
1737429171184 0.71875 436
1737429171504 0.8529411764705882 437
1737429171826 0.75 438
1737429172143 0.8484848484848485 439
1737429172463 0.8387096774193549 440
1737429172780 0.8378378378378378 441
1737429173099 0.6666666666666666 442
1737429173415 0.7692307692307693 443
1737429173734 0.7096774193548387 444
1737429174053 0.8387096774193549 445
1737429174373 0.8636363636363636 446
1737429174691 0.8620689655172413 447
1737429175008 0.8181818181818182 448
1737429175325 0.8571428571428571 449
1737429175644 0.8125 450
1737429175961 0.8333333333333334 451
1737429176278 0.7142857142857143 452
1737429176596 0.5454545454545454 453
1737429176914 0.8333333333333334 454
1737429177232 0.7631578947368421 455
1737429177550 0.9 456
1737429177866 0.8 457
1737429178183 0.9655172413793104 458
1737429178501 0.8571428571428571 459
1737429178819 0.9259259259259259 460
1737429179137 0.8571428571428571 461
1737429179454 0.625 462
1737429179769 0.8 463
1737429180090 0.8095238095238095 464
1737429180408 0.8947368421052632 465
1737429180725 0.8378378378378378 466
1737429181043 0.8837209302325582 467
1737429181362 0.7027027027027027 468
1737429181678 0.8 469
1737429181996 0.7037037037037037 470
1737429182313 0.8888888888888888 471
1737429182635 0.9 472
1737429182952 0.88 473
1737429183269 0.84375 474
1737429183588 0.8125 475
1737429183906 0.8846153846153846 476
1737429184224 0.9393939393939394 477
1737429184541 0.8979591836734694 478
1737429184859 0.6829268292682927 479
1737429185175 0.8484848484848485 480
1737429185492 0.7441860465116279 481
1737429185809 0.8285714285714286 482
1737429186129 0.7647058823529411 483
1737429186449 0.7333333333333333 484
1737429186764 0.7333333333333333 485
1737429187082 0.8 486
1737429187400 0.8974358974358975 487
1737429187720 0.9142857142857143 488
1737429188038 0.7142857142857143 489
1737429188357 0.775 490
1737429188672 0.8611111111111112 491
1737429188991 0.7297297297297297 492
1737429189308 0.8108108108108109 493
1737429189626 0.6666666666666666 494
1737429189941 0.696969696969697 495
1737429190258 0.8064516129032258 496
1737429190574 0.875 497
1737429190891 0.9375 498
1737429191209 0.7419354838709677 499
1737429191526 0.8484848484848485 500
1737429191844 0.7105263157894737 501
1737429192162 0.8787878787878788 502
1737429192479 0.6818181818181818 503
1737429192797 0.8285714285714286 504
1737429193115 0.7142857142857143 505
1737429193432 0.8461538461538461 506
1737429193751 0.8571428571428571 507
1737429194066 0.8 508
1737429194383 0.8333333333333334 509
1737429194702 0.8529411764705882 510
1737429195019 0.8333333333333334 511
1737429195337 0.8857142857142857 512
1737429195652 0.696969696969697 513
1737429195969 0.8571428571428571 514
1737429196286 0.9375 515
1737429196606 0.7142857142857143 516
1737429196921 0.8 517
1737429197237 0.8837209302325582 518
1737429197555 0.6857142857142857 519
1737429197872 0.7647058823529411 520
1737429198189 0.8484848484848485 521
1737429198507 0.9375 522
1737429198825 0.6470588235294118 523
1737429199142 0.8571428571428571 524
1737429199460 0.9333333333333333 525
1737429199780 0.8333333333333334 526
1737429200099 0.8648648648648649 527
1737429200415 0.7 528
1737429200735 0.8157894736842105 529
1737429201052 0.92 530
1737429201372 0.8 531
1737429201690 0.918918918918919 532
1737429202010 0.8 533
1737429202329 0.75 534
1737429202648 0.8 535
1737429202965 0.8857142857142857 536
1737429203283 0.84 537
1737429203601 0.7142857142857143 538
1737429203917 0.8536585365853658 539
1737429204235 0.8378378378378378 540
1737429204552 0.875 541
1737429204870 0.8571428571428571 542
1737429205186 0.896551724137931 543
1737429205504 0.8666666666666667 544
1737429205821 0.8787878787878788 545
1737429206140 0.8076923076923077 546
1737429206458 0.8421052631578947 547
1737429206773 0.9354838709677419 548
1737429207092 0.9333333333333333 549
1737429207411 0.9629629629629629 550
1737429207729 0.8571428571428571 551
1737429208045 0.8518518518518519 552
1737429208360 0.5925925925925926 553
1737429208676 0.696969696969697 554
1737429208995 0.7096774193548387 555
1737429209314 0.8 556
1737429209632 0.8636363636363636 557
1737429209949 0.71875 558
1737429210268 0.8333333333333334 559
1737429210584 0.8076923076923077 560
1737429210902 0.8888888888888888 561
1737429211219 0.8636363636363636 562
1737429211535 0.7272727272727273 563
1737429211853 0.7857142857142857 564
1737429212172 0.8709677419354839 565
1737429212488 0.8928571428571429 566
1737429212805 0.8571428571428571 567
1737429213124 0.8055555555555556 568
1737429213441 0.9090909090909091 569
1737429213759 0.8235294117647058 570
1737429214077 0.8 571
1737429214396 0.8709677419354839 572
1737429214713 0.7777777777777778 573
1737429215032 0.8 574
1737429215350 0.8928571428571429 575
1737429215669 0.896551724137931 576
1737429215988 0.9629629629629629 577
1737429216307 0.7941176470588235 578
1737429216623 0.875 579
1737429216939 0.8125 580
1737429217257 0.92 581
1737429217576 0.8333333333333334 582
1737429217894 0.7931034482758621 583
1737429218210 0.7142857142857143 584
1737429218528 0.7741935483870968 585
1737429218849 0.9032258064516129 586
1737429219168 0.8387096774193549 587
1737429219485 0.78125 588
1737429219803 0.8648648648648649 589
1737429220120 0.8 590
1737429220438 0.825 591
1737429220755 0.9090909090909091 592
1737429221073 0.7297297297297297 593
1737429221391 0.7878787878787878 594
1737429221708 0.8928571428571429 595
1737429222025 0.7419354838709677 596
1737429222342 0.6875 597
1737429222662 0.8787878787878788 598
1737429222983 0.9230769230769231 599
1737429223299 0.85 600
1737429223617 0.84 601
1737429223935 0.7941176470588235 602
1737429224253 0.8888888888888888 603
1737429224572 0.7741935483870968 604
1737429224893 0.7333333333333333 605
1737429225209 0.7916666666666666 606
1737429225527 0.7575757575757576 607
1737429225846 0.8378378378378378 608
1737429226164 0.8181818181818182 609
1737429226483 0.8695652173913043 610
1737429226802 0.8 611
1737429227118 0.9032258064516129 612
1737429227436 0.8055555555555556 613
1737429227753 0.9166666666666666 614
1737429228070 0.8620689655172413 615
1737429228391 0.7692307692307693 616
1737429228708 0.7575757575757576 617
1737429229025 0.8125 618
1737429229344 0.8214285714285714 619
1737429229665 0.8333333333333334 620
1737429229982 0.8928571428571429 621
1737429230298 0.696969696969697 622
1737429230615 0.8620689655172413 623
1737429230933 0.8484848484848485 624
1737429231250 0.9166666666666666 625
1737429231575 0.8857142857142857 626
1737429231895 0.875 627
1737429232210 0.7894736842105263 628
1737429232528 0.7435897435897436 629
1737429232847 0.7037037037037037 630
1737429233164 0.6842105263157895 631
1737429233482 0.9117647058823529 632
1737429233798 0.8529411764705882 633
1737429234114 0.8846153846153846 634
1737429234434 0.9032258064516129 635
1737429234751 0.84375 636
1737429235068 0.9354838709677419 637
1737429235386 0.8823529411764706 638
1737429235702 0.8846153846153846 639
1737429236020 0.8333333333333334 640
1737429236341 0.9393939393939394 641
1737429236661 0.84375 642
1737429236979 0.8571428571428571 643
1737429237297 0.7209302325581395 644
1737429237616 0.8 645
1737429237933 0.7741935483870968 646
1737429238253 0.7352941176470589 647
1737429238571 0.7666666666666667 648
1737429238889 0.8888888888888888 649
1737429239207 0.9090909090909091 650
1737429239523 0.8064516129032258 651
1737429239840 0.8611111111111112 652
1737429240157 0.9615384615384616 653
1737429240477 0.8974358974358975 654
1737429240795 0.8857142857142857 655
1737429241113 0.7647058823529411 656
1737429241431 0.78125 657
1737429241749 0.6923076923076923 658
1737429242066 0.7441860465116279 659
1737429242384 0.8055555555555556 660
1737429242702 0.71875 661
1737429243020 0.7857142857142857 662
1737429243337 0.7428571428571429 663
1737429243654 0.8709677419354839 664
1737429243975 0.9285714285714286 665
1737429244292 0.68 666
1737429244607 0.9310344827586207 667
1737429244926 0.7419354838709677 668
1737429245242 0.9629629629629629 669
1737429245561 0.7727272727272727 670
1737429245879 0.6470588235294118 671
1737429246195 0.8235294117647058 672
1737429246515 0.7741935483870968 673
1737429246834 0.9487179487179487 674
1737429247150 0.7073170731707317 675
1737429247466 0.6756756756756757 676
1737429247784 0.7837837837837838 677
1737429248104 0.7894736842105263 678
1737429248424 0.6875 679
1737429248742 0.8292682926829268 680
1737429249059 0.88 681
1737429249378 0.8571428571428571 682
1737429249694 0.825 683
1737429250011 0.9166666666666666 684
1737429250328 0.8529411764705882 685
1737429250648 0.75 686
1737429250966 0.8260869565217391 687
1737429251285 0.8333333333333334 688
1737429251604 0.8421052631578947 689
1737429251922 0.7777777777777778 690
1737429252237 0.8333333333333334 691
1737429252555 0.6571428571428571 692
1737429252874 0.8333333333333334 693
1737429253190 0.8823529411764706 694
1737429253506 0.8 695
1737429253826 0.775 696
1737429254145 0.8181818181818182 697
1737429254464 0.7222222222222222 698
1737429254780 0.8292682926829268 699
1737429255098 0.8108108108108109 700
1737429255418 0.8333333333333334 701
1737429255735 0.8 702
1737429256054 0.8666666666666667 703
1737429256375 0.7894736842105263 704
1737429256691 0.7777777777777778 705
1737429257011 0.9333333333333333 706
1737429257326 0.8333333333333334 707
1737429257644 0.9032258064516129 708
1737429257962 0.7272727272727273 709
1737429258280 0.918918918918919 710
1737429258596 0.8378378378378378 711
1737429258914 0.8064516129032258 712
1737429259232 0.8928571428571429 713
1737429259552 0.8378378378378378 714
1737429259870 0.7666666666666667 715
1737429260189 0.775 716
1737429260508 0.7333333333333333 717
1737429260826 0.8333333333333334 718
1737429261145 0.7714285714285715 719
1737429261463 0.8095238095238095 720
1737429261780 0.8205128205128205 721
1737429262098 0.7714285714285715 722
1737429262416 0.9090909090909091 723
1737429262734 0.8928571428571429 724
1737429263053 0.8387096774193549 725
1737429263387 0.9032258064516129 726
1737429263705 0.8461538461538461 727
1737429264022 0.9629629629629629 728
1737429264341 0.8333333333333334 729
1737429264659 0.8484848484848485 730
1737429264977 0.9166666666666666 731
1737429265296 0.9333333333333333 732
1737429265613 0.7407407407407407 733
1737429265929 0.8974358974358975 734
1737429266247 0.7714285714285715 735
1737429266564 0.71875 736
1737429266882 0.8214285714285714 737
1737429267202 0.8620689655172413 738
1737429267519 0.7575757575757576 739
1737429267837 0.84 740
1737429268153 0.8333333333333334 741
1737429268470 0.8484848484848485 742
1737429268788 0.896551724137931 743
1737429269107 0.8529411764705882 744
1737429269425 0.8333333333333334 745
1737429269746 0.8928571428571429 746
1737429270063 0.8125 747
1737429270382 0.8529411764705882 748
1737429270701 0.717948717948718 749
1737429271017 0.7777777777777778 750
1737429271336 0.6875 751
1737429271654 0.6486486486486487 752
1737429271972 0.90625 753
1737429272290 0.8333333333333334 754
1737429272609 0.696969696969697 755
1737429272925 0.9428571428571428 756
1737429273245 0.8823529411764706 757
1737429273564 0.9310344827586207 758
1737429273881 0.8421052631578947 759
1737429274200 0.8125 760
1737429274518 0.84375 761
1737429274836 0.9032258064516129 762
1737429275155 0.896551724137931 763
1737429275472 0.84375 764
1737429275795 0.7647058823529411 765
1737429276114 0.7741935483870968 766
1737429276433 0.7894736842105263 767
1737429276750 0.7906976744186046 768
1737429277070 0.967741935483871 769
1737429277389 0.8285714285714286 770
1737429277708 0.9 771
1737429278025 0.7647058823529411 772
1737429278345 0.9459459459459459 773
1737429278662 0.7407407407407407 774
1737429278981 0.8529411764705882 775
1737429279299 0.8181818181818182 776
1737429279617 0.8333333333333334 777
1737429279937 0.7142857142857143 778
1737429280252 0.8157894736842105 779
1737429280572 0.6060606060606061 780
1737429280889 0.9142857142857143 781
1737429281207 0.8214285714285714 782
1737429281525 0.9285714285714286 783
1737429281845 0.8181818181818182 784
1737429282162 0.9411764705882353 785
1737429282479 0.9259259259259259 786
1737429282797 0.8857142857142857 787
1737429283118 0.967741935483871 788
1737429283435 0.7714285714285715 789
1737429283751 0.8 790
1737429284071 0.7297297297297297 791
1737429284388 0.813953488372093 792
1737429284705 0.782608695652174 793
1737429285021 0.7777777777777778 794
1737429285339 0.9047619047619048 795
1737429285657 0.7575757575757576 796
1737429285975 0.775 797
1737429286291 0.9512195121951219 798
1737429286609 0.7741935483870968 799
1737429286927 0.8235294117647058 800
1737429287252 0.92 801
1737429287571 0.8333333333333334 802
1737429287888 0.88 803
1737429288207 0.8571428571428571 804
1737429288526 0.9411764705882353 805
1737429288844 0.7941176470588235 806
1737429289160 0.8214285714285714 807
1737429289478 0.8387096774193549 808
1737429289797 0.9032258064516129 809
1737429290115 0.8461538461538461 810
1737429290433 0.6764705882352942 811
1737429290750 0.8064516129032258 812
1737429291068 0.88 813
1737429291387 0.8666666666666667 814
1737429291715 0.9285714285714286 815
1737429292035 0.8421052631578947 816
1737429292360 0.7931034482758621 817
1737429292679 0.7941176470588235 818
1737429292997 0.8378378378378378 819
1737429293315 0.6666666666666666 820
1737429293633 0.8285714285714286 821
1737429293954 0.7692307692307693 822
1737429294273 0.8205128205128205 823
1737429294594 0.7954545454545454 824
1737429294911 0.8604651162790697 825
1737429295230 0.8888888888888888 826
1737429295549 0.7586206896551724 827
1737429295864 0.9545454545454546 828
1737429296182 0.90625 829
1737429296500 0.7894736842105263 830
1737429296818 0.9393939393939394 831
1737429297137 0.8717948717948718 832
1737429297458 0.8205128205128205 833
1737429297775 0.7407407407407407 834
1737429298093 0.9642857142857143 835
1737429298410 0.9032258064516129 836
1737429298730 0.8709677419354839 837
1737429299048 0.8064516129032258 838
1737429299364 0.7714285714285715 839
1737429299682 0.8333333333333334 840
1737429300000 0.7037037037037037 841
1737429300323 0.8484848484848485 842
1737429300640 0.8484848484848485 843
1737429300959 0.8285714285714286 844
1737429301277 0.896551724137931 845
1737429301597 0.8 846
1737429301915 0.7428571428571429 847
1737429302233 0.8709677419354839 848
1737429302551 0.8055555555555556 849
1737429302869 0.7837837837837838 850
1737429303187 0.7619047619047619 851
1737429303505 0.8604651162790697 852
1737429303822 0.90625 853
1737429304139 0.8857142857142857 854
1737429304454 0.9411764705882353 855
1737429304771 0.8387096774193549 856
1737429305089 0.717948717948718 857
1737429305410 0.7931034482758621 858
1737429305730 0.8823529411764706 859
1737429306047 0.8235294117647058 860
1737429306365 0.8518518518518519 861
1737429306580 0.75 862
1737429324075 0.8571428571428571 863
1737429324395 0.8529411764705882 864
1737429324712 0.7777777777777778 865
1737429325028 0.9259259259259259 866
1737429325346 0.8695652173913043 867
1737429325663 0.8148148148148148 868
1737429325981 0.875 869
1737429326296 0.8529411764705882 870
1737429326613 0.7407407407407407 871
1737429326930 0.8529411764705882 872
1737429327250 0.8125 873
1737429327568 0.8648648648648649 874
1737429327885 0.6206896551724138 875
1737429328202 0.7878787878787878 876
1737429328520 0.8064516129032258 877
1737429328834 0.8157894736842105 878
1737429329149 0.9 879
1737429329466 0.9047619047619048 880
1737429329784 0.8125 881
1737429330100 0.8 882
1737429330418 0.9428571428571428 883
1737429330736 0.8064516129032258 884
1737429331053 0.7272727272727273 885
1737429331371 0.7777777777777778 886
1737429331689 0.8064516129032258 887
1737429332007 0.8214285714285714 888
1737429332328 0.8888888888888888 889
1737429332645 0.7647058823529411 890
1737429332962 0.9090909090909091 891
1737429333279 0.9166666666666666 892
1737429333596 0.75 893
1737429333915 1.0 894
1737429334233 0.8636363636363636 895
1737429334550 0.7777777777777778 896
1737429334870 0.8387096774193549 897
1737429335187 0.8108108108108109 898
1737429335507 0.7105263157894737 899
1737429335824 0.8235294117647058 900
1737429336140 0.8285714285714286 901
1737429336456 0.7058823529411765 902
1737429336776 0.8055555555555556 903
1737429337094 0.6896551724137931 904
1737429337411 0.8064516129032258 905
1737429337728 0.75 906
1737429338049 0.9166666666666666 907
1737429338367 0.7878787878787878 908
1737429338684 0.7560975609756098 909
1737429338999 0.896551724137931 910
1737429339317 0.9615384615384616 911
1737429339636 0.84375 912
1737429339953 0.868421052631579 913
1737429340270 0.7837837837837838 914
1737429340587 0.8648648648648649 915
1737429340905 0.875 916
1737429341223 0.7941176470588235 917
1737429341541 0.8055555555555556 918
1737429341858 0.7906976744186046 919
1737429342179 0.8518518518518519 920
1737429342501 0.7931034482758621 921
1737429342819 0.7741935483870968 922
1737429343139 0.9130434782608695 923
1737429343454 0.8928571428571429 924
1737429343772 0.9032258064516129 925
1737429344091 0.9333333333333333 926
1737429344408 0.7647058823529411 927
1737429344725 0.8571428571428571 928
1737429345045 0.9230769230769231 929
1737429345365 0.9230769230769231 930
1737429345685 0.9210526315789473 931
1737429346000 0.7586206896551724 932
1737429346316 0.8484848484848485 933
1737429346636 0.6857142857142857 934
1737429346954 0.8648648648648649 935
1737429347271 0.8055555555555556 936
1737429347589 0.8125 937
1737429347906 0.9310344827586207 938
1737429348226 0.8484848484848485 939
1737429348544 0.9259259259259259 940
1737429348860 0.9642857142857143 941
1737429349181 0.7948717948717948 942
1737429349499 0.7419354838709677 943
1737429349817 0.8666666666666667 944
1737429350134 0.8571428571428571 945
1737429350452 0.8484848484848485 946
1737429350769 0.8666666666666667 947
1737429351086 0.9354838709677419 948
1737429351424 0.8214285714285714 949
1737429351748 0.8387096774193549 950
1737429352066 0.875 951
1737429352386 0.88 952
1737429352705 0.8148148148148148 953
1737429353023 0.8709677419354839 954
1737429353337 0.725 955
1737429353655 0.6842105263157895 956
1737429353972 0.7666666666666667 957
1737429354288 0.8636363636363636 958
1737429354609 0.9090909090909091 959
1737429354927 0.90625 960
1737429355245 0.8064516129032258 961
1737429355560 0.8205128205128205 962
1737429355878 0.8461538461538461 963
1737429356195 0.8064516129032258 964
1737429356514 0.8076923076923077 965
1737429356834 0.7297297297297297 966
1737429357149 0.8888888888888888 967
1737429357466 0.9310344827586207 968
1737429357784 0.9642857142857143 969
1737429358104 0.8947368421052632 970
1737429358422 0.75 971
1737429358741 0.9090909090909091 972
1737429359056 0.7692307692307693 973
1737429359375 0.7619047619047619 974
1737429359691 0.8285714285714286 975
1737429360008 0.8709677419354839 976
1737429360333 0.8421052631578947 977
1737429360650 0.8214285714285714 978
1737429360967 0.9 979
1737429361284 0.9459459459459459 980
1737429361601 0.8787878787878788 981
1737429361921 0.8918918918918919 982
1737429362238 0.9142857142857143 983
1737429362553 0.8235294117647058 984
1737429362869 0.8076923076923077 985
1737429363187 0.8285714285714286 986
1737429363506 0.7714285714285715 987
1737429363824 0.9629629629629629 988
1737429364144 0.9411764705882353 989
1737429364462 0.8787878787878788 990
1737429364779 0.8571428571428571 991
1737429365096 0.9090909090909091 992
1737429365414 0.8148148148148148 993
1737429365733 0.8620689655172413 994
1737429366049 0.90625 995
1737429366368 0.9428571428571428 996
1737429366685 0.7894736842105263 997
1737429367002 0.9117647058823529 998
1737429367319 0.8846153846153846 999
1737429367637 0.8709677419354839 1000
1737429367957 0.92 1001
1737429368274 0.8571428571428571 1002
1737429368592 0.8076923076923077 1003
1737429368912 0.8285714285714286 1004
1737429369233 0.8529411764705882 1005
1737429369549 0.8620689655172413 1006
1737429369868 0.8148148148148148 1007
1737429370186 0.8055555555555556 1008
1737429370505 0.8125 1009
1737429370822 0.75 1010
1737429371139 0.9428571428571428 1011
1737429371456 0.9 1012
1737429371775 0.8333333333333334 1013
1737429372092 0.9310344827586207 1014
1737429372408 0.7714285714285715 1015
1737429372726 0.9230769230769231 1016
1737429373043 0.95 1017
1737429373396 0.9473684210526315 1018
1737429373716 0.9285714285714286 1019
1737429374033 0.8888888888888888 1020
1737429374353 0.875 1021
1737429374669 0.8064516129032258 1022
1737429374988 0.8823529411764706 1023
1737429375305 0.8837209302325582 1024
1737429375624 0.9032258064516129 1025
1737429375941 0.9166666666666666 1026
1737429376259 0.76 1027
1737429376575 0.9375 1028
1737429376892 0.8918918918918919 1029
1737429377209 0.8857142857142857 1030
1737429377539 0.8 1031
1737429377856 0.9375 1032
1737429378172 0.9166666666666666 1033
1737429378492 0.9090909090909091 1034
1737429378808 0.8837209302325582 1035
1737429379126 0.8787878787878788 1036
1737429379445 0.8048780487804879 1037
1737429379760 0.8484848484848485 1038
1737429380078 0.8333333333333334 1039
1737429380397 0.8421052631578947 1040
1737429380717 0.8 1041
1737429381034 0.8928571428571429 1042
1737429381355 1.0 1043
1737429381671 0.8214285714285714 1044
1737429381991 0.84375 1045
1737429382308 0.8709677419354839 1046
1737429382627 0.92 1047
1737429382946 0.8518518518518519 1048
1737429383266 0.9411764705882353 1049
1737429383583 0.9642857142857143 1050
1737429383901 0.8235294117647058 1051
1737429384218 0.9310344827586207 1052
1737429384536 0.8529411764705882 1053
1737429384854 0.7777777777777778 1054
1737429385169 0.8125 1055
1737429385487 0.8064516129032258 1056
1737429385807 0.8823529411764706 1057
1737429386126 0.8157894736842105 1058
1737429386442 0.8695652173913043 1059
1737429386759 0.8387096774193549 1060
1737429387077 0.8611111111111112 1061
1737429387397 0.9285714285714286 1062
1737429387716 0.8235294117647058 1063
1737429388032 0.9166666666666666 1064
1737429388351 0.92 1065
1737429388673 0.8823529411764706 1066
1737429389010 0.9285714285714286 1067
1737429389325 0.8214285714285714 1068
1737429389641 0.8928571428571429 1069
1737429389959 0.967741935483871 1070
1737429390276 0.8571428571428571 1071
1737429390593 0.8888888888888888 1072
1737429390910 0.9230769230769231 1073
1737429391235 0.8518518518518519 1074
1737429391553 0.8620689655172413 1075
1737429391871 0.9487179487179487 1076
1737429392188 0.9310344827586207 1077
1737429392507 0.8709677419354839 1078
1737429392827 0.8372093023255814 1079
1737429393144 0.9696969696969697 1080
1737429393461 0.9 1081
1737429393779 0.8846153846153846 1082
1737429394096 0.8285714285714286 1083
1737429394414 0.8275862068965517 1084
1737429394733 0.8571428571428571 1085
1737429395050 0.8888888888888888 1086
1737429395370 0.918918918918919 1087
1737429395688 0.8888888888888888 1088
1737429396006 0.8846153846153846 1089
1737429396322 0.8484848484848485 1090
1737429396640 0.8846153846153846 1091
1737429396960 0.7407407407407407 1092
1737429397280 0.8461538461538461 1093
1737429397601 0.8709677419354839 1094
1737429397919 0.8461538461538461 1095
1737429398237 0.8709677419354839 1096
1737429398554 0.8214285714285714 1097
1737429398873 0.9393939393939394 1098
1737429399189 1.0 1099
1737429399505 1.0 1100
1737429399822 0.7931034482758621 1101
1737429400139 0.8148148148148148 1102
1737429400455 0.8275862068965517 1103
1737429400770 0.8484848484848485 1104
1737429401088 0.8157894736842105 1105
1737429401405 0.75 1106
1737429401724 0.85 1107
1737429402040 0.8387096774193549 1108
1737429402356 0.8709677419354839 1109
1737429402674 0.8888888888888888 1110
1737429402993 0.8333333333333334 1111
1737429403310 0.9 1112
1737429403629 0.8695652173913043 1113
1737429403948 0.9545454545454546 1114
1737429404265 0.8888888888888888 1115
1737429404584 0.8235294117647058 1116
1737429404899 0.9032258064516129 1117
1737429405217 0.8333333333333334 1118
1737429405536 0.8666666666666667 1119
1737429405854 0.8611111111111112 1120
1737429406172 0.7307692307692307 1121
1737429406490 0.8064516129032258 1122
1737429406805 0.9629629629629629 1123
1737429407124 0.92 1124
1737429407440 0.9375 1125
1737429407759 0.9629629629629629 1126
1737429408077 0.9142857142857143 1127
1737429408395 0.96 1128
1737429408712 0.75 1129
1737429409034 0.8275862068965517 1130
1737429409364 0.8571428571428571 1131
1737429409681 0.896551724137931 1132
1737429409999 0.7647058823529411 1133
1737429410315 0.85 1134
1737429410634 0.8620689655172413 1135
1737429410953 0.9032258064516129 1136
1737429411271 0.8461538461538461 1137
1737429411590 0.9130434782608695 1138
1737429411912 0.9259259259259259 1139
1737429412228 0.868421052631579 1140
1737429412547 0.9285714285714286 1141
1737429412865 0.9166666666666666 1142
1737429413182 0.925 1143
1737429413498 0.9230769230769231 1144
1737429413818 0.9393939393939394 1145
1737429414135 0.9642857142857143 1146
1737429414453 0.8125 1147
1737429414771 0.8857142857142857 1148
1737429415088 1.0 1149
1737429415406 0.9032258064516129 1150
1737429415730 0.9 1151
1737429416049 0.868421052631579 1152
1737429416368 0.875 1153
1737429416687 0.9142857142857143 1154
1737429417003 0.9090909090909091 1155
1737429417321 0.90625 1156
1737429417639 0.9714285714285714 1157
1737429417959 0.8888888888888888 1158
1737429418276 0.896551724137931 1159
1737429418595 0.7647058823529411 1160
1737429418914 0.925 1161
1737429419234 0.7586206896551724 1162
1737429419552 0.8709677419354839 1163
1737429419869 0.8125 1164
1737429420189 0.9090909090909091 1165
1737429420512 0.967741935483871 1166
1737429420849 0.88 1167
1737429421168 0.8214285714285714 1168
1737429421484 0.8333333333333334 1169
1737429421802 0.8918918918918919 1170
1737429422119 0.8461538461538461 1171
1737429422437 0.7567567567567568 1172
1737429422757 0.875 1173
1737429423083 0.7297297297297297 1174
1737429423401 0.9444444444444444 1175
1737429423721 0.9090909090909091 1176
1737429424038 0.9142857142857143 1177
1737429424356 0.8974358974358975 1178
1737429424676 0.9428571428571428 1179
1737429424995 0.9032258064516129 1180
1737429425315 0.875 1181
1737429425635 0.9642857142857143 1182
1737429425953 0.9230769230769231 1183
1737429426273 1.0 1184
1737429426589 0.9032258064516129 1185
1737429426909 0.896551724137931 1186
1737429427228 0.7941176470588235 1187
1737429427546 0.8918918918918919 1188
1737429427866 0.8421052631578947 1189
1737429428185 0.8125 1190
1737429428502 0.7857142857142857 1191
1737429428821 0.9375 1192
1737429429140 0.8636363636363636 1193
1737429429457 0.9666666666666667 1194
1737429429774 0.9130434782608695 1195
1737429430094 0.9444444444444444 1196
1737429430413 0.9142857142857143 1197
1737429430730 0.8666666666666667 1198
1737429431048 0.8387096774193549 1199
1737429431365 0.75 1200
1737429431683 0.7777777777777778 1201
1737429432001 0.8823529411764706 1202
1737429432321 0.9230769230769231 1203
1737429432639 0.9743589743589743 1204
1737429432957 0.8709677419354839 1205
1737429433276 0.9090909090909091 1206
1737429433594 0.84 1207
1737429433911 0.8484848484848485 1208
1737429434229 0.972972972972973 1209
1737429434548 0.9523809523809523 1210
1737429434868 0.9354838709677419 1211
1737429435186 1.0 1212
1737429435505 0.9090909090909091 1213
1737429435824 0.8055555555555556 1214
1737429436142 0.8421052631578947 1215
1737429436460 0.8333333333333334 1216
1737429436777 0.8055555555555556 1217
1737429437096 0.9 1218
1737429437417 0.9428571428571428 1219
1737429437734 0.9259259259259259 1220
1737429438055 0.9655172413793104 1221
1737429438374 0.9285714285714286 1222
1737429438691 0.9166666666666666 1223
1737429439012 0.875 1224
1737429439329 0.9696969696969697 1225
1737429439646 0.8387096774193549 1226
1737429439963 0.875 1227
1737429440279 0.5833333333333334 1228
1737429440597 0.868421052631579 1229
1737429440914 0.8536585365853658 1230
1737429441232 0.9354838709677419 1231
1737429441552 0.84375 1232
1737429441870 0.90625 1233
1737429442188 0.896551724137931 1234
1737429442505 0.8571428571428571 1235
1737429442822 0.9583333333333334 1236
1737429443140 0.9428571428571428 1237
1737429443461 1.0 1238
1737429443776 0.8 1239
1737429444093 0.7435897435897436 1240
1737429444413 0.9230769230769231 1241
1737429444730 0.7647058823529411 1242
1737429445047 0.8333333333333334 1243
1737429445366 0.9354838709677419 1244
1737429445684 0.8857142857142857 1245
1737429446005 0.9285714285714286 1246
1737429446322 0.8571428571428571 1247
1737429446640 0.9090909090909091 1248
1737429446959 0.8787878787878788 1249
1737429447280 0.7297297297297297 1250
1737429447596 0.8709677419354839 1251
1737429447914 0.9354838709677419 1252
1737429448231 0.9428571428571428 1253
1737429448550 0.8461538461538461 1254
1737429448868 0.9210526315789473 1255
1737429449184 0.7272727272727273 1256
1737429449502 0.868421052631579 1257
1737429449820 0.8846153846153846 1258
1737429450139 0.9130434782608695 1259
1737429450457 0.875 1260
1737429450774 0.8387096774193549 1261
1737429451091 0.8125 1262
1737429451408 0.96875 1263
1737429451728 0.9705882352941176 1264
1737429452044 0.875 1265
1737429452363 0.92 1266
1737429452684 0.8888888888888888 1267
1737429453003 0.8823529411764706 1268
1737429453319 0.9473684210526315 1269
1737429453638 0.8461538461538461 1270
1737429453956 0.8 1271
1737429454272 0.7906976744186046 1272
1737429454592 0.8888888888888888 1273
1737429454910 0.8235294117647058 1274
1737429455227 0.8484848484848485 1275
1737429455548 0.8333333333333334 1276
1737429455866 0.8148148148148148 1277
1737429456182 0.8387096774193549 1278
1737429456502 0.8709677419354839 1279
1737429456820 0.84375 1280
1737429457139 1.0 1281
1737429457459 0.8095238095238095 1282
1737429457775 0.9705882352941176 1283
1737429458094 0.8947368421052632 1284
1737429458411 0.9230769230769231 1285
1737429458728 0.8709677419354839 1286
1737429459046 0.8571428571428571 1287
1737429459367 0.7714285714285715 1288
1737429459684 0.8571428571428571 1289
1737429460005 0.9302325581395349 1290
1737429460322 0.8947368421052632 1291
1737429460641 0.9285714285714286 1292
1737429460961 0.8947368421052632 1293
1737429461280 0.8709677419354839 1294
1737429461599 0.8823529411764706 1295
1737429461915 0.9583333333333334 1296
1737429462233 1.0 1297
1737429462552 0.8518518518518519 1298
1737429462870 0.8918918918918919 1299
1737429463188 0.9444444444444444 1300
1737429463506 0.875 1301
1737429463825 0.9375 1302
1737429464146 0.8571428571428571 1303
1737429464464 0.8214285714285714 1304
1737429464784 0.868421052631579 1305
1737429465101 0.8846153846153846 1306
1737429465419 0.8333333333333334 1307
1737429465737 0.9166666666666666 1308
1737429466054 0.9310344827586207 1309
1737429466372 0.9032258064516129 1310
1737429466689 0.8823529411764706 1311
1737429467009 0.9629629629629629 1312
1737429467328 0.8378378378378378 1313
1737429467646 0.8709677419354839 1314
1737429467963 0.65625 1315
1737429468284 0.8275862068965517 1316
1737429468601 0.7948717948717948 1317
1737429468918 0.9642857142857143 1318
1737429469235 0.9285714285714286 1319
1737429469554 0.96875 1320
1737429469870 0.95 1321
1737429470191 1.0 1322
1737429470509 0.9375 1323
1737429470829 0.7647058823529411 1324
1737429471148 0.90625 1325
1737429471467 0.8947368421052632 1326
1737429471789 0.9444444444444444 1327
1737429472108 0.8918918918918919 1328
1737429472424 0.9302325581395349 1329
1737429472743 0.8108108108108109 1330
1737429473059 0.8484848484848485 1331
1737429473377 0.7142857142857143 1332
1737429473697 0.8974358974358975 1333
1737429474015 0.9696969696969697 1334
1737429474333 1.0 1335
1737429474649 0.8484848484848485 1336
1737429474968 0.9 1337
1737429475287 0.9285714285714286 1338
1737429475605 1.0 1339
1737429475922 0.9411764705882353 1340
1737429476240 0.9 1341
1737429476557 0.9615384615384616 1342
1737429476875 0.9411764705882353 1343
1737429477194 0.9655172413793104 1344
1737429477510 0.7941176470588235 1345
1737429477828 0.8064516129032258 1346
1737429478147 0.8846153846153846 1347
1737429478464 0.8611111111111112 1348
1737429478782 0.8409090909090909 1349
1737429479100 0.926829268292683 1350
1737429479417 0.7777777777777778 1351
1737429479736 0.8857142857142857 1352
1737429480053 0.8918918918918919 1353
1737429480371 0.9259259259259259 1354
1737429480688 0.9090909090909091 1355
1737429481004 0.8888888888888888 1356
1737429481323 0.9333333333333333 1357
1737429481643 0.8928571428571429 1358
1737429481961 0.9166666666666666 1359
1737429482281 0.9117647058823529 1360
1737429482601 0.8666666666666667 1361
1737429482919 0.8571428571428571 1362
1737429483237 0.7948717948717948 1363
1737429483556 0.8611111111111112 1364
1737429483875 0.7272727272727273 1365
1737429484194 0.8205128205128205 1366
1737429484515 0.7857142857142857 1367
1737429484835 0.8918918918918919 1368
1737429485153 0.875 1369
1737429485472 0.9 1370
1737429485789 0.9444444444444444 1371
1737429486108 0.9666666666666667 1372
1737429486428 0.9230769230769231 1373
1737429486750 0.8888888888888888 1374
1737429487067 0.92 1375
1737429487384 0.9375 1376
1737429487703 1.0 1377
1737429488023 0.9545454545454546 1378
1737429488342 0.8611111111111112 1379
1737429488659 0.8863636363636364 1380
1737429488977 0.7575757575757576 1381
1737429489296 0.8709677419354839 1382
1737429489614 0.8484848484848485 1383
1737429489931 0.9393939393939394 1384
1737429490248 0.8064516129032258 1385
1737429490565 0.9310344827586207 1386
1737429490885 0.9696969696969697 1387
1737429491204 0.875 1388
1737429491521 0.9428571428571428 1389
1737429491840 0.8571428571428571 1390
1737429492159 0.8611111111111112 1391
1737429492478 0.9629629629629629 1392
1737429492796 1.0 1393
1737429493115 1.0 1394
1737429493434 0.8928571428571429 1395
1737429493754 0.8846153846153846 1396
1737429494072 0.9259259259259259 1397
1737429494390 0.9696969696969697 1398
1737429494709 0.8846153846153846 1399
1737429495025 0.85 1400
1737429495346 0.8571428571428571 1401
1737429495662 0.8611111111111112 1402
1737429495981 0.925 1403
1737429496301 0.95 1404
1737429496619 0.8387096774193549 1405
1737429496935 0.9642857142857143 1406
1737429497256 0.8787878787878788 1407
1737429497576 0.9259259259259259 1408
1737429497892 0.9444444444444444 1409
1737429498211 0.9393939393939394 1410
1737429498531 0.9375 1411
1737429498850 0.9666666666666667 1412
1737429499169 0.9642857142857143 1413
1737429499489 1.0 1414
1737429499807 0.6666666666666666 1415
1737429500126 0.8 1416
1737429500447 0.7666666666666667 1417
1737429500764 0.8666666666666667 1418
1737429501082 0.95 1419
1737429501400 0.78125 1420
1737429501717 0.9142857142857143 1421
1737429502035 0.8148148148148148 1422
1737429502355 0.8974358974358975 1423
1737429502670 0.88 1424
1737429502995 0.8888888888888888 1425
1737429503314 0.8214285714285714 1426
1737429503631 0.9333333333333333 1427
1737429503948 0.96 1428
1737429504265 0.9629629629629629 1429
1737429504582 0.8285714285714286 1430
1737429504902 0.90625 1431
1737429505219 0.8787878787878788 1432
1737429505536 0.8484848484848485 1433
1737429505854 0.8333333333333334 1434
1737429506171 0.8823529411764706 1435
1737429506493 0.875 1436
1737429506809 0.84375 1437
1737429507127 0.896551724137931 1438
1737429507447 0.967741935483871 1439
1737429507766 0.8333333333333334 1440
1737429508085 0.9642857142857143 1441
1737429508401 0.9642857142857143 1442
1737429508717 0.9629629629629629 1443
1737429509034 0.8888888888888888 1444
1737429509357 0.8275862068965517 1445
1737429509672 0.9310344827586207 1446
1737429509991 0.8888888888888888 1447
1737429510309 0.9411764705882353 1448
1737429510627 0.9354838709677419 1449
1737429510946 0.9642857142857143 1450
1737429511264 0.9117647058823529 1451
1737429511582 1.0 1452
1737429511901 0.9230769230769231 1453
1737429512218 1.0 1454
1737429512537 0.8 1455
1737429512854 0.7941176470588235 1456
1737429513170 0.9 1457
1737429513490 0.8214285714285714 1458
1737429513808 0.8333333333333334 1459
1737429514124 0.8823529411764706 1460
1737429514442 0.9090909090909091 1461
1737429514758 0.8076923076923077 1462
1737429515076 0.96 1463
1737429515393 0.9655172413793104 1464
1737429515711 0.967741935483871 1465
1737429516028 0.9629629629629629 1466
1737429516348 0.9166666666666666 1467
1737429516666 0.8636363636363636 1468
1737429516983 0.8275862068965517 1469
1737429517300 0.9411764705882353 1470
1737429517617 0.8787878787878788 1471
1737429517935 0.9629629629629629 1472
1737429518252 0.8378378378378378 1473
1737429518571 0.9411764705882353 1474
1737429518890 0.8857142857142857 1475
1737429519208 0.9166666666666666 1476
1737429519525 0.8709677419354839 1477
1737429519844 0.775 1478
1737429520165 0.8666666666666667 1479
1737429520484 0.9259259259259259 1480
1737429520801 0.9629629629629629 1481
1737429521118 0.8918918918918919 1482
1737429521436 1.0 1483
1737429521755 0.896551724137931 1484
1737429522073 0.9285714285714286 1485
1737429522392 0.90625 1486
1737429522708 0.9230769230769231 1487
1737429523026 0.96875 1488
1737429523344 0.9428571428571428 1489
1737429523661 0.8378378378378378 1490
1737429523979 0.8947368421052632 1491
1737429524296 0.6857142857142857 1492
1737429524613 0.7297297297297297 1493
1737429524930 0.918918918918919 1494
1737429525249 0.8823529411764706 1495
1737429525568 0.9032258064516129 1496
1737429525887 0.967741935483871 1497
1737429526205 0.90625 1498
1737429526524 0.9696969696969697 1499
1737429526841 0.9666666666666667 1500
1737429527158 0.8928571428571429 1501
1737429527480 0.92 1502
1737429527796 0.9696969696969697 1503
1737429528115 0.9354838709677419 1504
1737429528433 0.9428571428571428 1505
1737429528753 0.8333333333333334 1506
1737429529070 0.8214285714285714 1507
1737429529390 0.8333333333333334 1508
1737429529708 0.7631578947368421 1509
1737429530025 0.8529411764705882 1510
1737429530343 0.8709677419354839 1511
1737429530661 0.9117647058823529 1512
1737429530979 0.8214285714285714 1513
1737429531300 0.8787878787878788 1514
1737429531619 0.9310344827586207 1515
1737429531941 0.9714285714285714 1516
1737429532258 0.9117647058823529 1517
1737429532574 0.84375 1518
1737429532892 0.8275862068965517 1519
1737429533211 0.7777777777777778 1520
1737429533530 0.8857142857142857 1521
1737429533846 0.90625 1522
1737429534164 0.7931034482758621 1523
1737429534483 0.88 1524
1737429534800 0.78125 1525
1737429535118 0.8787878787878788 1526
1737429535436 0.90625 1527
1737429535753 0.6923076923076923 1528
1737429536072 0.90625 1529
1737429536389 0.7741935483870968 1530
1737429536707 1.0 1531
1737429537026 0.9090909090909091 1532
1737429537344 0.78125 1533
1737429537663 0.96875 1534
1737429537982 0.8518518518518519 1535
1737429538301 0.9736842105263158 1536
1737429538618 0.9375 1537
1737429538937 0.8620689655172413 1538
1737429539254 0.8484848484848485 1539
1737429539572 0.8611111111111112 1540
1737429539892 0.75 1541
1737429540211 0.8974358974358975 1542
1737429540529 0.8846153846153846 1543
1737429540846 0.8387096774193549 1544
1737429541163 0.875 1545
1737429541483 0.9428571428571428 1546
1737429541802 0.8823529411764706 1547
1737429542119 0.8076923076923077 1548
1737429542439 0.88 1549
1737429542757 0.875 1550
1737429543075 0.96875 1551
1737429543393 0.9333333333333333 1552
1737429543713 0.90625 1553
1737429544033 0.8518518518518519 1554
1737429544350 0.9459459459459459 1555
1737429544670 0.9375 1556
1737429544990 0.90625 1557
1737429545308 0.9090909090909091 1558
1737429545626 0.8636363636363636 1559
1737429545943 0.8055555555555556 1560
1737429546261 0.8780487804878049 1561
1737429546579 0.8888888888888888 1562
1737429546899 0.896551724137931 1563
1737429547219 0.8421052631578947 1564
1737429547538 0.9 1565
1737429547856 0.7948717948717948 1566
1737429548176 0.7878787878787878 1567
1737429548494 0.8823529411764706 1568
1737429548811 0.9117647058823529 1569
1737429549128 0.9393939393939394 1570
1737429549446 0.7941176470588235 1571
1737429549763 0.9473684210526315 1572
1737429550084 0.9142857142857143 1573
1737429550400 0.875 1574
1737429550719 0.9629629629629629 1575
1737429551036 0.8947368421052632 1576
1737429551351 0.92 1577
1737429551671 0.868421052631579 1578
1737429551988 0.9142857142857143 1579
1737429552309 0.9024390243902439 1580
1737429552626 0.8235294117647058 1581
1737429552943 0.8717948717948718 1582
1737429553260 0.8571428571428571 1583
1737429553579 0.8571428571428571 1584
1737429553897 0.972972972972973 1585
1737429554216 0.8387096774193549 1586
1737429554533 0.8205128205128205 1587
1737429554851 0.875 1588
1737429555171 0.9259259259259259 1589
1737429555490 0.9655172413793104 1590
1737429555805 0.9523809523809523 1591
1737429556123 0.8484848484848485 1592
1737429556443 0.96875 1593
1737429556763 0.9655172413793104 1594
1737429557082 0.9130434782608695 1595
1737429557398 0.9393939393939394 1596
1737429557718 0.84375 1597
1737429558036 0.92 1598
1737429558355 0.8928571428571429 1599
1737429558671 0.9259259259259259 1600
1737429558990 0.8064516129032258 1601
1737429559316 0.8 1602
1737429559635 0.90625 1603
1737429559959 0.8823529411764706 1604
1737429560277 0.9032258064516129 1605
1737429560594 0.8947368421052632 1606
1737429560913 0.8387096774193549 1607
1737429561231 0.9375 1608
1737429561548 0.9310344827586207 1609
1737429561865 0.9333333333333333 1610
1737429562184 1.0 1611
1737429562503 0.9629629629629629 1612
1737429562822 0.84 1613
1737429563138 0.8 1614
1737429563456 0.9666666666666667 1615
1737429563774 0.9259259259259259 1616
1737429564093 0.8571428571428571 1617
1737429564413 0.9487179487179487 1618
1737429564732 0.88 1619
1737429565051 0.9375 1620
1737429565371 0.8780487804878049 1621
1737429565687 0.8484848484848485 1622
1737429566005 0.7948717948717948 1623
1737429566324 0.9 1624
1737429566643 0.9032258064516129 1625
1737429566963 0.85 1626
1737429567281 0.8928571428571429 1627
1737429567599 0.8387096774193549 1628
1737429567919 0.9117647058823529 1629
1737429568237 0.8421052631578947 1630
1737429568555 0.9375 1631
1737429568875 0.9655172413793104 1632
1737429569194 0.9444444444444444 1633
1737429569515 0.9 1634
1737429569830 0.9210526315789473 1635
1737429570148 0.8148148148148148 1636
1737429570467 0.9090909090909091 1637
1737429570788 0.9642857142857143 1638
1737429571108 0.967741935483871 1639
1737429571427 0.7878787878787878 1640
1737429571747 0.8205128205128205 1641
1737429572067 0.7333333333333333 1642
1737429572386 0.9166666666666666 1643
1737429572702 0.8181818181818182 1644
1737429573021 0.8888888888888888 1645
1737429573340 0.7647058823529411 1646
1737429573660 0.9411764705882353 1647
1737429573979 1.0 1648
1737429574295 0.8974358974358975 1649
1737429574611 0.9655172413793104 1650
1737429574930 0.9 1651
1737429575247 0.9 1652
1737429575566 0.9285714285714286 1653
1737429575884 0.85 1654
1737429576202 0.875 1655
1737429576522 0.875 1656
1737429576838 0.975609756097561 1657
1737429577156 0.8620689655172413 1658
1737429577474 0.8648648648648649 1659
1737429577795 0.9545454545454546 1660
1737429578115 0.7878787878787878 1661
1737429578434 0.9166666666666666 1662
1737429578754 0.9285714285714286 1663
1737429579071 0.8823529411764706 1664
1737429579389 0.9565217391304348 1665
1737429579705 0.8571428571428571 1666
1737429580024 0.9142857142857143 1667
1737429580341 0.875 1668
1737429580663 0.8846153846153846 1669
1737429580982 0.9310344827586207 1670
1737429581300 0.9666666666666667 1671
1737429581620 0.8928571428571429 1672
1737429581936 0.7352941176470589 1673
1737429582255 0.8333333333333334 1674
1737429582574 0.9333333333333333 1675
1737429582892 0.9411764705882353 1676
1737429583210 0.9142857142857143 1677
1737429583529 0.868421052631579 1678
1737429583846 0.9310344827586207 1679
1737429584165 0.9032258064516129 1680
1737429584483 0.8648648648648649 1681
1737429584800 0.8846153846153846 1682
1737429585118 0.9142857142857143 1683
1737429585435 0.9117647058823529 1684
1737429585753 0.8947368421052632 1685
1737429586070 0.8571428571428571 1686
1737429586388 0.8809523809523809 1687
1737429586707 0.9230769230769231 1688
1737429587024 0.896551724137931 1689
1737429587343 0.9545454545454546 1690
1737429587661 0.9310344827586207 1691
1737429587978 0.8648648648648649 1692
1737429588296 0.9210526315789473 1693
1737429588615 0.9285714285714286 1694
1737429588935 0.9166666666666666 1695
1737429589253 0.92 1696
1737429589570 0.9310344827586207 1697
1737429589889 0.9666666666666667 1698
1737429590209 0.9655172413793104 1699
1737429590528 0.8571428571428571 1700
1737429590845 0.90625 1701
1737429591165 0.8372093023255814 1702
1737429591486 0.7931034482758621 1703
1737429591809 0.8823529411764706 1704
1737429592127 0.8611111111111112 1705
1737429592445 0.8285714285714286 1706
1737429592765 0.9655172413793104 1707
1737429593083 0.8928571428571429 1708
1737429593401 0.8333333333333334 1709
1737429593720 0.9285714285714286 1710
1737429594039 0.9666666666666667 1711
1737429594358 0.9032258064516129 1712
1737429594675 0.9117647058823529 1713
1737429594996 0.8604651162790697 1714
1737429595312 0.9411764705882353 1715
1737429595632 0.8857142857142857 1716
1737429595950 0.9428571428571428 1717
1737429596268 0.9310344827586207 1718
1737429596583 0.7948717948717948 1719
1737429596905 0.8620689655172413 1720
1737429597225 0.9411764705882353 1721
1737429597542 0.896551724137931 1722
1737429597859 0.8928571428571429 1723
1737429598065 0.9444444444444444 1724
1737429614264 0.8571428571428571 1725
1737429614582 0.90625 1726
1737429614898 0.8571428571428571 1727
1737429615214 0.9285714285714286 1728
1737429615531 0.8846153846153846 1729
1737429615851 0.8888888888888888 1730
1737429616169 0.9393939393939394 1731
1737429616486 0.90625 1732
1737429616802 0.8275862068965517 1733
1737429617120 0.9375 1734
1737429617436 0.8709677419354839 1735
1737429617754 0.9705882352941176 1736
1737429618073 0.8095238095238095 1737
1737429618391 0.896551724137931 1738
1737429618707 0.9032258064516129 1739
1737429619025 0.918918918918919 1740
1737429619343 0.9310344827586207 1741
1737429619658 0.9130434782608695 1742
1737429619976 0.9285714285714286 1743
1737429620293 0.8529411764705882 1744
1737429620615 0.9722222222222222 1745
1737429620932 0.9615384615384616 1746
1737429621250 0.7741935483870968 1747
1737429621566 0.8148148148148148 1748
1737429621882 0.9 1749
1737429622199 0.8888888888888888 1750
1737429622518 0.9666666666666667 1751
1737429622837 0.8421052631578947 1752
1737429623154 0.9565217391304348 1753
1737429623473 0.9428571428571428 1754
1737429623789 0.7878787878787878 1755
1737429624107 0.967741935483871 1756
1737429624425 0.8461538461538461 1757
1737429624744 0.9032258064516129 1758
1737429625061 0.875 1759
1737429625377 0.90625 1760
1737429625695 0.9032258064516129 1761
1737429626015 0.9642857142857143 1762
1737429626333 0.9032258064516129 1763
1737429626650 0.8620689655172413 1764
1737429626971 0.8823529411764706 1765
1737429627289 0.84 1766
1737429627610 0.8666666666666667 1767
1737429627928 0.7777777777777778 1768
1737429628246 1.0 1769
1737429628564 0.7894736842105263 1770
1737429628880 0.7906976744186046 1771
1737429629198 0.8709677419354839 1772
1737429629518 0.90625 1773
1737429629836 0.8611111111111112 1774
1737429630154 0.8947368421052632 1775
1737429630472 0.8333333333333334 1776
1737429630790 0.9142857142857143 1777
1737429631109 0.9 1778
1737429631430 0.8484848484848485 1779
1737429631751 0.8529411764705882 1780
1737429632069 0.8292682926829268 1781
1737429632386 0.9615384615384616 1782
1737429632705 0.8928571428571429 1783
1737429633022 0.8620689655172413 1784
1737429633341 0.9259259259259259 1785
1737429633657 1.0 1786
1737429633977 0.9090909090909091 1787
1737429634295 0.9333333333333333 1788
1737429634613 0.8611111111111112 1789
1737429634931 0.9259259259259259 1790
1737429635248 0.8928571428571429 1791
1737429635566 0.9642857142857143 1792
1737429635886 0.9473684210526315 1793
1737429636204 0.8518518518518519 1794
1737429636520 0.9 1795
1737429636838 0.75 1796
1737429637157 0.868421052631579 1797
1737429637474 0.8787878787878788 1798
1737429637791 0.8709677419354839 1799
1737429638111 1.0 1800
1737429638429 0.9393939393939394 1801
1737429638748 0.9333333333333333 1802
1737429639066 0.9142857142857143 1803
1737429639384 0.8717948717948718 1804
1737429639702 0.8181818181818182 1805
1737429640021 0.9354838709677419 1806
1737429640340 0.9333333333333333 1807
1737429640658 0.8571428571428571 1808
1737429640976 0.8333333333333334 1809
1737429641293 0.9411764705882353 1810
1737429641613 0.8928571428571429 1811
1737429641929 0.9259259259259259 1812
1737429642249 1.0 1813
1737429642567 0.92 1814
1737429642886 0.8846153846153846 1815
1737429643206 1.0 1816
1737429643527 0.8823529411764706 1817
1737429643853 0.78125 1818
1737429644170 0.875 1819
1737429644488 0.875 1820
1737429644806 0.9142857142857143 1821
1737429645125 0.8857142857142857 1822
1737429645444 0.9 1823
1737429645761 0.8888888888888888 1824
1737429646079 0.8888888888888888 1825
1737429646396 0.8709677419354839 1826
1737429646713 0.88 1827
1737429647032 0.8235294117647058 1828
1737429647350 0.9259259259259259 1829
1737429647664 0.9655172413793104 1830
1737429647991 0.9705882352941176 1831
1737429648308 0.9743589743589743 1832
1737429648627 0.84 1833
1737429648943 1.0 1834
1737429649262 0.875 1835
1737429649580 0.8888888888888888 1836
1737429649897 0.9354838709677419 1837
1737429650218 0.9333333333333333 1838
1737429650535 0.9142857142857143 1839
1737429650853 0.8518518518518519 1840
1737429651169 0.9666666666666667 1841
1737429651489 0.9736842105263158 1842
1737429651812 0.9696969696969697 1843
1737429652134 0.9444444444444444 1844
1737429652452 0.9714285714285714 1845
1737429652769 0.8529411764705882 1846
1737429653089 0.8214285714285714 1847
1737429653406 0.9142857142857143 1848
1737429653724 0.8181818181818182 1849
1737429654043 0.9666666666666667 1850
1737429654362 0.9473684210526315 1851
1737429654681 0.967741935483871 1852
1737429655000 0.8571428571428571 1853
1737429655318 0.9090909090909091 1854
1737429655638 0.8846153846153846 1855
1737429655958 0.9629629629629629 1856
1737429656274 0.9642857142857143 1857
1737429656591 0.9444444444444444 1858
1737429656908 0.8095238095238095 1859
1737429657227 0.9142857142857143 1860
1737429657545 1.0 1861
1737429657864 0.9310344827586207 1862
1737429658185 0.9259259259259259 1863
1737429658502 0.9032258064516129 1864
1737429658820 0.8461538461538461 1865
1737429659139 0.9090909090909091 1866
1737429659459 0.8888888888888888 1867
1737429659775 0.9615384615384616 1868
1737429660093 0.8928571428571429 1869
1737429660409 0.9 1870
1737429660727 0.9230769230769231 1871
1737429661047 0.88 1872
1737429661366 0.9714285714285714 1873
1737429661684 0.95 1874
1737429662001 0.8387096774193549 1875
1737429662319 0.9375 1876
1737429662637 0.9032258064516129 1877
1737429662955 0.9333333333333333 1878
1737429663273 0.9473684210526315 1879
1737429663591 1.0 1880
1737429663911 0.9285714285714286 1881
1737429664229 0.9428571428571428 1882
1737429664547 0.9666666666666667 1883
1737429664865 0.875 1884
1737429665186 0.9393939393939394 1885
1737429665503 0.9743589743589743 1886
1737429665820 0.9655172413793104 1887
1737429666138 0.9142857142857143 1888
1737429666456 0.8695652173913043 1889
1737429666773 0.967741935483871 1890
1737429667091 0.9117647058823529 1891
1737429667407 0.8918918918918919 1892
1737429667727 0.8823529411764706 1893
1737429668047 0.9117647058823529 1894
1737429668367 0.9047619047619048 1895
1737429668684 0.9117647058823529 1896
1737429669004 0.9487179487179487 1897
1737429669321 0.9666666666666667 1898
1737429669638 0.8648648648648649 1899
1737429669957 0.9117647058823529 1900
1737429670275 0.9411764705882353 1901
1737429670593 0.8918918918918919 1902
1737429670911 0.9642857142857143 1903
1737429671231 0.8928571428571429 1904
1737429671549 0.9583333333333334 1905
1737429671869 0.8387096774193549 1906
1737429672186 0.967741935483871 1907
1737429672505 0.90625 1908
1737429672823 0.9583333333333334 1909
1737429673138 0.896551724137931 1910
1737429673457 1.0 1911
1737429673777 0.9375 1912
1737429674096 0.90625 1913
1737429674413 1.0 1914
1737429674731 0.9375 1915
1737429675051 1.0 1916
1737429675369 0.9655172413793104 1917
1737429675686 0.92 1918
1737429676006 0.967741935483871 1919
1737429676323 0.9375 1920
1737429676643 0.9090909090909091 1921
1737429676961 0.9 1922
1737429677279 0.9 1923
1737429677596 0.9032258064516129 1924
1737429677916 0.9428571428571428 1925
1737429678235 0.896551724137931 1926
1737429678553 0.8928571428571429 1927
1737429678869 0.96875 1928
1737429679187 1.0 1929
1737429679505 0.9310344827586207 1930
1737429679823 0.8928571428571429 1931
1737429680138 0.9696969696969697 1932
1737429680459 0.8787878787878788 1933
1737429680777 0.96875 1934
1737429681095 0.9705882352941176 1935
1737429681414 0.96 1936
1737429681732 0.9285714285714286 1937
1737429682050 0.972972972972973 1938
1737429682370 0.9629629629629629 1939
1737429682689 0.9310344827586207 1940
1737429683007 0.9024390243902439 1941
1737429683324 0.9428571428571428 1942
1737429683643 0.9032258064516129 1943
1737429683960 0.9615384615384616 1944
1737429684277 0.8333333333333334 1945
1737429684595 0.8285714285714286 1946
1737429684914 0.8695652173913043 1947
1737429685233 0.9285714285714286 1948
1737429685551 0.9736842105263158 1949
1737429685869 0.8928571428571429 1950
1737429686190 0.96 1951
1737429686506 0.9310344827586207 1952
1737429686823 0.96 1953
1737429687140 1.0 1954
1737429687460 0.8857142857142857 1955
1737429687780 0.9629629629629629 1956
1737429688098 0.96 1957
1737429688417 0.9310344827586207 1958
1737429688737 0.88 1959
1737429689056 0.9696969696969697 1960
1737429689375 0.9761904761904762 1961
1737429689696 0.918918918918919 1962
1737429690017 0.8275862068965517 1963
1737429690336 0.8108108108108109 1964
1737429690656 0.8620689655172413 1965
1737429690974 0.8787878787878788 1966
1737429691291 0.9428571428571428 1967
1737429691608 0.8064516129032258 1968
1737429691929 0.9428571428571428 1969
1737429692245 0.8666666666666667 1970
1737429692562 0.9285714285714286 1971
1737429692880 0.9428571428571428 1972
1737429693199 0.8947368421052632 1973
1737429693518 0.9629629629629629 1974
1737429693838 0.9565217391304348 1975
1737429694157 0.9615384615384616 1976
1737429694474 0.8846153846153846 1977
1737429694794 0.8709677419354839 1978
1737429695111 0.9666666666666667 1979
1737429695430 0.8461538461538461 1980
1737429695749 0.9310344827586207 1981
1737429696066 0.8717948717948718 1982
1737429696386 1.0 1983
1737429696704 0.8666666666666667 1984
1737429697023 0.9655172413793104 1985
1737429697340 0.9230769230769231 1986
1737429697660 0.967741935483871 1987
1737429697976 0.9666666666666667 1988
1737429698294 0.96875 1989
1737429698610 1.0 1990
1737429698930 0.84375 1991
1737429699248 0.9310344827586207 1992
1737429699567 0.9583333333333334 1993
1737429699887 0.9629629629629629 1994
1737429700204 0.9285714285714286 1995
1737429700523 0.9705882352941176 1996
1737429700842 0.8928571428571429 1997
1737429701161 1.0 1998
1737429701478 0.7931034482758621 1999
1737429701798 0.875 2000
1737429702115 0.9310344827586207 2001
1737429702434 0.9210526315789473 2002
1737429702754 1.0 2003
1737429703075 0.9545454545454546 2004
1737429703390 1.0 2005
1737429703709 0.96 2006
1737429704028 0.9696969696969697 2007
1737429704344 0.9655172413793104 2008
1737429704662 1.0 2009
1737429704981 0.96875 2010
1737429705302 0.9722222222222222 2011
1737429705622 0.9393939393939394 2012
1737429705940 0.925 2013
1737429706259 0.9166666666666666 2014
1737429706579 0.9354838709677419 2015
1737429706899 0.9714285714285714 2016
1737429707217 0.9375 2017
1737429707535 0.9117647058823529 2018
1737429707854 1.0 2019
1737429708172 0.9310344827586207 2020
1737429708491 0.9310344827586207 2021
1737429708810 0.875 2022
1737429709127 0.9743589743589743 2023
1737429709444 0.9090909090909091 2024
1737429709763 0.8888888888888888 2025
1737429710083 0.896551724137931 2026
1737429710399 0.96875 2027
1737429710717 0.9117647058823529 2028
1737429711036 0.8666666666666667 2029
1737429711355 0.9032258064516129 2030
1737429711680 0.8787878787878788 2031
1737429711998 0.9722222222222222 2032
1737429712318 0.8846153846153846 2033
1737429712637 0.9333333333333333 2034
