1737429032733 0.07142857142857142 1
1737429033049 0.03125 2
1737429033365 0.06060606060606061 3
1737429033680 0.029411764705882353 4
1737429033996 0.06896551724137931 5
1737429034316 0.15384615384615385 6
1737429034641 0.1875 7
1737429034955 0.13793103448275862 8
1737429035277 0.25925925925925924 9
1737429035592 0.1891891891891892 10
1737429035909 0.2222222222222222 11
1737429036226 0.3235294117647059 12
1737429036541 0.18181818181818182 13
1737429036858 0.10714285714285714 14
1737429037173 0.2413793103448276 15
1737429037488 0.13513513513513514 16
1737429037803 0.2857142857142857 17
1737429038122 0.3333333333333333 18
1737429038438 0.48148148148148145 19
1737429038761 0.375 20
1737429039075 0.34210526315789475 21
1737429039391 0.6206896551724138 22
1737429039710 0.44 23
1737429040028 0.6521739130434783 24
1737429040435 0.5862068965517241 25
1737429040793 0.5185185185185185 26
1737429041180 0.3939393939393939 27
1737429041531 0.47368421052631576 28
1737429041880 0.5217391304347826 29
1737429042207 0.6176470588235294 30
1737429042527 0.6 31
1737429042844 0.7647058823529411 32
1737429043160 0.46153846153846156 33
1737429043476 0.5806451612903226 34
1737429043792 0.6451612903225806 35
1737429044107 0.75 36
1737429044421 0.9 37
1737429044737 0.6774193548387096 38
1737429045054 0.896551724137931 39
1737429045369 0.8076923076923077 40
1737429045685 0.8181818181818182 41
1737429046006 0.9047619047619048 42
1737429046327 0.6363636363636364 43
1737429046641 0.72 44
1737429046954 0.7666666666666667 45
1737429047269 0.7333333333333333 46
1737429047586 0.7647058823529411 47
1737429047907 0.7931034482758621 48
1737429048222 0.7096774193548387 49
1737429048537 0.8181818181818182 50
1737429048853 0.868421052631579 51
1737429049171 1.0 52
1737429049487 0.9117647058823529 53
1737429049803 0.8275862068965517 54
1737429050120 0.8333333333333334 55
1737429050436 0.8387096774193549 56
1737429050750 0.75 57
1737429051067 0.8076923076923077 58
1737429051382 0.7407407407407407 59
1737429051704 0.8666666666666667 60
1737429052019 0.7096774193548387 61
1737429052337 0.7857142857142857 62
1737429052653 0.84375 63
1737429052970 0.875 64
1737429053286 1.0 65
1737429053604 0.8888888888888888 66
1737429053919 0.9642857142857143 67
1737429054233 0.896551724137931 68
1737429054550 0.9473684210526315 69
1737429054864 0.8333333333333334 70
1737429055179 0.7857142857142857 71
1737429055494 0.76 72
1737429055811 0.6388888888888888 73
1737429056127 0.7333333333333333 74
1737429056445 0.75 75
1737429056761 0.9285714285714286 76
1737429057081 0.875 77
1737429057396 0.6875 78
1737429057714 0.9375 79
1737429058042 0.9428571428571428 80
1737429058375 0.8620689655172413 81
1737429058690 0.8709677419354839 82
1737429059008 0.8387096774193549 83
1737429059327 0.6857142857142857 84
1737429059643 0.8461538461538461 85
1737429059959 0.71875 86
1737429060276 0.8571428571428571 87
1737429060594 0.7 88
1737429060910 0.78125 89
1737429061229 0.8888888888888888 90
1737429061547 0.92 91
1737429061864 0.8484848484848485 92
1737429062181 0.8235294117647058 93
1737429062499 0.9230769230769231 94
1737429062817 0.875 95
1737429063135 0.8636363636363636 96
1737429063452 0.8857142857142857 97
1737429063768 0.9354838709677419 98
1737429064085 0.8275862068965517 99
1737429064403 0.8181818181818182 100
1737429064718 0.8 101
1737429065036 0.7241379310344828 102
1737429065352 0.8636363636363636 103
1737429065671 0.6206896551724138 104
1737429065987 0.7407407407407407 105
1737429066303 0.7666666666666667 106
1737429066619 0.8571428571428571 107
1737429066936 0.8571428571428571 108
1737429067252 0.8333333333333334 109
1737429067574 0.7916666666666666 110
1737429067891 0.92 111
1737429068209 0.8823529411764706 112
1737429068525 0.8484848484848485 113
1737429068842 0.8214285714285714 114
1737429069159 0.9142857142857143 115
1737429069474 0.7142857142857143 116
1737429069792 0.8620689655172413 117
1737429070109 0.7105263157894737 118
1737429070426 0.6857142857142857 119
1737429070744 0.7777777777777778 120
1737429071062 0.8235294117647058 121
1737429071380 1.0 122
1737429071699 0.875 123
1737429072014 0.9696969696969697 124
1737429072332 0.9655172413793104 125
1737429072648 0.9666666666666667 126
1737429072964 0.8918918918918919 127
1737429073281 0.9375 128
1737429073599 0.8095238095238095 129
1737429073916 0.8125 130
1737429074234 0.7692307692307693 131
1737429074548 0.8076923076923077 132
1737429074867 0.7 133
1737429075184 0.7714285714285715 134
1737429075505 0.8235294117647058 135
1737429075819 0.8 136
1737429076137 0.8333333333333334 137
1737429076452 0.9285714285714286 138
1737429076770 0.7666666666666667 139
1737429077087 0.7333333333333333 140
1737429077403 0.8260869565217391 141
1737429077720 0.84375 142
1737429078037 0.8787878787878788 143
1737429078354 0.8571428571428571 144
1737429078670 0.7777777777777778 145
1737429078987 0.9 146
1737429079304 0.9230769230769231 147
1737429079623 0.9545454545454546 148
1737429079940 0.8611111111111112 149
1737429080258 0.7804878048780488 150
1737429080575 0.9230769230769231 151
1737429080893 0.75 152
1737429081210 0.7857142857142857 153
1737429081528 0.7333333333333333 154
1737429081845 0.8947368421052632 155
1737429082162 0.782608695652174 156
1737429082480 0.75 157
1737429082797 0.8571428571428571 158
1737429083114 0.9333333333333333 159
1737429083433 0.8620689655172413 160
1737429083752 0.90625 161
1737429084069 0.9230769230769231 162
1737429084385 0.8928571428571429 163
1737429084703 0.8857142857142857 164
1737429085019 0.5652173913043478 165
1737429085338 0.6666666666666666 166
1737429085653 0.9117647058823529 167
1737429085967 0.8333333333333334 168
1737429086285 0.8387096774193549 169
1737429086603 0.9375 170
1737429086920 0.775 171
1737429087236 0.9032258064516129 172
1737429087553 0.9210526315789473 173
1737429087871 0.9 174
1737429088188 0.7837837837837838 175
1737429088505 0.7741935483870968 176
1737429088822 0.9375 177
1737429089143 0.7027027027027027 178
1737429089462 0.6551724137931034 179
1737429089779 0.9259259259259259 180
1737429090096 0.8260869565217391 181
1737429090414 0.8076923076923077 182
1737429090730 0.8709677419354839 183
1737429091047 0.8064516129032258 184
1737429091363 0.92 185
1737429091679 0.8518518518518519 186
1737429091998 0.7352941176470589 187
1737429092316 0.7419354838709677 188
1737429092634 0.8 189
1737429092952 0.8529411764705882 190
1737429093269 0.90625 191
1737429093587 0.875 192
1737429093904 0.8 193
1737429094221 0.7307692307692307 194
1737429094538 0.84375 195
1737429094856 0.8709677419354839 196
1737429095172 0.85 197
1737429095489 0.8928571428571429 198
1737429095808 0.7297297297297297 199
1737429096128 0.8928571428571429 200
1737429096448 0.7575757575757576 201
1737429096763 0.6785714285714286 202
1737429097080 0.7692307692307693 203
1737429097398 0.8709677419354839 204
1737429097716 0.7666666666666667 205
1737429098032 0.7777777777777778 206
1737429098348 0.8928571428571429 207
1737429098666 0.8787878787878788 208
1737429098983 0.875 209
1737429099301 0.9393939393939394 210
1737429099616 0.9473684210526315 211
1737429099933 0.7777777777777778 212
1737429100252 0.8666666666666667 213
1737429100572 0.8 214
1737429100889 0.8571428571428571 215
1737429101206 0.9259259259259259 216
1737429101523 0.7692307692307693 217
1737429101839 0.8181818181818182 218
1737429102156 0.8928571428571429 219
1737429102472 0.7307692307692307 220
1737429102790 0.9333333333333333 221
1737429103108 0.9310344827586207 222
1737429103427 0.9523809523809523 223
1737429103743 0.8888888888888888 224
1737429104061 0.9459459459459459 225
1737429104377 0.88 226
1737429104694 0.875 227
1737429105013 0.7741935483870968 228
1737429105330 0.7307692307692307 229
1737429105647 0.7727272727272727 230
1737429105965 0.8285714285714286 231
1737429106283 0.7352941176470589 232
1737429106598 0.8 233
1737429106915 0.8518518518518519 234
1737429107234 0.782608695652174 235
1737429107553 0.9393939393939394 236
1737429107872 0.7727272727272727 237
1737429108190 0.8529411764705882 238
1737429108507 0.9166666666666666 239
1737429108824 0.8 240
1737429109140 0.8888888888888888 241
1737429109457 1.0 242
1737429109778 0.9722222222222222 243
1737429110095 0.84 244
1737429110412 0.9166666666666666 245
1737429110728 0.7931034482758621 246
1737429111047 0.8064516129032258 247
1737429111367 0.8055555555555556 248
1737429111691 0.6857142857142857 249
1737429112010 0.696969696969697 250
1737429112326 0.8076923076923077 251
1737429112644 0.84 252
1737429112960 0.92 253
1737429113280 0.78125 254
1737429113597 0.9375 255
1737429113916 0.7727272727272727 256
1737429114234 0.8064516129032258 257
1737429114551 0.8 258
1737429114870 0.6666666666666666 259
1737429115188 0.8846153846153846 260
1737429115506 0.8 261
1737429115825 0.72 262
1737429116143 0.84375 263
1737429116460 0.8 264
1737429116778 0.9375 265
1737429117096 0.8148148148148148 266
1737429117414 0.8571428571428571 267
1737429117731 0.8275862068965517 268
1737429118048 0.8888888888888888 269
1737429118366 0.9629629629629629 270
1737429118683 0.9259259259259259 271
1737429119000 0.8571428571428571 272
1737429119319 0.7241379310344828 273
1737429119638 0.6666666666666666 274
1737429119956 0.8333333333333334 275
1737429120276 0.6206896551724138 276
1737429120593 0.8571428571428571 277
1737429120911 0.8857142857142857 278
1737429121229 0.896551724137931 279
1737429121546 0.9130434782608695 280
1737429121863 0.972972972972973 281
1737429122181 0.92 282
1737429122497 0.9696969696969697 283
1737429122816 0.7586206896551724 284
1737429123132 0.7586206896551724 285
1737429123450 0.8571428571428571 286
1737429123768 0.8611111111111112 287
1737429124086 0.8181818181818182 288
1737429124405 0.8918918918918919 289
1737429124721 0.9117647058823529 290
1737429125038 0.896551724137931 291
1737429125356 0.8285714285714286 292
1737429125673 0.9333333333333333 293
1737429125991 0.967741935483871 294
1737429126307 0.8235294117647058 295
1737429126624 0.8518518518518519 296
1737429126942 0.8928571428571429 297
1737429127262 0.9032258064516129 298
1737429127579 0.925 299
1737429127896 0.8695652173913043 300
1737429128214 0.8571428571428571 301
1737429128533 0.8518518518518519 302
1737429128851 0.8387096774193549 303
1737429129174 0.90625 304
1737429129509 0.7407407407407407 305
1737429129833 0.75 306
1737429130155 0.7931034482758621 307
1737429130474 0.8611111111111112 308
1737429130791 0.88 309
1737429131109 0.8709677419354839 310
1737429131426 0.896551724137931 311
1737429131743 0.8666666666666667 312
1737429132061 0.8857142857142857 313
1737429132382 0.90625 314
1737429132701 0.9117647058823529 315
1737429133015 0.918918918918919 316
1737429133332 0.9117647058823529 317
1737429133652 0.9310344827586207 318
1737429133970 0.8 319
1737429134287 0.875 320
1737429134603 0.9259259259259259 321
1737429134923 0.868421052631579 322
1737429135242 0.7878787878787878 323
1737429135561 0.8666666666666667 324
1737429135879 0.9259259259259259 325
1737429136195 0.9117647058823529 326
1737429136514 0.8285714285714286 327
1737429136832 0.9310344827586207 328
1737429137150 0.8 329
1737429137468 0.8333333333333334 330
1737429137784 0.72 331
1737429138100 0.8709677419354839 332
1737429138421 0.6666666666666666 333
1737429138740 0.875 334
1737429139056 0.7222222222222222 335
1737429139372 0.7666666666666667 336
1737429139691 0.8928571428571429 337
1737429140013 0.9310344827586207 338
1737429140333 0.92 339
1737429140653 0.7647058823529411 340
1737429140972 0.92 341
1737429141289 0.9 342
1737429141611 0.8666666666666667 343
1737429141928 0.9666666666666667 344
1737429142245 0.76 345
1737429142568 0.7647058823529411 346
1737429142886 0.868421052631579 347
1737429143202 0.8181818181818182 348
1737429143520 0.7352941176470589 349
1737429143839 0.8709677419354839 350
1737429144162 0.9333333333333333 351
1737429144482 0.75 352
1737429144801 0.9411764705882353 353
1737429145119 0.8214285714285714 354
1737429145435 0.696969696969697 355
1737429145750 0.8125 356
1737429146067 0.8235294117647058 357
1737429146384 0.9259259259259259 358
1737429146701 0.9 359
1737429147019 0.8666666666666667 360
1737429147335 0.918918918918919 361
1737429147654 0.8571428571428571 362
1737429147973 0.8717948717948718 363
1737429148289 0.7741935483870968 364
1737429148606 0.9310344827586207 365
1737429148923 0.875 366
1737429149242 0.9411764705882353 367
1737429149560 0.8571428571428571 368
1737429149877 0.9333333333333333 369
1737429150193 0.6 370
1737429150512 0.875 371
1737429150830 0.8666666666666667 372
1737429151147 0.8064516129032258 373
1737429151466 0.6875 374
1737429151783 0.8918918918918919 375
1737429152103 0.8666666666666667 376
1737429152421 0.9655172413793104 377
1737429152740 0.9655172413793104 378
1737429153060 0.8518518518518519 379
1737429153380 0.7419354838709677 380
1737429153696 0.967741935483871 381
1737429154012 0.8387096774193549 382
1737429154330 0.9117647058823529 383
1737429154647 0.8333333333333334 384
1737429154967 0.9393939393939394 385
1737429155282 0.8666666666666667 386
1737429155603 0.9032258064516129 387
1737429155921 0.8571428571428571 388
1737429156240 0.8620689655172413 389
1737429156556 0.84375 390
1737429156875 0.9393939393939394 391
1737429157192 1.0 392
1737429157510 0.8536585365853658 393
1737429157827 0.8518518518518519 394
1737429158144 0.9117647058823529 395
1737429158462 0.9166666666666666 396
1737429158778 0.9565217391304348 397
1737429159099 0.8695652173913043 398
1737429159415 1.0 399
1737429159733 0.8928571428571429 400
1737429160050 0.5945945945945946 401
1737429160368 0.8611111111111112 402
1737429160686 0.8666666666666667 403
1737429161004 0.92 404
1737429161319 0.8333333333333334 405
1737429161642 1.0 406
1737429161960 0.8461538461538461 407
1737429162276 0.8076923076923077 408
1737429162594 0.9666666666666667 409
1737429162912 0.8857142857142857 410
1737429163230 0.8484848484848485 411
1737429163548 0.8620689655172413 412
1737429163865 0.9333333333333333 413
1737429164182 0.9032258064516129 414
1737429164500 0.9166666666666666 415
1737429164817 0.896551724137931 416
1737429165137 0.9285714285714286 417
1737429165457 0.7741935483870968 418
1737429165775 0.8181818181818182 419
1737429166093 0.8421052631578947 420
1737429166410 0.918918918918919 421
1737429166729 0.6666666666666666 422
1737429167047 0.8076923076923077 423
1737429167363 0.7272727272727273 424
1737429167681 0.8148148148148148 425
1737429167999 0.8333333333333334 426
1737429168318 0.84375 427
1737429168637 0.8780487804878049 428
1737429168956 0.8611111111111112 429
1737429169277 0.8571428571428571 430
1737429169595 0.8648648648648649 431
1737429169915 0.896551724137931 432
1737429170233 0.9393939393939394 433
1737429170551 0.8214285714285714 434
1737429170869 0.9459459459459459 435
1737429171185 0.8846153846153846 436
1737429171505 0.8285714285714286 437
1737429171827 0.7894736842105263 438
1737429172145 0.8484848484848485 439
1737429172464 0.8387096774193549 440
1737429172781 0.8157894736842105 441
1737429173100 0.7692307692307693 442
1737429173417 0.9090909090909091 443
1737429173735 0.88 444
1737429174054 0.8125 445
1737429174374 0.6785714285714286 446
1737429174692 0.7575757575757576 447
1737429175009 0.8709677419354839 448
1737429175327 0.8108108108108109 449
1737429175645 0.8666666666666667 450
1737429175962 0.8823529411764706 451
1737429176279 0.9259259259259259 452
1737429176597 0.8181818181818182 453
1737429176915 1.0 454
1737429177233 0.8529411764705882 455
1737429177551 0.8709677419354839 456
1737429177867 0.8275862068965517 457
1737429178184 0.8484848484848485 458
1737429178503 0.8181818181818182 459
1737429178821 0.8928571428571429 460
1737429179138 0.8108108108108109 461
1737429179455 0.8333333333333334 462
1737429179771 0.9032258064516129 463
1737429180091 0.9714285714285714 464
1737429180409 0.918918918918919 465
1737429180726 0.9117647058823529 466
1737429181044 0.95 467
1737429181363 0.8387096774193549 468
1737429181679 0.9032258064516129 469
1737429181997 0.9047619047619048 470
1737429182314 0.8648648648648649 471
1737429182636 0.7297297297297297 472
1737429182953 0.8148148148148148 473
1737429183270 0.9310344827586207 474
1737429183589 0.896551724137931 475
1737429183907 0.8214285714285714 476
1737429184226 0.9393939393939394 477
1737429184542 0.8979591836734694 478
1737429184860 0.9333333333333333 479
1737429185176 1.0 480
1737429185493 0.9142857142857143 481
1737429185810 0.8787878787878788 482
1737429186130 0.896551724137931 483
1737429186450 0.8148148148148148 484
1737429186766 0.9565217391304348 485
1737429187083 0.75 486
1737429187402 0.8536585365853658 487
1737429187721 0.8 488
1737429188039 0.9090909090909091 489
1737429188358 0.8611111111111112 490
1737429188674 0.8857142857142857 491
1737429188993 0.8709677419354839 492
1737429189310 0.8823529411764706 493
1737429189627 0.7692307692307693 494
1737429189944 0.696969696969697 495
1737429190259 0.9615384615384616 496
1737429190575 0.8974358974358975 497
1737429190892 0.8333333333333334 498
1737429191210 0.7931034482758621 499
1737429191528 0.875 500
1737429191845 0.8709677419354839 501
1737429192163 0.9354838709677419 502
1737429192481 0.9375 503
1737429192798 0.8787878787878788 504
1737429193116 0.8 505
1737429193434 0.8918918918918919 506
1737429193752 0.7272727272727273 507
1737429194067 0.9032258064516129 508
1737429194384 0.8108108108108109 509
1737429194703 0.8055555555555556 510
1737429195020 0.8333333333333334 511
1737429195338 0.8857142857142857 512
1737429195653 0.9583333333333334 513
1737429195970 0.8108108108108109 514
1737429196287 0.967741935483871 515
1737429196607 0.8333333333333334 516
1737429196923 0.875 517
1737429197238 0.9743589743589743 518
1737429197556 0.9230769230769231 519
1737429197874 0.896551724137931 520
1737429198190 0.9655172413793104 521
1737429198508 0.967741935483871 522
1737429198826 0.7857142857142857 523
1737429199144 0.75 524
1737429199462 0.8235294117647058 525
1737429199781 0.8 526
1737429200101 0.9411764705882353 527
1737429200417 0.75 528
1737429200737 0.9117647058823529 529
1737429201053 0.7931034482758621 530
1737429201373 0.9333333333333333 531
1737429201691 0.85 532
1737429202011 0.8571428571428571 533
1737429202330 0.7241379310344828 534
1737429202649 0.8571428571428571 535
1737429202966 0.9393939393939394 536
1737429203284 0.8076923076923077 537
1737429203602 0.8823529411764706 538
1737429203918 0.9722222222222222 539
1737429204236 0.9117647058823529 540
1737429204554 0.9210526315789473 541
1737429204871 0.8181818181818182 542
1737429205188 0.9629629629629629 543
1737429205506 0.9285714285714286 544
1737429205823 0.9354838709677419 545
1737429206142 0.7 546
1737429206459 0.8648648648648649 547
1737429206775 0.8787878787878788 548
1737429207093 0.8235294117647058 549
1737429207412 0.7878787878787878 550
1737429207730 0.8275862068965517 551
1737429208046 0.8518518518518519 552
1737429208361 0.9411764705882353 553
1737429208677 0.92 554
1737429208996 0.9565217391304348 555
1737429209316 0.9333333333333333 556
1737429209633 0.7916666666666666 557
1737429209950 0.8214285714285714 558
1737429210269 0.8571428571428571 559
1737429210585 0.8076923076923077 560
1737429210903 0.7804878048780488 561
1737429211221 0.6551724137931034 562
1737429211537 0.8571428571428571 563
1737429211855 0.8461538461538461 564
1737429212173 0.7941176470588235 565
1737429212489 0.8928571428571429 566
1737429212807 0.75 567
1737429213125 0.9354838709677419 568
1737429213442 0.8823529411764706 569
1737429213761 0.8 570
1737429214078 0.9333333333333333 571
1737429214397 0.9 572
1737429214714 0.875 573
1737429215034 0.875 574
1737429215351 0.8928571428571429 575
1737429215670 0.9285714285714286 576
1737429215990 0.8125 577
1737429216308 0.84375 578
1737429216624 0.7 579
1737429216940 0.8666666666666667 580
1737429217259 0.8518518518518519 581
1737429217577 0.9615384615384616 582
1737429217895 0.92 583
1737429218212 0.8620689655172413 584
1737429218530 0.8275862068965517 585
1737429218850 0.8 586
1737429219169 0.8125 587
1737429219486 0.8333333333333334 588
1737429219804 1.0 589
1737429220121 0.8 590
1737429220439 0.8461538461538461 591
1737429220757 0.9090909090909091 592
1737429221075 0.9310344827586207 593
1737429221392 0.896551724137931 594
1737429221709 0.9259259259259259 595
1737429222026 0.9583333333333334 596
1737429222343 0.8461538461538461 597
1737429222663 0.8787878787878788 598
1737429222984 0.75 599
1737429223300 0.7083333333333334 600
1737429223618 0.7777777777777778 601
1737429223936 0.84375 602
1737429224255 0.8888888888888888 603
1737429224573 0.8275862068965517 604
1737429224894 0.8461538461538461 605
1737429225210 0.9047619047619048 606
1737429225529 0.9259259259259259 607
1737429225847 0.9117647058823529 608
1737429226165 0.8709677419354839 609
1737429226485 0.6451612903225806 610
1737429226803 0.875 611
1737429227119 0.7777777777777778 612
1737429227437 0.8787878787878788 613
1737429227754 0.9705882352941176 614
1737429228072 0.9259259259259259 615
1737429228392 0.9375 616
1737429228709 0.8928571428571429 617
1737429229026 0.8125 618
1737429229346 0.8518518518518519 619
1737429229666 0.8823529411764706 620
1737429229984 0.8064516129032258 621
1737429230299 0.71875 622
1737429230616 0.8333333333333334 623
1737429230935 0.8235294117647058 624
1737429231252 0.8461538461538461 625
1737429231577 0.96875 626
1737429231896 0.9459459459459459 627
1737429232211 0.9090909090909091 628
1737429232529 0.7631578947368421 629
1737429232848 0.7307692307692307 630
1737429233166 0.8666666666666667 631
1737429233483 0.8857142857142857 632
1737429233799 0.9666666666666667 633
1737429234115 0.696969696969697 634
1737429234435 0.9032258064516129 635
1737429234752 0.8181818181818182 636
1737429235069 0.8285714285714286 637
1737429235387 0.9090909090909091 638
1737429235703 0.7931034482758621 639
1737429236022 0.9259259259259259 640
1737429236342 0.8857142857142857 641
1737429236662 0.8181818181818182 642
1737429236981 0.8823529411764706 643
1737429237298 0.9393939393939394 644
1737429237617 1.0 645
1737429237935 0.8888888888888888 646
1737429238254 0.78125 647
1737429238572 0.7666666666666667 648
1737429238890 0.8275862068965517 649
1737429239209 0.7142857142857143 650
1737429239524 1.0 651
1737429239842 0.9393939393939394 652
1737429240159 0.8620689655172413 653
1737429240478 0.8974358974358975 654
1737429240796 0.8378378378378378 655
1737429241115 0.9629629629629629 656
1737429241433 0.8928571428571429 657
1737429241750 0.84375 658
1737429242068 1.0 659
1737429242386 1.0 660
1737429242703 0.9583333333333334 661
1737429243021 0.7586206896551724 662
1737429243338 0.9285714285714286 663
1737429243655 0.8709677419354839 664
1737429243976 0.8387096774193549 665
1737429244293 0.8947368421052632 666
1737429244608 0.8709677419354839 667
1737429244928 0.92 668
1737429245244 0.8387096774193549 669
1737429245562 0.6071428571428571 670
1737429245880 0.8461538461538461 671
1737429246197 0.7777777777777778 672
1737429246516 0.96 673
1737429246835 0.9024390243902439 674
1737429247151 0.8529411764705882 675
1737429247468 0.9615384615384616 676
1737429247785 0.90625 677
1737429248105 0.9090909090909091 678
1737429248426 0.9705882352941176 679
1737429248743 0.8717948717948718 680
1737429249060 0.88 681
1737429249379 0.8571428571428571 682
1737429249695 0.9166666666666666 683
1737429250012 0.9428571428571428 684
1737429250330 0.8055555555555556 685
1737429250649 0.84 686
1737429250967 0.6785714285714286 687
1737429251287 0.8928571428571429 688
1737429251605 0.9696969696969697 689
1737429251924 0.8 690
1737429252239 0.8823529411764706 691
1737429252557 0.8846153846153846 692
1737429252876 0.9722222222222222 693
1737429253192 1.0 694
1737429253507 0.9333333333333333 695
1737429253827 0.9393939393939394 696
1737429254146 0.9 697
1737429254465 0.8666666666666667 698
1737429254781 0.918918918918919 699
1737429255100 0.9090909090909091 700
1737429255419 0.8928571428571429 701
1737429255736 0.8235294117647058 702
1737429256055 0.8387096774193549 703
1737429256376 0.9375 704
1737429256692 0.8076923076923077 705
1737429257013 0.9032258064516129 706
1737429257328 0.8823529411764706 707
1737429257645 0.8235294117647058 708
1737429257963 0.7741935483870968 709
1737429258281 0.918918918918919 710
1737429258597 0.9117647058823529 711
1737429258915 0.7352941176470589 712
1737429259233 0.8333333333333334 713
1737429259554 0.8378378378378378 714
1737429259871 0.7931034482758621 715
1737429260190 0.8857142857142857 716
1737429260509 0.9428571428571428 717
1737429260827 0.9210526315789473 718
1737429261146 0.9310344827586207 719
1737429261464 0.9714285714285714 720
1737429261781 0.8648648648648649 721
1737429262099 0.84375 722
1737429262417 0.8333333333333334 723
1737429262735 0.8620689655172413 724
1737429263055 0.7878787878787878 725
1737429263388 0.9655172413793104 726
1737429263706 0.7333333333333333 727
1737429264023 0.896551724137931 728
1737429264342 0.8695652173913043 729
1737429264660 0.875 730
1737429264978 0.9166666666666666 731
1737429265297 0.8484848484848485 732
1737429265614 0.8695652173913043 733
1737429265930 0.9210526315789473 734
1737429266248 0.9310344827586207 735
1737429266566 0.8846153846153846 736
1737429266883 0.8518518518518519 737
1737429267203 0.8928571428571429 738
1737429267521 1.0 739
1737429267838 0.84 740
1737429268154 0.8064516129032258 741
1737429268472 0.8484848484848485 742
1737429268790 0.8387096774193549 743
1737429269109 0.8055555555555556 744
1737429269426 0.6896551724137931 745
1737429269747 0.78125 746
1737429270064 0.8666666666666667 747
1737429270383 0.8055555555555556 748
1737429270702 0.9655172413793104 749
1737429271018 0.875 750
1737429271338 0.8461538461538461 751
1737429271656 0.96 752
1737429271973 0.8529411764705882 753
1737429272292 0.8928571428571429 754
1737429272610 0.8846153846153846 755
1737429272927 0.825 756
1737429273246 0.6 757
1737429273565 0.9 758
1737429273882 0.8888888888888888 759
1737429274201 0.8387096774193549 760
1737429274520 0.84375 761
1737429274837 0.9655172413793104 762
1737429275156 0.896551724137931 763
1737429275473 0.75 764
1737429275797 0.896551724137931 765
1737429276115 0.9230769230769231 766
1737429276434 0.9090909090909091 767
1737429276751 0.918918918918919 768
1737429277071 0.9090909090909091 769
1737429277390 0.8529411764705882 770
1737429277709 0.9 771
1737429278027 0.896551724137931 772
1737429278346 0.9210526315789473 773
1737429278664 0.9090909090909091 774
1737429278982 0.8787878787878788 775
1737429279301 0.8709677419354839 776
1737429279619 0.8823529411764706 777
1737429279938 0.8928571428571429 778
1737429280254 0.9393939393939394 779
1737429280573 0.8695652173913043 780
1737429280890 0.9696969696969697 781
1737429281208 0.7931034482758621 782
1737429281527 0.7647058823529411 783
1737429281846 0.9310344827586207 784
1737429282163 0.8888888888888888 785
1737429282480 0.8620689655172413 786
1737429282798 0.8157894736842105 787
1737429283119 1.0 788
1737429283437 0.84375 789
1737429283752 0.9655172413793104 790
1737429284073 1.0 791
1737429284390 0.9459459459459459 792
1737429284706 0.9473684210526315 793
1737429285022 0.9032258064516129 794
1737429285340 0.926829268292683 795
1737429285658 1.0 796
1737429285977 0.96875 797
1737429286292 0.8863636363636364 798
1737429286611 0.8571428571428571 799
1737429286928 0.8 800
1737429287254 0.71875 801
1737429287572 0.9375 802
1737429287890 0.9565217391304348 803
1737429288208 0.8823529411764706 804
1737429288527 0.9142857142857143 805
1737429288845 0.9 806
1737429289161 0.8846153846153846 807
1737429289480 0.9285714285714286 808
1737429289799 0.8484848484848485 809
1737429290116 0.8461538461538461 810
1737429290434 0.8518518518518519 811
1737429290751 0.8928571428571429 812
1737429291069 0.7333333333333333 813
1737429291388 0.7222222222222222 814
1737429291717 0.7647058823529411 815
1737429292037 0.8648648648648649 816
1737429292361 0.71875 817
1737429292680 0.9310344827586207 818
1737429292999 0.9117647058823529 819
1737429293317 0.88 820
1737429293634 0.8787878787878788 821
1737429293956 0.967741935483871 822
1737429294275 0.8888888888888888 823
1737429294595 0.8974358974358975 824
1737429294912 0.9736842105263158 825
1737429295231 0.96 826
1737429295550 0.8148148148148148 827
1737429295866 0.875 828
1737429296183 1.0 829
1737429296501 0.8108108108108109 830
1737429296820 0.775 831
1737429297139 0.7906976744186046 832
1737429297459 0.9411764705882353 833
1737429297776 0.6896551724137931 834
1737429298094 0.8181818181818182 835
1737429298412 0.9333333333333333 836
1737429298731 0.9642857142857143 837
1737429299049 1.0 838
1737429299366 0.8709677419354839 839
1737429299683 0.9459459459459459 840
1737429300002 0.7037037037037037 841
1737429300324 0.875 842
1737429300641 0.8484848484848485 843
1737429300961 0.9666666666666667 844
1737429301278 0.8125 845
1737429301598 0.8571428571428571 846
1737429301917 0.7878787878787878 847
1737429302234 0.9 848
1737429302552 0.9666666666666667 849
1737429302870 0.9354838709677419 850
1737429303189 0.9142857142857143 851
1737429303506 0.9487179487179487 852
1737429303823 0.8529411764705882 853
1737429304140 0.9393939393939394 854
1737429304455 0.9411764705882353 855
1737429304772 0.896551724137931 856
1737429305091 0.8484848484848485 857
1737429305411 0.8518518518518519 858
1737429305731 0.8823529411764706 859
1737429306048 0.9333333333333333 860
1737429306366 0.8518518518518519 861
1737429306581 0.8823529411764706 862
1737429324077 0.8571428571428571 863
1737429324397 0.90625 864
1737429324713 0.8484848484848485 865
1737429325030 0.7352941176470589 866
1737429325347 0.6896551724137931 867
1737429325664 0.8461538461538461 868
1737429325982 0.875 869
1737429326297 1.0 870
1737429326614 0.7407407407407407 871
1737429326931 0.7837837837837838 872
1737429327251 0.9629629629629629 873
1737429327569 0.9411764705882353 874
1737429327887 0.8181818181818182 875
1737429328203 0.9285714285714286 876
1737429328521 0.8620689655172413 877
1737429328835 0.8378378378378378 878
1737429329150 0.9642857142857143 879
1737429329468 0.7916666666666666 880
1737429329785 0.9629629629629629 881
1737429330101 0.875 882
1737429330419 0.868421052631579 883
1737429330737 0.8620689655172413 884
1737429331055 0.96 885
1737429331372 0.9130434782608695 886
1737429331690 0.8620689655172413 887
1737429332008 0.8518518518518519 888
1737429332329 0.7272727272727273 889
1737429332646 0.6842105263157895 890
1737429332963 0.8695652173913043 891
1737429333281 0.9705882352941176 892
1737429333598 0.8 893
1737429333916 0.8823529411764706 894
1737429334234 0.7307692307692307 895
1737429334552 0.9032258064516129 896
1737429334872 0.8387096774193549 897
1737429335189 0.9375 898
1737429335509 0.9 899
1737429335825 0.9032258064516129 900
1737429336141 1.0 901
1737429336458 0.9230769230769231 902
1737429336778 0.8787878787878788 903
1737429337096 0.9523809523809523 904
1737429337412 0.7575757575757576 905
1737429337730 0.72 906
1737429338051 0.7333333333333333 907
1737429338368 0.8666666666666667 908
1737429338685 0.9117647058823529 909
1737429339000 0.896551724137931 910
1737429339318 0.8064516129032258 911
1737429339637 0.8181818181818182 912
1737429339954 0.868421052631579 913
1737429340271 0.9354838709677419 914
1737429340589 0.9411764705882353 915
1737429340906 0.9655172413793104 916
1737429341225 0.9 917
1737429341543 0.9354838709677419 918
1737429341859 0.9444444444444444 919
1737429342180 0.8846153846153846 920
1737429342502 0.8518518518518519 921
1737429342820 0.8 922
1737429343140 0.6774193548387096 923
1737429343455 0.8928571428571429 924
1737429343774 0.875 925
1737429344092 0.875 926
1737429344410 0.7878787878787878 927
1737429344727 0.8888888888888888 928
1737429345046 0.8571428571428571 929
1737429345366 0.8275862068965517 930
1737429345686 0.9210526315789473 931
1737429346001 0.9166666666666666 932
1737429346318 1.0 933
1737429346638 0.96 934
1737429346955 0.8888888888888888 935
1737429347272 0.9666666666666667 936
1737429347590 0.9285714285714286 937
1737429347908 0.9642857142857143 938
1737429348227 0.875 939
1737429348545 0.78125 940
1737429348861 0.84375 941
1737429349182 0.8857142857142857 942
1737429349500 0.7931034482758621 943
1737429349818 0.8387096774193549 944
1737429350135 0.7741935483870968 945
1737429350453 0.8 946
1737429350770 1.0 947
1737429351087 0.90625 948
1737429351425 0.8214285714285714 949
1737429351750 0.8666666666666667 950
1737429352067 0.65625 951
1737429352387 0.8148148148148148 952
1737429352706 0.88 953
1737429353024 0.8181818181818182 954
1737429353338 0.8529411764705882 955
1737429353656 1.0 956
1737429353973 0.9583333333333334 957
1737429354289 0.8636363636363636 958
1737429354610 0.8571428571428571 959
1737429354928 0.9354838709677419 960
1737429355246 0.8620689655172413 961
1737429355562 0.9696969696969697 962
1737429355879 0.88 963
1737429356196 0.8620689655172413 964
1737429356515 0.9545454545454546 965
1737429356835 0.9310344827586207 966
1737429357150 0.8888888888888888 967
1737429357467 0.9 968
1737429357786 0.7714285714285715 969
1737429358106 0.8095238095238095 970
1737429358424 0.875 971
1737429358742 0.8333333333333334 972
1737429359058 0.8 973
1737429359377 0.9411764705882353 974
1737429359692 0.8787878787878788 975
1737429360009 0.9642857142857143 976
1737429360334 0.9142857142857143 977
1737429360651 0.8214285714285714 978
1737429360968 0.9310344827586207 979
1737429361285 0.9210526315789473 980
1737429361603 0.8285714285714286 981
1737429361923 0.9166666666666666 982
1737429362239 0.9411764705882353 983
1737429362554 0.9655172413793104 984
1737429362870 0.875 985
1737429363188 0.8787878787878788 986
1737429363507 0.9310344827586207 987
1737429363826 0.8666666666666667 988
1737429364146 0.8648648648648649 989
1737429364463 0.90625 990
1737429364780 0.8571428571428571 991
1737429365097 0.9375 992
1737429365415 0.8461538461538461 993
1737429365734 0.9615384615384616 994
1737429366051 0.9666666666666667 995
1737429366369 0.9428571428571428 996
1737429366686 0.8823529411764706 997
1737429367003 0.8857142857142857 998
1737429367321 0.9583333333333334 999
1737429367638 0.9642857142857143 1000
1737429367958 0.7666666666666667 1001
1737429368275 0.8 1002
1737429368594 0.9130434782608695 1003
1737429368913 0.90625 1004
1737429369235 0.8787878787878788 1005
1737429369551 0.8928571428571429 1006
1737429369869 0.8148148148148148 1007
1737429370187 0.9666666666666667 1008
1737429370506 1.0 1009
1737429370823 0.9545454545454546 1010
1737429371140 0.9166666666666666 1011
1737429371457 0.8780487804878049 1012
1737429371777 0.9615384615384616 1013
1737429372093 0.84375 1014
1737429372409 0.9642857142857143 1015
1737429372727 0.8 1016
1737429373044 1.0 1017
1737429373397 0.782608695652174 1018
1737429373717 0.9285714285714286 1019
1737429374035 0.9142857142857143 1020
1737429374354 0.9333333333333333 1021
1737429374671 0.8620689655172413 1022
1737429374989 0.9375 1023
1737429375306 0.9743589743589743 1024
1737429375625 1.0 1025
1737429375942 0.9428571428571428 1026
1737429376260 0.8260869565217391 1027
1737429376576 0.9090909090909091 1028
1737429376894 0.9705882352941176 1029
1737429377211 0.8611111111111112 1030
1737429377541 0.9032258064516129 1031
1737429377857 0.9375 1032
1737429378173 0.825 1033
1737429378493 0.967741935483871 1034
1737429378810 1.0 1035
1737429379128 0.9666666666666667 1036
1737429379447 0.8918918918918919 1037
1737429379762 0.9032258064516129 1038
1737429380079 0.9375 1039
1737429380398 0.8648648648648649 1040
1737429380718 0.9655172413793104 1041
1737429381036 0.9259259259259259 1042
1737429381356 0.9565217391304348 1043
1737429381672 0.8846153846153846 1044
1737429381992 0.8709677419354839 1045
1737429382309 0.8709677419354839 1046
1737429382628 0.92 1047
1737429382947 0.8518518518518519 1048
1737429383267 0.9411764705882353 1049
1737429383584 0.8709677419354839 1050
1737429383902 0.9333333333333333 1051
1737429384219 0.7941176470588235 1052
1737429384537 0.90625 1053
1737429384855 0.875 1054
1737429385171 0.8666666666666667 1055
1737429385488 0.9615384615384616 1056
1737429385808 0.9375 1057
1737429386127 1.0 1058
1737429386443 1.0 1059
1737429386760 0.9285714285714286 1060
1737429387078 0.8378378378378378 1061
1737429387398 0.9285714285714286 1062
1737429387717 0.8484848484848485 1063
1737429388033 0.7857142857142857 1064
1737429388352 0.8846153846153846 1065
1737429388675 0.967741935483871 1066
1737429389011 0.8666666666666667 1067
1737429389326 0.8518518518518519 1068
1737429389642 0.8928571428571429 1069
1737429389961 0.9090909090909091 1070
1737429390278 0.9375 1071
1737429390594 0.9696969696969697 1072
1737429390911 0.9473684210526315 1073
1737429391236 0.8518518518518519 1074
1737429391554 0.8333333333333334 1075
1737429391872 0.925 1076
1737429392189 0.9642857142857143 1077
1737429392509 1.0 1078
1737429392828 0.9230769230769231 1079
1737429393145 0.9696969696969697 1080
1737429393462 0.9642857142857143 1081
1737429393781 0.8846153846153846 1082
1737429394098 0.9666666666666667 1083
1737429394415 0.8275862068965517 1084
1737429394734 0.8571428571428571 1085
1737429395051 0.8888888888888888 1086
1737429395371 0.918918918918919 1087
1737429395689 0.96 1088
1737429396007 0.9583333333333334 1089
1737429396323 0.9032258064516129 1090
1737429396642 0.8846153846153846 1091
1737429396961 0.9090909090909091 1092
1737429397282 0.9428571428571428 1093
1737429397602 0.7941176470588235 1094
1737429397921 0.88 1095
1737429398238 1.0 1096
1737429398555 1.0 1097
1737429398874 0.9393939393939394 1098
1737429399191 0.9318181818181818 1099
1737429399506 0.8823529411764706 1100
1737429399823 0.9583333333333334 1101
1737429400140 0.7333333333333333 1102
1737429400456 0.8888888888888888 1103
1737429400771 0.9655172413793104 1104
1737429401089 0.8611111111111112 1105
1737429401406 0.96 1106
1737429401725 0.9444444444444444 1107
1737429402042 0.896551724137931 1108
1737429402357 0.8709677419354839 1109
1737429402676 0.8888888888888888 1110
1737429402994 0.8571428571428571 1111
1737429403311 0.8181818181818182 1112
1737429403630 0.7692307692307693 1113
1737429403949 0.84 1114
1737429404266 0.96 1115
1737429404585 0.875 1116
1737429404900 0.875 1117
1737429405219 0.9090909090909091 1118
1737429405537 0.8387096774193549 1119
1737429405855 0.8857142857142857 1120
1737429406173 0.9047619047619048 1121
1737429406491 0.9615384615384616 1122
1737429406806 0.8666666666666667 1123
1737429407126 0.92 1124
1737429407441 0.9375 1125
1737429407760 0.8666666666666667 1126
1737429408078 1.0 1127
1737429408396 0.8888888888888888 1128
1737429408713 0.9642857142857143 1129
1737429409035 0.8275862068965517 1130
1737429409365 0.8888888888888888 1131
1737429409682 0.9629629629629629 1132
1737429410000 0.9629629629629629 1133
1737429410317 0.9714285714285714 1134
1737429410635 0.8620689655172413 1135
1737429410954 0.9333333333333333 1136
1737429411272 0.9166666666666666 1137
1737429411592 0.7241379310344828 1138
1737429411913 0.8928571428571429 1139
1737429412229 0.9428571428571428 1140
1737429412548 0.896551724137931 1141
1737429412867 0.9565217391304348 1142
1737429413183 1.0 1143
1737429413500 0.96 1144
1737429413819 0.9393939393939394 1145
1737429414136 0.9310344827586207 1146
1737429414454 0.896551724137931 1147
1737429414772 0.8857142857142857 1148
1737429415089 0.9444444444444444 1149
1737429415407 0.8484848484848485 1150
1737429415731 0.972972972972973 1151
1737429416050 0.9705882352941176 1152
1737429416370 0.9655172413793104 1153
1737429416688 0.9142857142857143 1154
1737429417004 1.0 1155
1737429417322 0.9354838709677419 1156
1737429417640 1.0 1157
1737429417960 0.8888888888888888 1158
1737429418277 0.9285714285714286 1159
1737429418596 0.8387096774193549 1160
1737429418916 0.925 1161
1737429419235 0.9565217391304348 1162
1737429419553 0.9642857142857143 1163
1737429419870 0.9629629629629629 1164
1737429420190 0.967741935483871 1165
1737429420515 0.9375 1166
1737429420850 0.8148148148148148 1167
1737429421169 0.8214285714285714 1168
1737429421485 0.8620689655172413 1169
1737429421803 0.9166666666666666 1170
1737429422120 0.88 1171
1737429422438 0.9032258064516129 1172
1737429422759 0.9655172413793104 1173
1737429423085 0.9 1174
1737429423403 0.9714285714285714 1175
1737429423723 0.9375 1176
1737429424040 0.9411764705882353 1177
1737429424357 0.9459459459459459 1178
1737429424677 0.9705882352941176 1179
1737429424996 0.9655172413793104 1180
1737429425316 0.84 1181
1737429425636 0.84375 1182
1737429425955 0.8888888888888888 1183
1737429426274 0.868421052631579 1184
1737429426591 0.8484848484848485 1185
1737429426910 0.8666666666666667 1186
1737429427229 1.0 1187
1737429427547 0.9705882352941176 1188
1737429427868 0.9142857142857143 1189
1737429428186 0.896551724137931 1190
1737429428504 0.88 1191
1737429428822 0.8333333333333334 1192
1737429429141 0.76 1193
1737429429458 0.9354838709677419 1194
1737429429776 0.875 1195
1737429430095 0.85 1196
1737429430414 0.8888888888888888 1197
1737429430732 0.8666666666666667 1198
1737429431049 0.9285714285714286 1199
1737429431366 0.9310344827586207 1200
1737429431684 0.84 1201
1737429432002 0.8823529411764706 1202
1737429432322 0.96 1203
1737429432640 0.95 1204
1737429432958 0.9 1205
1737429433277 1.0 1206
1737429433595 0.84 1207
1737429433913 0.8235294117647058 1208
1737429434231 0.9473684210526315 1209
1737429434550 0.9090909090909091 1210
1737429434870 0.8529411764705882 1211
1737429435187 0.9032258064516129 1212
1737429435506 1.0 1213
1737429435825 0.90625 1214
1737429436144 0.9411764705882353 1215
1737429436462 0.8928571428571429 1216
1737429436779 0.8787878787878788 1217
1737429437097 0.84375 1218
1737429437419 0.9705882352941176 1219
1737429437736 0.9259259259259259 1220
1737429438056 0.9333333333333333 1221
1737429438375 0.8666666666666667 1222
1737429438693 0.8918918918918919 1223
1737429439013 0.8 1224
1737429439330 0.8205128205128205 1225
1737429439647 0.8387096774193549 1226
1737429439964 0.9655172413793104 1227
1737429440281 0.875 1228
1737429440598 0.9705882352941176 1229
1737429440915 1.0 1230
1737429441233 0.9666666666666667 1231
1737429441553 0.9 1232
1737429441871 0.90625 1233
1737429442189 0.8666666666666667 1234
1737429442506 0.7741935483870968 1235
1737429442823 0.71875 1236
1737429443141 0.8918918918918919 1237
1737429443462 0.8333333333333334 1238
1737429443777 0.9655172413793104 1239
1737429444095 1.0 1240
1737429444414 0.8888888888888888 1241
1737429444731 0.8387096774193549 1242
1737429445048 0.967741935483871 1243
1737429445367 0.9354838709677419 1244
1737429445685 0.9117647058823529 1245
1737429446006 0.8666666666666667 1246
1737429446323 0.9090909090909091 1247
1737429446641 1.0 1248
1737429446961 0.9354838709677419 1249
1737429447282 0.9642857142857143 1250
1737429447598 0.9310344827586207 1251
1737429447915 0.90625 1252
1737429448233 1.0 1253
1737429448551 1.0 1254
1737429448870 0.8536585365853658 1255
1737429449186 0.8888888888888888 1256
1737429449503 0.9705882352941176 1257
1737429449822 0.9583333333333334 1258
1737429450141 0.9130434782608695 1259
1737429450458 0.9130434782608695 1260
1737429450775 1.0 1261
1737429451092 0.9285714285714286 1262
1737429451409 0.8378378378378378 1263
1737429451729 0.9166666666666666 1264
1737429452045 0.9333333333333333 1265
1737429452365 0.92 1266
1737429452685 0.8 1267
1737429453004 0.9375 1268
1737429453321 0.9230769230769231 1269
1737429453639 0.8461538461538461 1270
1737429453957 0.9333333333333333 1271
1737429454274 0.9714285714285714 1272
1737429454593 0.9696969696969697 1273
1737429454911 0.9655172413793104 1274
1737429455228 0.9333333333333333 1275
1737429455549 0.967741935483871 1276
1737429455868 0.9166666666666666 1277
1737429456184 0.896551724137931 1278
1737429456504 0.9642857142857143 1279
1737429456821 0.8709677419354839 1280
1737429457140 0.7575757575757576 1281
1737429457460 0.8947368421052632 1282
1737429457777 0.8918918918918919 1283
1737429458095 0.8095238095238095 1284
1737429458412 0.9230769230769231 1285
1737429458729 0.8181818181818182 1286
1737429459048 0.8888888888888888 1287
1737429459368 0.9 1288
1737429459685 0.9375 1289
1737429460006 0.975609756097561 1290
1737429460323 0.9444444444444444 1291
1737429460642 0.9285714285714286 1292
1737429460962 0.918918918918919 1293
1737429461281 0.9310344827586207 1294
1737429461600 0.9090909090909091 1295
1737429461916 0.8214285714285714 1296
1737429462234 0.972972972972973 1297
1737429462553 0.8846153846153846 1298
1737429462872 0.9428571428571428 1299
1737429463189 0.8947368421052632 1300
1737429463507 0.8484848484848485 1301
1737429463827 0.967741935483871 1302
1737429464147 0.9473684210526315 1303
1737429464465 0.8846153846153846 1304
1737429464786 1.0 1305
1737429465103 0.92 1306
1737429465420 0.78125 1307
1737429465738 0.7857142857142857 1308
1737429466055 0.8181818181818182 1309
1737429466373 0.9032258064516129 1310
1737429466690 0.8108108108108109 1311
1737429467010 0.8666666666666667 1312
1737429467330 0.9117647058823529 1313
1737429467648 1.0 1314
1737429467964 0.9545454545454546 1315
1737429468285 0.96 1316
1737429468603 0.9117647058823529 1317
1737429468919 0.8709677419354839 1318
1737429469236 0.896551724137931 1319
1737429469555 0.9393939393939394 1320
1737429469871 0.8636363636363636 1321
1737429470193 0.8928571428571429 1322
1737429470511 0.8108108108108109 1323
1737429470830 0.8666666666666667 1324
1737429471149 0.9354838709677419 1325
1737429471469 0.9714285714285714 1326
1737429471790 0.918918918918919 1327
1737429472109 0.9705882352941176 1328
1737429472425 1.0 1329
1737429472744 0.967741935483871 1330
1737429473060 0.9032258064516129 1331
1737429473378 0.9523809523809523 1332
1737429473698 0.9459459459459459 1333
1737429474016 0.8648648648648649 1334
1737429474335 0.9629629629629629 1335
1737429474650 0.9655172413793104 1336
1737429474969 0.9310344827586207 1337
1737429475288 0.9285714285714286 1338
1737429475606 0.8787878787878788 1339
1737429475923 0.9795918367346939 1340
1737429476241 0.9 1341
1737429476558 0.8928571428571429 1342
1737429476876 0.9142857142857143 1343
1737429477195 0.8484848484848485 1344
1737429477511 0.9310344827586207 1345
1737429477829 0.9259259259259259 1346
1737429478148 1.0 1347
1737429478465 0.96875 1348
1737429478783 0.9024390243902439 1349
1737429479101 0.95 1350
1737429479419 0.9545454545454546 1351
1737429479737 0.8611111111111112 1352
1737429480055 0.9428571428571428 1353
1737429480372 0.8064516129032258 1354
1737429480689 0.8823529411764706 1355
1737429481006 0.6153846153846154 1356
1737429481324 0.8484848484848485 1357
1737429481644 0.9615384615384616 1358
1737429481962 0.8461538461538461 1359
1737429482282 0.8611111111111112 1360
1737429482603 0.896551724137931 1361
1737429482921 0.9375 1362
1737429483239 1.0 1363
1737429483557 1.0 1364
1737429483876 1.0 1365
1737429484196 0.9696969696969697 1366
1737429484517 0.88 1367
1737429484837 0.8918918918918919 1368
1737429485154 0.8484848484848485 1369
1737429485474 0.8709677419354839 1370
1737429485790 0.918918918918919 1371
1737429486109 0.8055555555555556 1372
1737429486429 0.8 1373
1737429486751 0.9142857142857143 1374
1737429487068 0.9583333333333334 1375
1737429487385 0.8108108108108109 1376
1737429487705 0.9354838709677419 1377
1737429488024 0.875 1378
1737429488344 0.96875 1379
1737429488660 1.0 1380
1737429488978 0.9615384615384616 1381
1737429489298 0.9310344827586207 1382
1737429489615 0.9655172413793104 1383
1737429489932 1.0 1384
1737429490249 0.8928571428571429 1385
1737429490566 0.84375 1386
1737429490886 0.9411764705882353 1387
1737429491205 0.84 1388
1737429491522 0.9705882352941176 1389
1737429491841 0.8571428571428571 1390
1737429492160 0.9117647058823529 1391
1737429492479 0.896551724137931 1392
1737429492797 0.9666666666666667 1393
1737429493116 0.825 1394
1737429493435 0.8928571428571429 1395
1737429493755 0.7931034482758621 1396
1737429494073 0.8928571428571429 1397
1737429494391 0.9696969696969697 1398
1737429494710 0.8846153846153846 1399
1737429495028 1.0 1400
1737429495347 1.0 1401
1737429495664 0.9117647058823529 1402
1737429495982 0.9736842105263158 1403
1737429496302 0.8636363636363636 1404
1737429496620 0.9629629629629629 1405
1737429496936 0.9642857142857143 1406
1737429497257 0.9354838709677419 1407
1737429497577 0.8333333333333334 1408
1737429497894 0.918918918918919 1409
1737429498213 0.9393939393939394 1410
1737429498532 0.8823529411764706 1411
1737429498851 0.8787878787878788 1412
1737429499171 0.9310344827586207 1413
1737429499490 0.8518518518518519 1414
1737429499808 0.9411764705882353 1415
1737429500127 0.96 1416
1737429500448 1.0 1417
1737429500765 0.8666666666666667 1418
1737429501083 0.7916666666666666 1419
1737429501401 0.8928571428571429 1420
1737429501718 0.9142857142857143 1421
1737429502037 0.8461538461538461 1422
1737429502356 0.8536585365853658 1423
1737429502671 0.7586206896551724 1424
1737429502996 0.8571428571428571 1425
1737429503315 0.8846153846153846 1426
1737429503632 0.8235294117647058 1427
1737429503949 0.8571428571428571 1428
1737429504266 0.8125 1429
1737429504583 0.9354838709677419 1430
1737429504903 0.8529411764705882 1431
1737429505220 0.8285714285714286 1432
1737429505537 0.9333333333333333 1433
1737429505856 1.0 1434
1737429506173 0.9375 1435
1737429506494 0.875 1436
1737429506811 0.9642857142857143 1437
1737429507128 0.9285714285714286 1438
1737429507448 0.9375 1439
1737429507767 0.9375 1440
1737429508086 0.9 1441
1737429508402 0.9 1442
1737429508719 0.9629629629629629 1443
1737429509035 0.9230769230769231 1444
1737429509358 0.96 1445
1737429509673 0.9310344827586207 1446
1737429509993 0.8275862068965517 1447
1737429510310 0.9142857142857143 1448
1737429510628 0.90625 1449
1737429510947 0.9 1450
1737429511265 0.96875 1451
1737429511583 0.92 1452
1737429511902 0.9230769230769231 1453
1737429512220 0.9393939393939394 1454
1737429512539 0.9655172413793104 1455
1737429512855 0.9310344827586207 1456
1737429513172 1.0 1457
1737429513491 0.9583333333333334 1458
1737429513809 0.9615384615384616 1459
1737429514125 0.9090909090909091 1460
1737429514443 0.9375 1461
1737429514759 0.875 1462
1737429515077 0.8888888888888888 1463
1737429515394 0.875 1464
1737429515713 0.8333333333333334 1465
1737429516030 0.896551724137931 1466
1737429516349 0.8461538461538461 1467
1737429516667 0.9047619047619048 1468
1737429516985 0.8888888888888888 1469
1737429517302 0.9411764705882353 1470
1737429517618 0.9354838709677419 1471
1737429517936 0.8387096774193549 1472
1737429518254 0.96875 1473
1737429518572 0.8888888888888888 1474
1737429518891 0.9393939393939394 1475
1737429519210 0.9705882352941176 1476
1737429519526 1.0 1477
1737429519845 0.96875 1478
1737429520166 0.9285714285714286 1479
1737429520485 0.78125 1480
1737429520802 0.9629629629629629 1481
1737429521120 0.9705882352941176 1482
1737429521438 0.9032258064516129 1483
1737429521757 0.8125 1484
1737429522074 0.8666666666666667 1485
1737429522393 0.8529411764705882 1486
1737429522709 0.9230769230769231 1487
1737429523027 0.96875 1488
1737429523345 0.8918918918918919 1489
1737429523662 0.9393939393939394 1490
1737429523980 0.8947368421052632 1491
1737429524298 0.9230769230769231 1492
1737429524615 0.9 1493
1737429524932 0.9714285714285714 1494
1737429525251 1.0 1495
1737429525569 0.8484848484848485 1496
1737429525888 0.967741935483871 1497
1737429526207 0.8787878787878788 1498
1737429526525 0.9142857142857143 1499
1737429526842 0.8787878787878788 1500
1737429527160 0.8620689655172413 1501
1737429527481 0.8518518518518519 1502
1737429527798 0.9142857142857143 1503
1737429528116 0.8787878787878788 1504
1737429528434 0.9705882352941176 1505
1737429528755 0.9090909090909091 1506
1737429529072 0.9583333333333334 1507
1737429529391 0.9259259259259259 1508
1737429529709 0.90625 1509
1737429530026 0.9666666666666667 1510
1737429530344 0.9310344827586207 1511
1737429530662 0.7380952380952381 1512
1737429530981 0.92 1513
1737429531301 0.8787878787878788 1514
1737429531620 0.9310344827586207 1515
1737429531942 0.8717948717948718 1516
1737429532259 0.8378378378378378 1517
1737429532575 1.0 1518
1737429532894 0.8571428571428571 1519
1737429533212 0.875 1520
1737429533531 0.96875 1521
1737429533847 1.0 1522
1737429534165 0.9583333333333334 1523
1737429534484 0.7586206896551724 1524
1737429534801 0.8928571428571429 1525
1737429535119 0.9354838709677419 1526
1737429535437 0.9354838709677419 1527
1737429535754 0.9473684210526315 1528
1737429536073 0.9354838709677419 1529
1737429536390 0.96 1530
1737429536708 1.0 1531
1737429537027 0.7142857142857143 1532
1737429537346 0.9615384615384616 1533
1737429537664 0.8611111111111112 1534
1737429537983 0.92 1535
1737429538302 0.9024390243902439 1536
1737429538620 0.8823529411764706 1537
1737429538939 0.9615384615384616 1538
1737429539255 0.875 1539
1737429539574 0.9393939393939394 1540
1737429539893 0.9705882352941176 1541
1737429540212 0.8974358974358975 1542
1737429540530 0.92 1543
1737429540848 0.9285714285714286 1544
1737429541165 0.9722222222222222 1545
1737429541484 0.9428571428571428 1546
1737429541803 0.8333333333333334 1547
1737429542121 0.84 1548
1737429542440 0.7857142857142857 1549
1737429542759 1.0 1550
1737429543077 0.9393939393939394 1551
1737429543395 0.8 1552
1737429543715 0.8529411764705882 1553
1737429544034 0.8846153846153846 1554
1737429544351 0.9722222222222222 1555
1737429544671 1.0 1556
1737429544991 0.9666666666666667 1557
1737429545309 0.9090909090909091 1558
1737429545627 0.95 1559
1737429545945 0.9666666666666667 1560
1737429546262 0.972972972972973 1561
1737429546580 0.9696969696969697 1562
1737429546900 0.9285714285714286 1563
1737429547220 0.9411764705882353 1564
1737429547539 0.8709677419354839 1565
1737429547857 0.96875 1566
1737429548177 1.0 1567
1737429548496 0.967741935483871 1568
1737429548813 0.9117647058823529 1569
1737429549130 0.9117647058823529 1570
1737429549447 0.8709677419354839 1571
1737429549764 0.972972972972973 1572
1737429550085 0.9411764705882353 1573
1737429550401 0.8235294117647058 1574
1737429550720 0.8666666666666667 1575
1737429551037 0.918918918918919 1576
1737429551352 0.7931034482758621 1577
1737429551672 0.9428571428571428 1578
1737429551989 0.9142857142857143 1579
1737429552310 0.9736842105263158 1580
1737429552627 0.9655172413793104 1581
1737429552944 0.9714285714285714 1582
1737429553262 0.972972972972973 1583
1737429553581 0.9375 1584
1737429553898 1.0 1585
1737429554217 0.896551724137931 1586
1737429554534 0.9696969696969697 1587
1737429554852 0.9655172413793104 1588
1737429555172 0.8333333333333334 1589
1737429555491 0.9655172413793104 1590
1737429555807 0.8695652173913043 1591
1737429556124 0.875 1592
1737429556445 0.8611111111111112 1593
1737429556765 0.8484848484848485 1594
1737429557084 0.9130434782608695 1595
1737429557399 0.8157894736842105 1596
1737429557719 0.9310344827586207 1597
1737429558038 0.8846153846153846 1598
1737429558357 0.9259259259259259 1599
1737429558673 0.8928571428571429 1600
1737429558991 1.0 1601
1737429559317 0.96 1602
1737429559637 0.9354838709677419 1603
1737429559960 0.9090909090909091 1604
1737429560278 0.9032258064516129 1605
1737429560596 0.9444444444444444 1606
1737429560915 0.896551724137931 1607
1737429561232 0.9375 1608
1737429561549 0.9 1609
1737429561867 0.7777777777777778 1610
1737429562185 0.9310344827586207 1611
1737429562504 0.8125 1612
1737429562823 0.8076923076923077 1613
1737429563139 0.96 1614
1737429563458 0.8529411764705882 1615
1737429563776 0.8928571428571429 1616
1737429564094 0.9230769230769231 1617
1737429564415 0.925 1618
1737429564733 0.88 1619
1737429565052 1.0 1620
1737429565372 1.0 1621
1737429565689 0.9032258064516129 1622
1737429566007 0.96875 1623
1737429566326 0.9310344827586207 1624
1737429566644 0.9655172413793104 1625
1737429566965 0.9444444444444444 1626
1737429567282 0.8620689655172413 1627
1737429567601 1.0 1628
1737429567920 0.9393939393939394 1629
1737429568239 0.8648648648648649 1630
1737429568556 0.9090909090909091 1631
1737429568876 0.8235294117647058 1632
1737429569195 0.85 1633
1737429569516 0.9310344827586207 1634
1737429569831 0.9210526315789473 1635
1737429570149 1.0 1636
1737429570468 0.9090909090909091 1637
1737429570789 0.8709677419354839 1638
1737429571110 0.8823529411764706 1639
1737429571428 0.9285714285714286 1640
1737429571748 0.9696969696969697 1641
1737429572068 0.9565217391304348 1642
1737429572388 1.0 1643
1737429572703 0.9310344827586207 1644
1737429573022 0.9411764705882353 1645
1737429573342 0.896551724137931 1646
1737429573661 0.8888888888888888 1647
1737429573980 0.8620689655172413 1648
1737429574296 0.9210526315789473 1649
1737429574613 0.9333333333333333 1650
1737429574931 0.84375 1651
1737429575249 0.9310344827586207 1652
1737429575568 0.9629629629629629 1653
1737429575886 0.918918918918919 1654
1737429576203 0.9210526315789473 1655
1737429576523 0.9032258064516129 1656
1737429576839 0.975609756097561 1657
1737429577157 1.0 1658
1737429577475 1.0 1659
1737429577796 0.9545454545454546 1660
1737429578116 0.9285714285714286 1661
1737429578436 0.9428571428571428 1662
1737429578756 0.8125 1663
1737429579072 0.9375 1664
1737429579390 0.9565217391304348 1665
1737429579706 0.8823529411764706 1666
1737429580025 0.9142857142857143 1667
1737429580343 0.9333333333333333 1668
1737429580664 0.8846153846153846 1669
1737429580983 0.9642857142857143 1670
1737429581301 0.8787878787878788 1671
1737429581621 0.9615384615384616 1672
1737429581938 0.9259259259259259 1673
1737429582256 0.8928571428571429 1674
1737429582576 0.9333333333333333 1675
1737429582893 0.8888888888888888 1676
1737429583211 0.9411764705882353 1677
1737429583530 0.8918918918918919 1678
1737429583848 0.84375 1679
1737429584166 0.9655172413793104 1680
1737429584484 0.9411764705882353 1681
1737429584801 0.92 1682
1737429585119 0.9696969696969697 1683
1737429585436 1.0 1684
1737429585754 0.9444444444444444 1685
1737429586071 0.9230769230769231 1686
1737429586390 0.9736842105263158 1687
1737429586709 0.96 1688
1737429587025 0.9629629629629629 1689
1737429587344 0.875 1690
1737429587662 0.9310344827586207 1691
1737429587979 0.8648648648648649 1692
1737429588297 0.875 1693
1737429588617 0.9069767441860465 1694
1737429588936 0.9705882352941176 1695
1737429589254 0.7931034482758621 1696
1737429589571 0.8181818181818182 1697
1737429589891 0.9666666666666667 1698
1737429590210 1.0 1699
1737429590529 0.96 1700
1737429590846 0.9354838709677419 1701
1737429591166 0.972972972972973 1702
1737429591487 0.8518518518518519 1703
1737429591810 0.9375 1704
1737429592128 0.9393939393939394 1705
1737429592446 0.9666666666666667 1706
1737429592766 0.875 1707
1737429593084 0.8928571428571429 1708
1737429593402 0.7575757575757576 1709
1737429593721 0.8666666666666667 1710
1737429594040 0.9666666666666667 1711
1737429594359 0.9032258064516129 1712
1737429594677 0.8857142857142857 1713
1737429594997 0.9487179487179487 1714
1737429595313 0.9411764705882353 1715
1737429595633 0.9393939393939394 1716
1737429595951 0.9705882352941176 1717
1737429596269 0.9310344827586207 1718
1737429596585 0.9393939393939394 1719
1737429596907 0.9259259259259259 1720
1737429597227 0.9411764705882353 1721
1737429597544 0.8666666666666667 1722
1737429597860 0.9259259259259259 1723
1737429598066 1.0 1724
1737429614265 0.8571428571428571 1725
1737429614583 0.90625 1726
1737429614900 0.9090909090909091 1727
1737429615215 0.7647058823529411 1728
1737429615532 0.7931034482758621 1729
1737429615853 0.9230769230769231 1730
1737429616170 0.96875 1731
1737429616487 1.0 1732
1737429616803 0.8888888888888888 1733
1737429617121 0.8108108108108109 1734
1737429617437 1.0 1735
1737429617756 0.9705882352941176 1736
1737429618074 0.7727272727272727 1737
1737429618392 0.9285714285714286 1738
1737429618708 0.9655172413793104 1739
1737429619026 0.918918918918919 1740
1737429619344 0.9642857142857143 1741
1737429619660 0.875 1742
1737429619977 0.9629629629629629 1743
1737429620295 0.90625 1744
1737429620617 0.9210526315789473 1745
1737429620934 0.8620689655172413 1746
1737429621251 0.96 1747
1737429621567 0.9565217391304348 1748
1737429621883 0.9310344827586207 1749
1737429622201 0.8888888888888888 1750
1737429622520 0.8787878787878788 1751
1737429622839 0.8421052631578947 1752
1737429623156 0.9565217391304348 1753
1737429623474 0.9705882352941176 1754
1737429623791 0.8666666666666667 1755
1737429624109 0.8823529411764706 1756
1737429624426 0.8461538461538461 1757
1737429624745 0.9032258064516129 1758
1737429625063 0.9032258064516129 1759
1737429625378 0.90625 1760
1737429625696 0.9333333333333333 1761
1737429626016 0.8709677419354839 1762
1737429626334 0.9655172413793104 1763
1737429626652 0.9615384615384616 1764
1737429626972 0.9090909090909091 1765
1737429627290 1.0 1766
1737429627611 0.7878787878787878 1767
1737429627929 0.84 1768
1737429628247 0.8333333333333334 1769
1737429628565 1.0 1770
1737429628882 1.0 1771
1737429629199 0.9310344827586207 1772
1737429629519 0.9354838709677419 1773
1737429629837 0.9393939393939394 1774
1737429630156 0.8947368421052632 1775
1737429630473 0.967741935483871 1776
1737429630791 0.9411764705882353 1777
1737429631110 0.9310344827586207 1778
1737429631431 0.9333333333333333 1779
1737429631752 0.9354838709677419 1780
1737429632070 0.9444444444444444 1781
1737429632388 0.9615384615384616 1782
1737429632706 0.9259259259259259 1783
1737429633023 0.8333333333333334 1784
1737429633342 0.8064516129032258 1785
1737429633658 0.9285714285714286 1786
1737429633979 0.9375 1787
1737429634296 0.875 1788
1737429634614 0.9393939393939394 1789
1737429634932 0.9259259259259259 1790
1737429635250 0.8928571428571429 1791
1737429635568 0.9310344827586207 1792
1737429635888 0.9473684210526315 1793
1737429636205 0.9583333333333334 1794
1737429636522 0.9642857142857143 1795
1737429636839 0.96 1796
1737429637158 0.9166666666666666 1797
1737429637475 0.9666666666666667 1798
1737429637793 0.9642857142857143 1799
1737429638112 1.0 1800
1737429638430 0.96875 1801
1737429638749 0.875 1802
1737429639067 1.0 1803
1737429639386 0.9714285714285714 1804
1737429639704 0.9310344827586207 1805
1737429640022 0.9354838709677419 1806
1737429640342 0.9032258064516129 1807
1737429640659 0.8571428571428571 1808
1737429640977 0.9615384615384616 1809
1737429641294 1.0 1810
1737429641614 0.8928571428571429 1811
1737429641930 0.8333333333333334 1812
1737429642251 0.8125 1813
1737429642568 0.8518518518518519 1814
1737429642887 0.92 1815
1737429643207 0.8484848484848485 1816
1737429643530 0.8823529411764706 1817
1737429643854 0.9615384615384616 1818
1737429644171 0.875 1819
1737429644489 0.9545454545454546 1820
1737429644807 0.9142857142857143 1821
1737429645126 1.0 1822
1737429645446 0.9310344827586207 1823
1737429645763 0.9696969696969697 1824
1737429646080 0.96 1825
1737429646398 0.9310344827586207 1826
1737429646714 1.0 1827
1737429647033 0.9655172413793104 1828
1737429647351 0.9259259259259259 1829
1737429647665 0.9333333333333333 1830
1737429647992 0.9428571428571428 1831
1737429648310 0.9047619047619048 1832
1737429648628 0.875 1833
1737429648944 1.0 1834
1737429649263 0.84 1835
1737429649581 0.9411764705882353 1836
1737429649899 0.8787878787878788 1837
1737429650220 1.0 1838
1737429650537 0.9142857142857143 1839
1737429650854 0.8214285714285714 1840
1737429651171 1.0 1841
1737429651491 0.9736842105263158 1842
1737429651813 0.9142857142857143 1843
1737429652135 0.9444444444444444 1844
1737429652453 1.0 1845
1737429652770 1.0 1846
1737429653090 0.9583333333333334 1847
1737429653407 0.9696969696969697 1848
1737429653725 0.9310344827586207 1849
1737429654044 0.9666666666666667 1850
1737429654363 0.972972972972973 1851
1737429654682 0.9375 1852
1737429655001 0.8571428571428571 1853
1737429655319 0.9375 1854
1737429655639 0.8846153846153846 1855
1737429655960 1.0 1856
1737429656275 0.9 1857
1737429656593 0.9714285714285714 1858
1737429656909 1.0 1859
1737429657228 0.9142857142857143 1860
1737429657547 0.9583333333333334 1861
1737429657865 0.9642857142857143 1862
1737429658186 0.8333333333333334 1863
1737429658503 0.9333333333333333 1864
1737429658822 0.9565217391304348 1865
1737429659141 0.9375 1866
1737429659460 0.9696969696969697 1867
1737429659776 0.8928571428571429 1868
1737429660095 0.9259259259259259 1869
1737429660410 0.9 1870
1737429660729 0.9230769230769231 1871
1737429661048 1.0 1872
1737429661367 0.9444444444444444 1873
1737429661685 0.926829268292683 1874
1737429662002 1.0 1875
1737429662320 0.9375 1876
1737429662639 1.0 1877
1737429662957 0.9333333333333333 1878
1737429663274 0.9473684210526315 1879
1737429663592 1.0 1880
1737429663913 0.9285714285714286 1881
1737429664231 0.9428571428571428 1882
1737429664548 0.9666666666666667 1883
1737429664867 0.9655172413793104 1884
1737429665187 0.96875 1885
1737429665504 0.9743589743589743 1886
1737429665821 1.0 1887
1737429666140 0.9142857142857143 1888
1737429666457 0.8695652173913043 1889
1737429666774 0.9090909090909091 1890
1737429667092 0.9117647058823529 1891
1737429667409 0.9166666666666666 1892
1737429667729 0.967741935483871 1893
1737429668048 0.96875 1894
1737429668368 0.95 1895
1737429668685 1.0 1896
1737429669006 0.9736842105263158 1897
1737429669322 0.9666666666666667 1898
1737429669639 0.8648648648648649 1899
1737429669958 1.0 1900
1737429670276 1.0 1901
1737429670594 0.8918918918918919 1902
1737429670912 0.9310344827586207 1903
1737429671233 0.9259259259259259 1904
1737429671551 1.0 1905
1737429671870 1.0 1906
1737429672188 0.967741935483871 1907
1737429672507 0.9354838709677419 1908
1737429672825 0.92 1909
1737429673140 0.9629629629629629 1910
1737429673458 0.9117647058823529 1911
1737429673778 0.967741935483871 1912
1737429674097 0.9666666666666667 1913
1737429674414 0.8529411764705882 1914
1737429674732 0.9375 1915
1737429675052 0.9166666666666666 1916
1737429675370 0.9333333333333333 1917
1737429675688 0.8846153846153846 1918
1737429676007 0.9375 1919
1737429676325 0.967741935483871 1920
1737429676644 1.0 1921
1737429676962 0.9642857142857143 1922
1737429677281 0.972972972972973 1923
1737429677598 1.0 1924
1737429677918 1.0 1925
1737429678236 0.9285714285714286 1926
1737429678554 0.9615384615384616 1927
1737429678871 1.0 1928
1737429679188 0.9333333333333333 1929
1737429679506 1.0 1930
1737429679824 0.8928571428571429 1931
1737429680140 0.9696969696969697 1932
1737429680460 0.90625 1933
1737429680778 0.9393939393939394 1934
1737429681096 0.868421052631579 1935
1737429681415 0.8888888888888888 1936
1737429681733 0.8666666666666667 1937
1737429682052 0.9 1938
1737429682371 0.9285714285714286 1939
1737429682690 1.0 1940
1737429683008 0.9487179487179487 1941
1737429683325 1.0 1942
1737429683644 1.0 1943
1737429683962 0.9615384615384616 1944
1737429684279 1.0 1945
1737429684596 1.0 1946
1737429684916 0.9523809523809523 1947
1737429685234 0.9629629629629629 1948
1737429685552 1.0 1949
1737429685870 1.0 1950
1737429686191 1.0 1951
1737429686508 0.8709677419354839 1952
1737429686824 0.9230769230769231 1953
1737429687141 0.9090909090909091 1954
1737429687462 0.8857142857142857 1955
1737429687782 0.7647058823529411 1956
1737429688100 0.96 1957
1737429688419 1.0 1958
1737429688738 0.9565217391304348 1959
1737429689057 0.9696969696969697 1960
1737429689376 0.9318181818181818 1961
1737429689697 1.0 1962
1737429690018 1.0 1963
1737429690337 1.0 1964
1737429690657 0.9259259259259259 1965
1737429690975 1.0 1966
1737429691292 0.9166666666666666 1967
1737429691610 1.0 1968
1737429691930 0.9166666666666666 1969
1737429692246 0.896551724137931 1970
1737429692563 0.8387096774193549 1971
1737429692881 0.9166666666666666 1972
1737429693201 0.9714285714285714 1973
1737429693520 0.7878787878787878 1974
1737429693839 0.8461538461538461 1975
1737429694158 1.0 1976
1737429694476 0.92 1977
1737429694795 0.84375 1978
1737429695112 0.90625 1979
1737429695431 1.0 1980
1737429695750 0.8709677419354839 1981
1737429696067 0.9714285714285714 1982
1737429696387 1.0 1983
1737429696706 1.0 1984
1737429697024 0.9333333333333333 1985
1737429697341 0.96 1986
1737429697661 0.9375 1987
1737429697977 0.9666666666666667 1988
1737429698295 0.96875 1989
1737429698611 0.9629629629629629 1990
1737429698932 0.9642857142857143 1991
1737429699249 0.9310344827586207 1992
1737429699568 0.8518518518518519 1993
1737429699888 0.9629629629629629 1994
1737429700205 0.9629629629629629 1995
1737429700525 0.9428571428571428 1996
1737429700843 0.8620689655172413 1997
1737429701162 0.9666666666666667 1998
1737429701480 0.9583333333333334 1999
1737429701799 0.9655172413793104 2000
1737429702117 0.9642857142857143 2001
1737429702435 1.0 2002
1737429702755 0.9655172413793104 2003
1737429703076 0.9130434782608695 2004
1737429703392 0.972972972972973 2005
1737429703711 0.96 2006
1737429704029 0.9696969696969697 2007
1737429704345 0.9655172413793104 2008
1737429704663 0.8620689655172413 2009
1737429704983 0.8857142857142857 2010
1737429705303 0.9722222222222222 2011
1737429705623 0.9393939393939394 2012
1737429705941 1.0 2013
1737429706260 0.9705882352941176 2014
1737429706580 1.0 2015
1737429706900 0.9714285714285714 2016
1737429707219 1.0 2017
1737429707537 1.0 2018
1737429707855 0.9705882352941176 2019
1737429708173 1.0 2020
1737429708492 0.9642857142857143 2021
1737429708811 0.9032258064516129 2022
1737429709129 0.95 2023
1737429709445 0.8695652173913043 2024
1737429709764 0.8571428571428571 2025
1737429710084 0.9629629629629629 2026
1737429710401 1.0 2027
1737429710719 0.96875 2028
1737429711037 0.9629629629629629 2029
1737429711356 1.0 2030
1737429711682 1.0 2031
1737429711999 0.9722222222222222 2032
1737429712319 0.92 2033
1737429712638 0.9032258064516129 2034
