1737429032742 0.33695652173913043 1
1737429033058 0.31521739130434784 2
1737429033373 0.29347826086956524 3
1737429033688 0.2391304347826087 4
1737429034005 0.33695652173913043 5
1737429034332 0.31521739130434784 6
1737429034649 0.40217391304347827 7
1737429034964 0.4782608695652174 8
1737429035286 0.4782608695652174 9
1737429035601 0.3804347826086957 10
1737429035917 0.4673913043478261 11
1737429036234 0.5 12
1737429036550 0.44565217391304346 13
1737429036866 0.42391304347826086 14
1737429037182 0.45652173913043476 15
1737429037496 0.2826086956521739 16
1737429037813 0.3695652173913043 17
1737429038131 0.41304347826086957 18
1737429038446 0.4782608695652174 19
1737429038769 0.5 20
1737429039084 0.4782608695652174 21
1737429039399 0.5543478260869565 22
1737429039719 0.5543478260869565 23
1737429040037 0.6304347826086957 24
1737429040444 0.5434782608695652 25
1737429040810 0.532608695652174 26
1737429041189 0.5217391304347826 27
1737429041540 0.5652173913043478 28
1737429041889 0.5869565217391305 29
1737429042216 0.5543478260869565 30
1737429042536 0.5869565217391305 31
1737429042853 0.6413043478260869 32
1737429043169 0.5217391304347826 33
1737429043485 0.5217391304347826 34
1737429043800 0.6304347826086957 35
1737429044116 0.6956521739130435 36
1737429044430 0.6521739130434783 37
1737429044745 0.6956521739130435 38
1737429045063 0.6847826086956522 39
1737429045379 0.6521739130434783 40
1737429045694 0.717391304347826 41
1737429046015 0.6521739130434783 42
1737429046335 0.6086956521739131 43
1737429046650 0.6521739130434783 44
1737429046963 0.8043478260869565 45
1737429047277 0.6413043478260869 46
1737429047596 0.6413043478260869 47
1737429047915 0.7717391304347826 48
1737429048231 0.6630434782608695 49
1737429048546 0.6956521739130435 50
1737429048862 0.7391304347826086 51
1737429049180 0.7391304347826086 52
1737429049496 0.6847826086956522 53
1737429049812 0.7065217391304348 54
1737429050129 0.6630434782608695 55
1737429050444 0.6521739130434783 56
1737429050759 0.6956521739130435 57
1737429051076 0.782608695652174 58
1737429051391 0.6630434782608695 59
1737429051712 0.7282608695652174 60
1737429052028 0.7608695652173914 61
1737429052345 0.7065217391304348 62
1737429052662 0.75 63
1737429052978 0.8043478260869565 64
1737429053295 0.6413043478260869 65
1737429053613 0.6630434782608695 66
1737429053928 0.7391304347826086 67
1737429054242 0.6956521739130435 68
1737429054559 0.8152173913043478 69
1737429054874 0.7608695652173914 70
1737429055189 0.7282608695652174 71
1737429055503 0.6630434782608695 72
1737429055820 0.7391304347826086 73
1737429056136 0.75 74
1737429056454 0.75 75
1737429056770 0.8043478260869565 76
1737429057089 0.7717391304347826 77
1737429057405 0.717391304347826 78
1737429057723 0.7934782608695652 79
1737429058055 0.7391304347826086 80
1737429058383 0.7391304347826086 81
1737429058699 0.7065217391304348 82
1737429059017 0.7065217391304348 83
1737429059336 0.6195652173913043 84
1737429059652 0.75 85
1737429059968 0.7608695652173914 86
1737429060285 0.8369565217391305 87
1737429060602 0.75 88
1737429060920 0.75 89
1737429061239 0.8043478260869565 90
1737429061556 0.7391304347826086 91
1737429061873 0.782608695652174 92
1737429062190 0.6739130434782609 93
1737429062507 0.6739130434782609 94
1737429062827 0.7391304347826086 95
1737429063144 0.7717391304347826 96
1737429063461 0.782608695652174 97
1737429063777 0.7934782608695652 98
1737429064094 0.7282608695652174 99
1737429064411 0.7717391304347826 100
1737429064727 0.8152173913043478 101
1737429065045 0.8043478260869565 102
1737429065361 0.8369565217391305 103
1737429065679 0.6630434782608695 104
1737429065995 0.7608695652173914 105
1737429066312 0.8260869565217391 106
1737429066628 0.8152173913043478 107
1737429066945 0.7717391304347826 108
1737429067263 0.7608695652173914 109
1737429067582 0.6630434782608695 110
1737429067900 0.782608695652174 111
1737429068218 0.6956521739130435 112
1737429068535 0.782608695652174 113
1737429068850 0.8369565217391305 114
1737429069167 0.8152173913043478 115
1737429069483 0.7934782608695652 116
1737429069800 0.8478260869565217 117
1737429070117 0.7391304347826086 118
1737429070435 0.7391304347826086 119
1737429070753 0.8043478260869565 120
1737429071072 0.717391304347826 121
1737429071388 0.8043478260869565 122
1737429071707 0.717391304347826 123
1737429072023 0.7065217391304348 124
1737429072341 0.7717391304347826 125
1737429072657 0.7934782608695652 126
1737429072973 0.7608695652173914 127
1737429073289 0.7934782608695652 128
1737429073607 0.7608695652173914 129
1737429073925 0.782608695652174 130
1737429074243 0.8152173913043478 131
1737429074557 0.8152173913043478 132
1737429074875 0.7717391304347826 133
1737429075193 0.7391304347826086 134
1737429075513 0.8043478260869565 135
1737429075828 0.7608695652173914 136
1737429076145 0.8369565217391305 137
1737429076461 0.8043478260869565 138
1737429076779 0.8043478260869565 139
1737429077096 0.8043478260869565 140
1737429077412 0.7391304347826086 141
1737429077729 0.7934782608695652 142
1737429078047 0.75 143
1737429078363 0.7934782608695652 144
1737429078678 0.7608695652173914 145
1737429078996 0.8152173913043478 146
1737429079312 0.7717391304347826 147
1737429079631 0.7608695652173914 148
1737429079949 0.7717391304347826 149
1737429080266 0.7717391304347826 150
1737429080584 0.8043478260869565 151
1737429080902 0.7608695652173914 152
1737429081219 0.75 153
1737429081537 0.8043478260869565 154
1737429081854 0.8586956521739131 155
1737429082171 0.7717391304347826 156
1737429082489 0.7934782608695652 157
1737429082806 0.75 158
1737429083123 0.7934782608695652 159
1737429083442 0.7282608695652174 160
1737429083760 0.7608695652173914 161
1737429084077 0.8260869565217391 162
1737429084394 0.8152173913043478 163
1737429084711 0.8478260869565217 164
1737429085028 0.6956521739130435 165
1737429085347 0.8043478260869565 166
1737429085662 0.8152173913043478 167
1737429085976 0.75 168
1737429086294 0.7608695652173914 169
1737429086613 0.8043478260869565 170
1737429086928 0.782608695652174 171
1737429087244 0.8586956521739131 172
1737429087562 0.7608695652173914 173
1737429087880 0.7934782608695652 174
1737429088196 0.6956521739130435 175
1737429088513 0.7391304347826086 176
1737429088831 0.8152173913043478 177
1737429089152 0.7282608695652174 178
1737429089470 0.782608695652174 179
1737429089787 0.8260869565217391 180
1737429090105 0.8260869565217391 181
1737429090422 0.7934782608695652 182
1737429090738 0.75 183
1737429091055 0.7608695652173914 184
1737429091371 0.8369565217391305 185
1737429091688 0.8260869565217391 186
1737429092006 0.7608695652173914 187
1737429092324 0.717391304347826 188
1737429092643 0.782608695652174 189
1737429092960 0.8043478260869565 190
1737429093278 0.8152173913043478 191
1737429093596 0.8260869565217391 192
1737429093913 0.7065217391304348 193
1737429094230 0.7934782608695652 194
1737429094547 0.7934782608695652 195
1737429094865 0.7717391304347826 196
1737429095181 0.7391304347826086 197
1737429095498 0.7391304347826086 198
1737429095816 0.75 199
1737429096137 0.8152173913043478 200
1737429096457 0.7282608695652174 201
1737429096772 0.6413043478260869 202
1737429097088 0.7282608695652174 203
1737429097406 0.75 204
1737429097725 0.782608695652174 205
1737429098041 0.782608695652174 206
1737429098356 0.7608695652173914 207
1737429098675 0.8043478260869565 208
1737429098992 0.8152173913043478 209
1737429099310 0.8586956521739131 210
1737429099624 0.7608695652173914 211
1737429099940 0.717391304347826 212
1737429100261 0.782608695652174 213
1737429100580 0.8369565217391305 214
1737429100898 0.8152173913043478 215
1737429101214 0.8369565217391305 216
1737429101532 0.7608695652173914 217
1737429101847 0.8369565217391305 218
1737429102165 0.8043478260869565 219
1737429102481 0.782608695652174 220
1737429102799 0.8695652173913043 221
1737429103117 0.7717391304347826 222
1737429103435 0.8152173913043478 223
1737429103752 0.8369565217391305 224
1737429104069 0.8478260869565217 225
1737429104386 0.8369565217391305 226
1737429104703 0.8478260869565217 227
1737429105021 0.8152173913043478 228
1737429105338 0.7608695652173914 229
1737429105656 0.7608695652173914 230
1737429105973 0.75 231
1737429106292 0.782608695652174 232
1737429106607 0.7934782608695652 233
1737429106923 0.8152173913043478 234
1737429107242 0.75 235
1737429107562 0.8586956521739131 236
1737429107880 0.8478260869565217 237
1737429108198 0.8260869565217391 238
1737429108515 0.7608695652173914 239
1737429108833 0.7717391304347826 240
1737429109149 0.782608695652174 241
1737429109466 0.8586956521739131 242
1737429109786 0.8478260869565217 243
1737429110103 0.7934782608695652 244
1737429110421 0.8260869565217391 245
1737429110737 0.7717391304347826 246
1737429111056 0.7717391304347826 247
1737429111376 0.8043478260869565 248
1737429111699 0.7717391304347826 249
1737429112019 0.7391304347826086 250
1737429112335 0.7934782608695652 251
1737429112652 0.7608695652173914 252
1737429112969 0.75 253
1737429113289 0.7608695652173914 254
1737429113605 0.8152173913043478 255
1737429113924 0.7608695652173914 256
1737429114242 0.7717391304347826 257
1737429114560 0.782608695652174 258
1737429114879 0.8152173913043478 259
1737429115196 0.782608695652174 260
1737429115515 0.8586956521739131 261
1737429115834 0.7717391304347826 262
1737429116151 0.8260869565217391 263
1737429116470 0.8369565217391305 264
1737429116787 0.8913043478260869 265
1737429117105 0.8369565217391305 266
1737429117422 0.782608695652174 267
1737429117740 0.7934782608695652 268
1737429118057 0.8043478260869565 269
1737429118375 0.8586956521739131 270
1737429118692 0.8152173913043478 271
1737429119009 0.8043478260869565 272
1737429119328 0.7391304347826086 273
1737429119647 0.7608695652173914 274
1737429119965 0.8043478260869565 275
1737429120285 0.75 276
1737429120601 0.8043478260869565 277
1737429120920 0.8369565217391305 278
1737429121238 0.8369565217391305 279
1737429121555 0.7391304347826086 280
1737429121872 0.8369565217391305 281
1737429122190 0.8369565217391305 282
1737429122506 0.8804347826086957 283
1737429122825 0.782608695652174 284
1737429123141 0.75 285
1737429123458 0.8478260869565217 286
1737429123777 0.9021739130434783 287
1737429124094 0.782608695652174 288
1737429124414 0.8152173913043478 289
1737429124729 0.8152173913043478 290
1737429125047 0.8043478260869565 291
1737429125364 0.75 292
1737429125682 0.8695652173913043 293
1737429126000 0.8478260869565217 294
1737429126316 0.8152173913043478 295
1737429126632 0.8586956521739131 296
1737429126951 0.8152173913043478 297
1737429127270 0.782608695652174 298
1737429127589 0.8152173913043478 299
1737429127905 0.7717391304347826 300
1737429128223 0.7717391304347826 301
1737429128542 0.7717391304347826 302
1737429128861 0.8369565217391305 303
1737429129188 0.8913043478260869 304
1737429129520 0.7717391304347826 305
1737429129843 0.7717391304347826 306
1737429130164 0.8152173913043478 307
1737429130483 0.8695652173913043 308
1737429130799 0.782608695652174 309
1737429131118 0.7282608695652174 310
1737429131435 0.8478260869565217 311
1737429131751 0.7934782608695652 312
1737429132070 0.8695652173913043 313
1737429132390 0.8478260869565217 314
1737429132709 0.8478260869565217 315
1737429133023 0.8260869565217391 316
1737429133340 0.8695652173913043 317
1737429133660 0.782608695652174 318
1737429133978 0.8260869565217391 319
1737429134296 0.8043478260869565 320
1737429134612 0.782608695652174 321
1737429134932 0.8478260869565217 322
1737429135251 0.8152173913043478 323
1737429135569 0.8260869565217391 324
1737429135887 0.8260869565217391 325
1737429136204 0.8913043478260869 326
1737429136522 0.75 327
1737429136841 0.8260869565217391 328
1737429137160 0.8043478260869565 329
1737429137477 0.782608695652174 330
1737429137793 0.7608695652173914 331
1737429138109 0.8478260869565217 332
1737429138430 0.7934782608695652 333
1737429138749 0.7608695652173914 334
1737429139065 0.8043478260869565 335
1737429139382 0.75 336
1737429139700 0.8043478260869565 337
1737429140021 0.782608695652174 338
1737429140342 0.8152173913043478 339
1737429140662 0.7717391304347826 340
1737429140981 0.8260869565217391 341
1737429141298 0.8478260869565217 342
1737429141620 0.8260869565217391 343
1737429141937 0.8260869565217391 344
1737429142254 0.8043478260869565 345
1737429142577 0.8478260869565217 346
1737429142894 0.8260869565217391 347
1737429143211 0.8260869565217391 348
1737429143528 0.7934782608695652 349
1737429143848 0.8478260869565217 350
1737429144171 0.8152173913043478 351
1737429144490 0.7391304347826086 352
1737429144810 0.8695652173913043 353
1737429145127 0.8043478260869565 354
1737429145444 0.6521739130434783 355
1737429145759 0.75 356
1737429146075 0.782608695652174 357
1737429146392 0.8695652173913043 358
1737429146710 0.8695652173913043 359
1737429147027 0.8478260869565217 360
1737429147344 0.8695652173913043 361
1737429147663 0.8369565217391305 362
1737429147982 0.8586956521739131 363
1737429148297 0.7717391304347826 364
1737429148614 0.7934782608695652 365
1737429148932 0.782608695652174 366
1737429149250 0.8260869565217391 367
1737429149568 0.8152173913043478 368
1737429149885 0.8043478260869565 369
1737429150202 0.717391304347826 370
1737429150520 0.7934782608695652 371
1737429150839 0.8152173913043478 372
1737429151156 0.7282608695652174 373
1737429151475 0.7608695652173914 374
1737429151792 0.8478260869565217 375
1737429152111 0.8478260869565217 376
1737429152430 0.7717391304347826 377
1737429152748 0.7608695652173914 378
1737429153068 0.8043478260869565 379
1737429153389 0.7065217391304348 380
1737429153706 0.8260869565217391 381
1737429154021 0.8695652173913043 382
1737429154340 0.8369565217391305 383
1737429154656 0.8478260869565217 384
1737429154975 0.8586956521739131 385
1737429155291 0.8043478260869565 386
1737429155612 0.8260869565217391 387
1737429155930 0.7065217391304348 388
1737429156249 0.782608695652174 389
1737429156565 0.8152173913043478 390
1737429156884 0.7934782608695652 391
1737429157201 0.8152173913043478 392
1737429157519 0.8586956521739131 393
1737429157836 0.7391304347826086 394
1737429158153 0.8152173913043478 395
1737429158470 0.7934782608695652 396
1737429158787 0.8369565217391305 397
1737429159108 0.782608695652174 398
1737429159423 0.8260869565217391 399
1737429159742 0.8043478260869565 400
1737429160059 0.6956521739130435 401
1737429160377 0.8695652173913043 402
1737429160695 0.8478260869565217 403
1737429161013 0.75 404
1737429161330 0.75 405
1737429161651 0.8478260869565217 406
1737429161969 0.7934782608695652 407
1737429162285 0.8152173913043478 408
1737429162602 0.8804347826086957 409
1737429162921 0.8043478260869565 410
1737429163239 0.8260869565217391 411
1737429163557 0.782608695652174 412
1737429163874 0.8260869565217391 413
1737429164190 0.8260869565217391 414
1737429164508 0.8369565217391305 415
1737429164826 0.8478260869565217 416
1737429165146 0.8369565217391305 417
1737429165465 0.8369565217391305 418
1737429165783 0.7934782608695652 419
1737429166102 0.8478260869565217 420
1737429166419 0.8586956521739131 421
1737429166738 0.782608695652174 422
1737429167055 0.8586956521739131 423
1737429167372 0.6956521739130435 424
1737429167690 0.7608695652173914 425
1737429168009 0.782608695652174 426
1737429168327 0.8369565217391305 427
1737429168646 0.8804347826086957 428
1737429168965 0.8695652173913043 429
1737429169285 0.9130434782608695 430
1737429169604 0.7934782608695652 431
1737429169924 0.8369565217391305 432
1737429170241 0.8369565217391305 433
1737429170560 0.782608695652174 434
1737429170878 0.9456521739130435 435
1737429171194 0.7934782608695652 436
1737429171514 0.8260869565217391 437
1737429171836 0.782608695652174 438
1737429172154 0.8152173913043478 439
1737429172473 0.8695652173913043 440
1737429172790 0.8369565217391305 441
1737429173109 0.6521739130434783 442
1737429173425 0.782608695652174 443
1737429173744 0.8043478260869565 444
1737429174063 0.8260869565217391 445
1737429174383 0.75 446
1737429174702 0.8043478260869565 447
1737429175018 0.8369565217391305 448
1737429175335 0.8260869565217391 449
1737429175654 0.8152173913043478 450
1737429175971 0.8043478260869565 451
1737429176288 0.7717391304347826 452
1737429176606 0.7282608695652174 453
1737429176924 0.8478260869565217 454
1737429177242 0.8043478260869565 455
1737429177560 0.8369565217391305 456
1737429177876 0.8043478260869565 457
1737429178194 0.8695652173913043 458
1737429178512 0.8478260869565217 459
1737429178829 0.8478260869565217 460
1737429179147 0.8260869565217391 461
1737429179463 0.6847826086956522 462
1737429179781 0.8152173913043478 463
1737429180099 0.8260869565217391 464
1737429180418 0.8369565217391305 465
1737429180735 0.7934782608695652 466
1737429181053 0.8804347826086957 467
1737429181372 0.7391304347826086 468
1737429181688 0.8152173913043478 469
1737429182006 0.782608695652174 470
1737429182324 0.8152173913043478 471
1737429182644 0.8043478260869565 472
1737429182962 0.8804347826086957 473
1737429183279 0.7717391304347826 474
1737429183598 0.8586956521739131 475
1737429183916 0.8478260869565217 476
1737429184234 0.7934782608695652 477
1737429184550 0.8043478260869565 478
1737429184868 0.7934782608695652 479
1737429185185 0.8804347826086957 480
1737429185502 0.8260869565217391 481
1737429185819 0.8043478260869565 482
1737429186139 0.782608695652174 483
1737429186459 0.6956521739130435 484
1737429186774 0.7934782608695652 485
1737429187092 0.7608695652173914 486
1737429187411 0.8260869565217391 487
1737429187730 0.8152173913043478 488
1737429188048 0.8369565217391305 489
1737429188367 0.75 490
1737429188683 0.7391304347826086 491
1737429189001 0.782608695652174 492
1737429189318 0.8043478260869565 493
1737429189635 0.7608695652173914 494
1737429189952 0.717391304347826 495
1737429190268 0.8043478260869565 496
1737429190584 0.8369565217391305 497
1737429190900 0.8478260869565217 498
1737429191219 0.7608695652173914 499
1737429191538 0.8586956521739131 500
1737429191853 0.7282608695652174 501
1737429192172 0.8695652173913043 502
1737429192489 0.782608695652174 503
1737429192807 0.8260869565217391 504
1737429193125 0.7608695652173914 505
1737429193443 0.7934782608695652 506
1737429193761 0.7717391304347826 507
1737429194076 0.7717391304347826 508
1737429194393 0.782608695652174 509
1737429194711 0.8152173913043478 510
1737429195029 0.7717391304347826 511
1737429195347 0.7934782608695652 512
1737429195662 0.782608695652174 513
1737429195979 0.8260869565217391 514
1737429196296 0.8913043478260869 515
1737429196616 0.782608695652174 516
1737429196932 0.8260869565217391 517
1737429197247 0.8804347826086957 518
1737429197566 0.8260869565217391 519
1737429197882 0.7934782608695652 520
1737429198199 0.8804347826086957 521
1737429198517 0.9021739130434783 522
1737429198835 0.7391304347826086 523
1737429199152 0.7717391304347826 524
1737429199472 0.8369565217391305 525
1737429199790 0.8152173913043478 526
1737429200109 0.9021739130434783 527
1737429200425 0.75 528
1737429200745 0.8586956521739131 529
1737429201062 0.7934782608695652 530
1737429201381 0.8478260869565217 531
1737429201700 0.8586956521739131 532
1737429202020 0.8586956521739131 533
1737429202338 0.7717391304347826 534
1737429202657 0.8586956521739131 535
1737429202976 0.9021739130434783 536
1737429203293 0.8478260869565217 537
1737429203611 0.75 538
1737429203927 0.8804347826086957 539
1737429204245 0.8369565217391305 540
1737429204562 0.8586956521739131 541
1737429204879 0.8478260869565217 542
1737429205196 0.8804347826086957 543
1737429205514 0.8369565217391305 544
1737429205831 0.8586956521739131 545
1737429206150 0.7717391304347826 546
1737429206468 0.8586956521739131 547
1737429206783 0.8586956521739131 548
1737429207103 0.8695652173913043 549
1737429207420 0.8695652173913043 550
1737429207739 0.8586956521739131 551
1737429208055 0.8478260869565217 552
1737429208370 0.8152173913043478 553
1737429208686 0.782608695652174 554
1737429209006 0.8369565217391305 555
1737429209326 0.8586956521739131 556
1737429209642 0.8369565217391305 557
1737429209959 0.7934782608695652 558
1737429210279 0.8152173913043478 559
1737429210594 0.8152173913043478 560
1737429210912 0.7934782608695652 561
1737429211230 0.7608695652173914 562
1737429211546 0.7717391304347826 563
1737429211864 0.8586956521739131 564
1737429212182 0.8478260869565217 565
1737429212498 0.8152173913043478 566
1737429212815 0.7934782608695652 567
1737429213135 0.8478260869565217 568
1737429213451 0.8478260869565217 569
1737429213769 0.75 570
1737429214087 0.8478260869565217 571
1737429214406 0.8804347826086957 572
1737429214724 0.8043478260869565 573
1737429215043 0.7282608695652174 574
1737429215360 0.8478260869565217 575
1737429215679 0.8804347826086957 576
1737429215998 0.8586956521739131 577
1737429216316 0.782608695652174 578
1737429216632 0.7934782608695652 579
1737429216949 0.8260869565217391 580
1737429217267 0.8804347826086957 581
1737429217585 0.8913043478260869 582
1737429217904 0.8478260869565217 583
1737429218220 0.7934782608695652 584
1737429218538 0.7717391304347826 585
1737429218859 0.8369565217391305 586
1737429219178 0.8369565217391305 587
1737429219495 0.8152173913043478 588
1737429219813 0.8586956521739131 589
1737429220131 0.8043478260869565 590
1737429220448 0.7717391304347826 591
1737429220765 0.8478260869565217 592
1737429221083 0.7934782608695652 593
1737429221401 0.8260869565217391 594
1737429221718 0.8586956521739131 595
1737429222035 0.8369565217391305 596
1737429222351 0.782608695652174 597
1737429222672 0.8478260869565217 598
1737429222993 0.8043478260869565 599
1737429223309 0.7934782608695652 600
1737429223627 0.7934782608695652 601
1737429223945 0.7934782608695652 602
1737429224263 0.8369565217391305 603
1737429224581 0.8043478260869565 604
1737429224903 0.8043478260869565 605
1737429225219 0.8586956521739131 606
1737429225537 0.8152173913043478 607
1737429225856 0.8369565217391305 608
1737429226175 0.8043478260869565 609
1737429226493 0.8043478260869565 610
1737429226812 0.8369565217391305 611
1737429227128 0.7717391304347826 612
1737429227446 0.8260869565217391 613
1737429227764 0.8913043478260869 614
1737429228080 0.8695652173913043 615
1737429228401 0.7934782608695652 616
1737429228717 0.75 617
1737429229035 0.7717391304347826 618
1737429229355 0.8586956521739131 619
1737429229675 0.8043478260869565 620
1737429229993 0.8586956521739131 621
1737429230309 0.717391304347826 622
1737429230625 0.782608695652174 623
1737429230943 0.8260869565217391 624
1737429231260 0.8913043478260869 625
1737429231585 0.8804347826086957 626
1737429231905 0.8586956521739131 627
1737429232220 0.8586956521739131 628
1737429232538 0.717391304347826 629
1737429232857 0.7934782608695652 630
1737429233174 0.782608695652174 631
1737429233492 0.8695652173913043 632
1737429233808 0.8913043478260869 633
1737429234125 0.8152173913043478 634
1737429234444 0.8804347826086957 635
1737429234760 0.8043478260869565 636
1737429235078 0.9130434782608695 637
1737429235395 0.8804347826086957 638
1737429235712 0.7934782608695652 639
1737429236031 0.9021739130434783 640
1737429236351 0.8152173913043478 641
1737429236671 0.8478260869565217 642
1737429236989 0.8369565217391305 643
1737429237307 0.7717391304347826 644
1737429237626 0.8586956521739131 645
1737429237943 0.8260869565217391 646
1737429238263 0.7608695652173914 647
1737429238581 0.8152173913043478 648
1737429238898 0.8478260869565217 649
1737429239218 0.7934782608695652 650
1737429239533 0.8586956521739131 651
1737429239850 0.8913043478260869 652
1737429240168 0.8478260869565217 653
1737429240486 0.8695652173913043 654
1737429240805 0.8478260869565217 655
1737429241123 0.8152173913043478 656
1737429241441 0.7934782608695652 657
1737429241759 0.7065217391304348 658
1737429242077 0.8369565217391305 659
1737429242394 0.7608695652173914 660
1737429242711 0.7934782608695652 661
1737429243029 0.7717391304347826 662
1737429243346 0.7934782608695652 663
1737429243665 0.8586956521739131 664
1737429243985 0.8478260869565217 665
1737429244302 0.8478260869565217 666
1737429244618 0.8695652173913043 667
1737429244936 0.8369565217391305 668
1737429245252 0.8695652173913043 669
1737429245570 0.7608695652173914 670
1737429245889 0.7717391304347826 671
1737429246205 0.7391304347826086 672
1737429246525 0.8369565217391305 673
1737429246844 0.8804347826086957 674
1737429247160 0.7282608695652174 675
1737429247476 0.8478260869565217 676
1737429247794 0.8260869565217391 677
1737429248114 0.8369565217391305 678
1737429248434 0.7391304347826086 679
1737429248751 0.8260869565217391 680
1737429249069 0.7934782608695652 681
1737429249388 0.8152173913043478 682
1737429249705 0.8478260869565217 683
1737429250021 0.9021739130434783 684
1737429250339 0.782608695652174 685
1737429250658 0.7934782608695652 686
1737429250976 0.782608695652174 687
1737429251295 0.8260869565217391 688
1737429251614 0.8260869565217391 689
1737429251932 0.782608695652174 690
1737429252247 0.8586956521739131 691
1737429252566 0.7934782608695652 692
1737429252884 0.8586956521739131 693
1737429253200 0.8478260869565217 694
1737429253516 0.782608695652174 695
1737429253836 0.8478260869565217 696
1737429254155 0.8152173913043478 697
1737429254473 0.75 698
1737429254790 0.782608695652174 699
1737429255108 0.8260869565217391 700
1737429255428 0.8260869565217391 701
1737429255745 0.782608695652174 702
1737429256064 0.8586956521739131 703
1737429256385 0.8695652173913043 704
1737429256701 0.8260869565217391 705
1737429257021 0.8695652173913043 706
1737429257336 0.8260869565217391 707
1737429257654 0.8695652173913043 708
1737429257972 0.75 709
1737429258289 0.9021739130434783 710
1737429258606 0.8478260869565217 711
1737429258924 0.8043478260869565 712
1737429259242 0.8043478260869565 713
1737429259563 0.8152173913043478 714
1737429259879 0.8152173913043478 715
1737429260199 0.8478260869565217 716
1737429260518 0.7934782608695652 717
1737429260835 0.8586956521739131 718
1737429261155 0.8260869565217391 719
1737429261472 0.8478260869565217 720
1737429261790 0.8369565217391305 721
1737429262108 0.8369565217391305 722
1737429262426 0.8043478260869565 723
1737429262742 0.8260869565217391 724
1737429263069 0.75 725
1737429263397 0.9021739130434783 726
1737429263715 0.8043478260869565 727
1737429264032 0.9130434782608695 728
1737429264351 0.8695652173913043 729
1737429264668 0.8586956521739131 730
1737429264987 0.8695652173913043 731
1737429265306 0.8478260869565217 732
1737429265623 0.8478260869565217 733
1737429265939 0.8043478260869565 734
1737429266257 0.8152173913043478 735
1737429266574 0.8152173913043478 736
1737429266892 0.8369565217391305 737
1737429267212 0.8369565217391305 738
1737429267529 0.8369565217391305 739
1737429267847 0.8695652173913043 740
1737429268163 0.8043478260869565 741
1737429268480 0.8369565217391305 742
1737429268798 0.8586956521739131 743
1737429269118 0.8043478260869565 744
1737429269435 0.7934782608695652 745
1737429269755 0.8260869565217391 746
1737429270073 0.8478260869565217 747
1737429270392 0.8152173913043478 748
1737429270711 0.8260869565217391 749
1737429271027 0.8043478260869565 750
1737429271347 0.8152173913043478 751
1737429271664 0.75 752
1737429271982 0.8586956521739131 753
1737429272300 0.8695652173913043 754
1737429272619 0.8260869565217391 755
1737429272936 0.8152173913043478 756
1737429273255 0.8043478260869565 757
1737429273573 0.8804347826086957 758
1737429273891 0.8478260869565217 759
1737429274210 0.8695652173913043 760
1737429274529 0.8152173913043478 761
1737429274846 0.8913043478260869 762
1737429275166 0.8695652173913043 763
1737429275483 0.8152173913043478 764
1737429275805 0.8478260869565217 765
1737429276123 0.8152173913043478 766
1737429276442 0.8260869565217391 767
1737429276760 0.7934782608695652 768
1737429277080 0.9239130434782609 769
1737429277399 0.8152173913043478 770
1737429277718 0.8369565217391305 771
1737429278036 0.8586956521739131 772
1737429278355 0.8913043478260869 773
1737429278673 0.8043478260869565 774
1737429278991 0.8478260869565217 775
1737429279309 0.8260869565217391 776
1737429279627 0.8478260869565217 777
1737429279947 0.7717391304347826 778
1737429280262 0.8586956521739131 779
1737429280581 0.7391304347826086 780
1737429280899 0.8586956521739131 781
1737429281217 0.7717391304347826 782
1737429281535 0.8478260869565217 783
1737429281855 0.8478260869565217 784
1737429282171 0.8913043478260869 785
1737429282489 0.8586956521739131 786
1737429282807 0.7717391304347826 787
1737429283127 0.9782608695652174 788
1737429283445 0.7934782608695652 789
1737429283762 0.8586956521739131 790
1737429284081 0.8260869565217391 791
1737429284398 0.8586956521739131 792
1737429284715 0.8478260869565217 793
1737429285031 0.8152173913043478 794
1737429285349 0.8913043478260869 795
1737429285666 0.8478260869565217 796
1737429285985 0.8260869565217391 797
1737429286301 0.8586956521739131 798
1737429286619 0.8260869565217391 799
1737429286937 0.8043478260869565 800
1737429287262 0.8152173913043478 801
1737429287581 0.8913043478260869 802
1737429287899 0.9021739130434783 803
1737429288217 0.8260869565217391 804
1737429288536 0.8804347826086957 805
1737429288854 0.8586956521739131 806
1737429289169 0.8043478260869565 807
1737429289489 0.8369565217391305 808
1737429289807 0.8804347826086957 809
1737429290126 0.8478260869565217 810
1737429290443 0.782608695652174 811
1737429290760 0.8478260869565217 812
1737429291078 0.8043478260869565 813
1737429291397 0.7282608695652174 814
1737429291727 0.8152173913043478 815
1737429292046 0.8260869565217391 816
1737429292371 0.782608695652174 817
1737429292689 0.8478260869565217 818
1737429293008 0.8804347826086957 819
1737429293326 0.8260869565217391 820
1737429293643 0.8804347826086957 821
1737429293965 0.8260869565217391 822
1737429294284 0.7934782608695652 823
1737429294604 0.8043478260869565 824
1737429294921 0.9021739130434783 825
1737429295240 0.8369565217391305 826
1737429295559 0.8152173913043478 827
1737429295875 0.8804347826086957 828
1737429296192 0.8695652173913043 829
1737429296510 0.782608695652174 830
1737429296828 0.8478260869565217 831
1737429297148 0.7717391304347826 832
1737429297467 0.8369565217391305 833
1737429297785 0.7065217391304348 834
1737429298103 0.8804347826086957 835
1737429298420 0.9021739130434783 836
1737429298740 0.8695652173913043 837
1737429299058 0.9347826086956522 838
1737429299374 0.782608695652174 839
1737429299691 0.8369565217391305 840
1737429300015 0.7717391304347826 841
1737429300333 0.8369565217391305 842
1737429300650 0.8586956521739131 843
1737429300969 0.8586956521739131 844
1737429301287 0.8478260869565217 845
1737429301607 0.8152173913043478 846
1737429301926 0.75 847
1737429302243 0.8586956521739131 848
1737429302561 0.8478260869565217 849
1737429302879 0.8043478260869565 850
1737429303198 0.75 851
1737429303515 0.8152173913043478 852
1737429303832 0.8260869565217391 853
1737429304149 0.8260869565217391 854
1737429304464 0.8260869565217391 855
1737429304781 0.8478260869565217 856
1737429305100 0.782608695652174 857
1737429305420 0.8152173913043478 858
1737429305739 0.8695652173913043 859
1737429306057 0.8369565217391305 860
1737429306375 0.8152173913043478 861
1737429306590 0.7719298245614035 862
1737429324086 0.8804347826086957 863
1737429324406 0.8478260869565217 864
1737429324722 0.8152173913043478 865
1737429325039 0.8043478260869565 866
1737429325356 0.8260869565217391 867
1737429325673 0.8478260869565217 868
1737429325991 0.8369565217391305 869
1737429326306 0.9130434782608695 870
1737429326623 0.8152173913043478 871
1737429326940 0.8260869565217391 872
1737429327260 0.8586956521739131 873
1737429327578 0.8695652173913043 874
1737429327896 0.782608695652174 875
1737429328212 0.8804347826086957 876
1737429328530 0.8478260869565217 877
1737429328844 0.8152173913043478 878
1737429329159 0.9021739130434783 879
1737429329477 0.8369565217391305 880
1737429329794 0.8913043478260869 881
1737429330110 0.8586956521739131 882
1737429330428 0.8369565217391305 883
1737429330745 0.8586956521739131 884
1737429331063 0.8043478260869565 885
1737429331381 0.8478260869565217 886
1737429331699 0.8152173913043478 887
1737429332019 0.8043478260869565 888
1737429332337 0.7717391304347826 889
1737429332655 0.782608695652174 890
1737429332972 0.8913043478260869 891
1737429333290 0.9347826086956522 892
1737429333606 0.782608695652174 893
1737429333924 0.8478260869565217 894
1737429334242 0.782608695652174 895
1737429334561 0.8260869565217391 896
1737429334881 0.8043478260869565 897
1737429335197 0.8586956521739131 898
1737429335517 0.75 899
1737429335834 0.8260869565217391 900
1737429336150 0.8695652173913043 901
1737429336467 0.7282608695652174 902
1737429336787 0.8478260869565217 903
1737429337105 0.8260869565217391 904
1737429337421 0.782608695652174 905
1737429337739 0.782608695652174 906
1737429338059 0.7934782608695652 907
1737429338376 0.7934782608695652 908
1737429338694 0.75 909
1737429339009 0.9021739130434783 910
1737429339327 0.8152173913043478 911
1737429339646 0.8043478260869565 912
1737429339963 0.8478260869565217 913
1737429340280 0.8369565217391305 914
1737429340598 0.8369565217391305 915
1737429340915 0.9130434782608695 916
1737429341233 0.8586956521739131 917
1737429341551 0.8260869565217391 918
1737429341868 0.8586956521739131 919
1737429342189 0.8804347826086957 920
1737429342511 0.8478260869565217 921
1737429342829 0.8260869565217391 922
1737429343149 0.8260869565217391 923
1737429343464 0.8695652173913043 924
1737429343783 0.8586956521739131 925
1737429344101 0.8804347826086957 926
1737429344419 0.7608695652173914 927
1737429344735 0.8260869565217391 928
1737429345054 0.8478260869565217 929
1737429345375 0.8369565217391305 930
1737429345695 0.8913043478260869 931
1737429346010 0.8586956521739131 932
1737429346327 0.8478260869565217 933
1737429346646 0.8152173913043478 934
1737429346964 0.8804347826086957 935
1737429347281 0.8478260869565217 936
1737429347599 0.8478260869565217 937
1737429347917 0.9130434782608695 938
1737429348236 0.8804347826086957 939
1737429348554 0.8260869565217391 940
1737429348871 0.8586956521739131 941
1737429349191 0.8260869565217391 942
1737429349508 0.782608695652174 943
1737429349827 0.8695652173913043 944
1737429350144 0.8478260869565217 945
1737429350462 0.7717391304347826 946
1737429350779 0.9130434782608695 947
1737429351103 0.8478260869565217 948
1737429351436 0.8586956521739131 949
1737429351758 0.8369565217391305 950
1737429352077 0.7717391304347826 951
1737429352396 0.8804347826086957 952
1737429352715 0.8152173913043478 953
1737429353033 0.8260869565217391 954
1737429353348 0.75 955
1737429353665 0.8043478260869565 956
1737429353982 0.8369565217391305 957
1737429354298 0.8913043478260869 958
1737429354619 0.8478260869565217 959
1737429354937 0.8913043478260869 960
1737429355255 0.8260869565217391 961
1737429355571 0.8478260869565217 962
1737429355887 0.8804347826086957 963
1737429356205 0.8369565217391305 964
1737429356524 0.8586956521739131 965
1737429356844 0.7717391304347826 966
1737429357159 0.8369565217391305 967
1737429357475 0.9021739130434783 968
1737429357794 0.8260869565217391 969
1737429358114 0.8478260869565217 970
1737429358432 0.8260869565217391 971
1737429358751 0.8260869565217391 972
1737429359067 0.8260869565217391 973
1737429359386 0.7934782608695652 974
1737429359702 0.8913043478260869 975
1737429360024 0.9130434782608695 976
1737429360343 0.8152173913043478 977
1737429360659 0.782608695652174 978
1737429360977 0.8695652173913043 979
1737429361294 0.8913043478260869 980
1737429361611 0.8260869565217391 981
1737429361931 0.8369565217391305 982
1737429362248 0.8586956521739131 983
1737429362563 0.8804347826086957 984
1737429362879 0.8804347826086957 985
1737429363197 0.7934782608695652 986
1737429363516 0.8586956521739131 987
1737429363834 0.8804347826086957 988
1737429364154 0.8369565217391305 989
1737429364471 0.8369565217391305 990
1737429364789 0.8260869565217391 991
1737429365106 0.8804347826086957 992
1737429365424 0.8695652173913043 993
1737429365743 0.9130434782608695 994
1737429366060 0.9130434782608695 995
1737429366379 0.9456521739130435 996
1737429366695 0.8804347826086957 997
1737429367012 0.8260869565217391 998
1737429367329 0.9021739130434783 999
1737429367647 0.9130434782608695 1000
1737429367967 0.8695652173913043 1001
1737429368284 0.8260869565217391 1002
1737429368602 0.8586956521739131 1003
1737429368922 0.8478260869565217 1004
1737429369243 0.8586956521739131 1005
1737429369560 0.8586956521739131 1006
1737429369877 0.8478260869565217 1007
1737429370196 0.8804347826086957 1008
1737429370514 0.9021739130434783 1009
1737429370832 0.8586956521739131 1010
1737429371149 0.9021739130434783 1011
1737429371466 0.8586956521739131 1012
1737429371785 0.8804347826086957 1013
1737429372102 0.8586956521739131 1014
1737429372418 0.8369565217391305 1015
1737429372736 0.8804347826086957 1016
1737429373053 0.9456521739130435 1017
1737429373406 0.8586956521739131 1018
1737429373726 0.8804347826086957 1019
1737429374043 0.8369565217391305 1020
1737429374362 0.8804347826086957 1021
1737429374679 0.782608695652174 1022
1737429374998 0.9021739130434783 1023
1737429375315 0.8913043478260869 1024
1737429375635 0.9021739130434783 1025
1737429375951 0.9130434782608695 1026
1737429376269 0.8152173913043478 1027
1737429376585 0.8913043478260869 1028
1737429376902 0.9347826086956522 1029
1737429377226 0.8695652173913043 1030
1737429377549 0.8586956521739131 1031
1737429377866 0.9021739130434783 1032
1737429378181 0.8260869565217391 1033
1737429378502 0.9130434782608695 1034
1737429378818 0.8695652173913043 1035
1737429379136 0.8586956521739131 1036
1737429379455 0.8043478260869565 1037
1737429379771 0.8586956521739131 1038
1737429380088 0.8478260869565217 1039
1737429380407 0.8152173913043478 1040
1737429380726 0.8478260869565217 1041
1737429381045 0.8804347826086957 1042
1737429381365 0.8913043478260869 1043
1737429381681 0.8804347826086957 1044
1737429382001 0.8043478260869565 1045
1737429382318 0.8260869565217391 1046
1737429382637 0.9130434782608695 1047
1737429382957 0.8586956521739131 1048
1737429383276 0.8913043478260869 1049
1737429383593 0.8369565217391305 1050
1737429383910 0.8586956521739131 1051
1737429384228 0.8043478260869565 1052
1737429384546 0.8804347826086957 1053
1737429384863 0.8478260869565217 1054
1737429385180 0.8260869565217391 1055
1737429385497 0.9021739130434783 1056
1737429385817 0.8695652173913043 1057
1737429386135 0.9021739130434783 1058
1737429386452 0.9021739130434783 1059
1737429386769 0.8695652173913043 1060
1737429387087 0.8260869565217391 1061
1737429387406 0.9021739130434783 1062
1737429387725 0.8043478260869565 1063
1737429388042 0.8369565217391305 1064
1737429388361 0.8804347826086957 1065
1737429388689 0.8478260869565217 1066
1737429389020 0.9021739130434783 1067
1737429389335 0.8804347826086957 1068
1737429389651 0.8478260869565217 1069
1737429389970 0.8695652173913043 1070
1737429390286 0.8695652173913043 1071
1737429390604 0.9130434782608695 1072
1737429390920 0.8804347826086957 1073
1737429391246 0.8260869565217391 1074
1737429391563 0.8586956521739131 1075
1737429391880 0.9239130434782609 1076
1737429392198 0.9021739130434783 1077
1737429392518 0.9021739130434783 1078
1737429392837 0.8586956521739131 1079
1737429393154 0.9239130434782609 1080
1737429393471 0.9021739130434783 1081
1737429393789 0.8804347826086957 1082
1737429394106 0.9021739130434783 1083
1737429394424 0.8152173913043478 1084
1737429394743 0.8586956521739131 1085
1737429395060 0.8804347826086957 1086
1737429395379 0.8913043478260869 1087
1737429395698 0.9021739130434783 1088
1737429396016 0.9456521739130435 1089
1737429396332 0.8478260869565217 1090
1737429396651 0.8695652173913043 1091
1737429396970 0.8478260869565217 1092
1737429397292 0.8586956521739131 1093
1737429397612 0.8369565217391305 1094
1737429397930 0.8913043478260869 1095
1737429398247 0.9456521739130435 1096
1737429398565 0.9130434782608695 1097
1737429398883 0.9456521739130435 1098
1737429399200 0.9565217391304348 1099
1737429399515 0.9130434782608695 1100
1737429399832 0.8478260869565217 1101
1737429400149 0.782608695652174 1102
1737429400464 0.8586956521739131 1103
1737429400780 0.8695652173913043 1104
1737429401098 0.8478260869565217 1105
1737429401415 0.8478260869565217 1106
1737429401735 0.8804347826086957 1107
1737429402050 0.8260869565217391 1108
1737429402366 0.8586956521739131 1109
1737429402684 0.9021739130434783 1110
1737429403002 0.8695652173913043 1111
1737429403320 0.8260869565217391 1112
1737429403640 0.8260869565217391 1113
1737429403958 0.8913043478260869 1114
1737429404275 0.9021739130434783 1115
1737429404593 0.8478260869565217 1116
1737429404909 0.8913043478260869 1117
1737429405227 0.8913043478260869 1118
1737429405545 0.8695652173913043 1119
1737429405864 0.8695652173913043 1120
1737429406181 0.8586956521739131 1121
1737429406500 0.8913043478260869 1122
1737429406815 0.9239130434782609 1123
1737429407134 0.9021739130434783 1124
1737429407450 0.9239130434782609 1125
1737429407769 0.9239130434782609 1126
1737429408087 0.9021739130434783 1127
1737429408405 0.9021739130434783 1128
1737429408723 0.8369565217391305 1129
1737429409044 0.8478260869565217 1130
1737429409374 0.9130434782608695 1131
1737429409691 0.8913043478260869 1132
1737429410009 0.8369565217391305 1133
1737429410326 0.8804347826086957 1134
1737429410645 0.8369565217391305 1135
1737429410962 0.8913043478260869 1136
1737429411281 0.8695652173913043 1137
1737429411600 0.8369565217391305 1138
1737429411922 0.8478260869565217 1139
1737429412238 0.8913043478260869 1140
1737429412557 0.9239130434782609 1141
1737429412875 0.8478260869565217 1142
1737429413192 0.9130434782608695 1143
1737429413508 0.9239130434782609 1144
1737429413828 0.9239130434782609 1145
1737429414145 0.8804347826086957 1146
1737429414462 0.8260869565217391 1147
1737429414781 0.8586956521739131 1148
1737429415097 0.9456521739130435 1149
1737429415416 0.8586956521739131 1150
1737429415740 0.8913043478260869 1151
1737429416059 0.9021739130434783 1152
1737429416378 0.8913043478260869 1153
1737429416697 0.8478260869565217 1154
1737429417013 0.9456521739130435 1155
1737429417331 0.8695652173913043 1156
1737429417649 0.9130434782608695 1157
1737429417969 0.9130434782608695 1158
1737429418286 0.8913043478260869 1159
1737429418605 0.8260869565217391 1160
1737429418924 0.8913043478260869 1161
1737429419244 0.8913043478260869 1162
1737429419562 0.9021739130434783 1163
1737429419879 0.8369565217391305 1164
1737429420200 0.9347826086956522 1165
1737429420531 0.9239130434782609 1166
1737429420859 0.8260869565217391 1167
1737429421178 0.8478260869565217 1168
1737429421494 0.8586956521739131 1169
1737429421812 0.9021739130434783 1170
1737429422129 0.8913043478260869 1171
1737429422447 0.8152173913043478 1172
1737429422768 0.8913043478260869 1173
1737429423093 0.8260869565217391 1174
1737429423411 0.9130434782608695 1175
1737429423731 0.9347826086956522 1176
1737429424049 0.9130434782608695 1177
1737429424367 0.8586956521739131 1178
1737429424686 0.9565217391304348 1179
1737429425005 0.8586956521739131 1180
1737429425325 0.9130434782608695 1181
1737429425645 0.8586956521739131 1182
1737429425963 0.8695652173913043 1183
1737429426282 0.8913043478260869 1184
1737429426599 0.8913043478260869 1185
1737429426920 0.8804347826086957 1186
1737429427238 0.8478260869565217 1187
1737429427557 0.9239130434782609 1188
1737429427877 0.8586956521739131 1189
1737429428195 0.8478260869565217 1190
1737429428512 0.8695652173913043 1191
1737429428831 0.8695652173913043 1192
1737429429150 0.8043478260869565 1193
1737429429467 0.9239130434782609 1194
1737429429785 0.9130434782608695 1195
1737429430103 0.8369565217391305 1196
1737429430422 0.9130434782608695 1197
1737429430740 0.8369565217391305 1198
1737429431057 0.8695652173913043 1199
1737429431376 0.8260869565217391 1200
1737429431693 0.8478260869565217 1201
1737429432011 0.8695652173913043 1202
1737429432331 0.9347826086956522 1203
1737429432649 0.9021739130434783 1204
1737429432967 0.9021739130434783 1205
1737429433286 0.8695652173913043 1206
1737429433604 0.8260869565217391 1207
1737429433922 0.8695652173913043 1208
1737429434239 0.9565217391304348 1209
1737429434559 0.9239130434782609 1210
1737429434878 0.8586956521739131 1211
1737429435196 0.8804347826086957 1212
1737429435515 0.8586956521739131 1213
1737429435834 0.8478260869565217 1214
1737429436152 0.9456521739130435 1215
1737429436470 0.8586956521739131 1216
1737429436788 0.8043478260869565 1217
1737429437106 0.8260869565217391 1218
1737429437427 0.9130434782608695 1219
1737429437745 0.9239130434782609 1220
1737429438065 0.9239130434782609 1221
1737429438385 0.8804347826086957 1222
1737429438701 0.9021739130434783 1223
1737429439021 0.8369565217391305 1224
1737429439339 0.8804347826086957 1225
1737429439656 0.8478260869565217 1226
1737429439972 0.9130434782608695 1227
1737429440290 0.7934782608695652 1228
1737429440607 0.8804347826086957 1229
1737429440924 0.8913043478260869 1230
1737429441243 0.8913043478260869 1231
1737429441562 0.8478260869565217 1232
1737429441880 0.8804347826086957 1233
1737429442198 0.8478260869565217 1234
1737429442515 0.8152173913043478 1235
1737429442832 0.8586956521739131 1236
1737429443150 0.8804347826086957 1237
1737429443471 0.8913043478260869 1238
1737429443786 0.7934782608695652 1239
1737429444103 0.8152173913043478 1240
1737429444422 0.8804347826086957 1241
1737429444740 0.7934782608695652 1242
1737429445056 0.8804347826086957 1243
1737429445376 0.9130434782608695 1244
1737429445694 0.8804347826086957 1245
1737429446016 0.8695652173913043 1246
1737429446332 0.8586956521739131 1247
1737429446650 0.9239130434782609 1248
1737429446969 0.9021739130434783 1249
1737429447290 0.8478260869565217 1250
1737429447606 0.9130434782608695 1251
1737429447924 0.8913043478260869 1252
1737429448241 0.8913043478260869 1253
1737429448560 0.8913043478260869 1254
1737429448878 0.8804347826086957 1255
1737429449194 0.8152173913043478 1256
1737429449512 0.8369565217391305 1257
1737429449831 0.9239130434782609 1258
1737429450150 0.8913043478260869 1259
1737429450467 0.8913043478260869 1260
1737429450783 0.8260869565217391 1261
1737429451101 0.8369565217391305 1262
1737429451418 0.8260869565217391 1263
1737429451738 0.9347826086956522 1264
1737429452054 0.9347826086956522 1265
1737429452374 0.9021739130434783 1266
1737429452694 0.8369565217391305 1267
1737429453012 0.9021739130434783 1268
1737429453329 0.8695652173913043 1269
1737429453647 0.8260869565217391 1270
1737429453966 0.8695652173913043 1271
1737429454283 0.8695652173913043 1272
1737429454602 0.8913043478260869 1273
1737429454920 0.8369565217391305 1274
1737429455238 0.8260869565217391 1275
1737429455558 0.8586956521739131 1276
1737429455876 0.8695652173913043 1277
1737429456192 0.8695652173913043 1278
1737429456512 0.9021739130434783 1279
1737429456830 0.8804347826086957 1280
1737429457149 0.8913043478260869 1281
1737429457468 0.9021739130434783 1282
1737429457785 0.8804347826086957 1283
1737429458104 0.8695652173913043 1284
1737429458421 0.9130434782608695 1285
1737429458738 0.8260869565217391 1286
1737429459057 0.8586956521739131 1287
1737429459377 0.8478260869565217 1288
1737429459694 0.8913043478260869 1289
1737429460015 0.9239130434782609 1290
1737429460333 0.9021739130434783 1291
1737429460650 0.9456521739130435 1292
1737429460971 0.8695652173913043 1293
1737429461289 0.8586956521739131 1294
1737429461609 0.8804347826086957 1295
1737429461925 0.8695652173913043 1296
1737429462243 0.9782608695652174 1297
1737429462562 0.8586956521739131 1298
1737429462881 0.9239130434782609 1299
1737429463198 0.8913043478260869 1300
1737429463516 0.8586956521739131 1301
1737429463836 0.9565217391304348 1302
1737429464156 0.8913043478260869 1303
1737429464474 0.8152173913043478 1304
1737429464794 0.9239130434782609 1305
1737429465111 0.9021739130434783 1306
1737429465429 0.8369565217391305 1307
1737429465747 0.8152173913043478 1308
1737429466064 0.8478260869565217 1309
1737429466381 0.8804347826086957 1310
1737429466700 0.8369565217391305 1311
1737429467019 0.8804347826086957 1312
1737429467338 0.8695652173913043 1313
1737429467656 0.8804347826086957 1314
1737429467973 0.8369565217391305 1315
1737429468294 0.8695652173913043 1316
1737429468612 0.8478260869565217 1317
1737429468929 0.8586956521739131 1318
1737429469245 0.9130434782608695 1319
1737429469563 0.9130434782608695 1320
1737429469882 0.8804347826086957 1321
1737429470202 0.9239130434782609 1322
1737429470519 0.8695652173913043 1323
1737429470838 0.8152173913043478 1324
1737429471157 0.8695652173913043 1325
1737429471478 0.8804347826086957 1326
1737429471799 0.8695652173913043 1327
1737429472118 0.8478260869565217 1328
1737429472434 0.9347826086956522 1329
1737429472753 0.8586956521739131 1330
1737429473069 0.8586956521739131 1331
1737429473388 0.8260869565217391 1332
1737429473706 0.8586956521739131 1333
1737429474025 0.9021739130434783 1334
1737429474343 0.9456521739130435 1335
1737429474659 0.8913043478260869 1336
1737429474978 0.9239130434782609 1337
1737429475297 0.9239130434782609 1338
1737429475615 0.8695652173913043 1339
1737429475932 0.8804347826086957 1340
1737429476250 0.8695652173913043 1341
1737429476567 0.9239130434782609 1342
1737429476884 0.9021739130434783 1343
1737429477204 0.8586956521739131 1344
1737429477520 0.8695652173913043 1345
1737429477838 0.8043478260869565 1346
1737429478157 0.8913043478260869 1347
1737429478474 0.8586956521739131 1348
1737429478793 0.8369565217391305 1349
1737429479110 0.8913043478260869 1350
1737429479427 0.8913043478260869 1351
1737429479746 0.8586956521739131 1352
1737429480063 0.8369565217391305 1353
1737429480380 0.8586956521739131 1354
1737429480698 0.8695652173913043 1355
1737429481014 0.8369565217391305 1356
1737429481333 0.8695652173913043 1357
1737429481653 0.9021739130434783 1358
1737429481971 0.8260869565217391 1359
1737429482291 0.8369565217391305 1360
1737429482611 0.8260869565217391 1361
1737429482930 0.9239130434782609 1362
1737429483247 0.8478260869565217 1363
1737429483566 0.9130434782608695 1364
1737429483886 0.8478260869565217 1365
1737429484205 0.8804347826086957 1366
1737429484525 0.8152173913043478 1367
1737429484845 0.8260869565217391 1368
1737429485163 0.8478260869565217 1369
1737429485482 0.8260869565217391 1370
1737429485798 0.8804347826086957 1371
1737429486118 0.8913043478260869 1372
1737429486438 0.782608695652174 1373
1737429486759 0.8586956521739131 1374
1737429487077 0.8804347826086957 1375
1737429487394 0.8478260869565217 1376
1737429487714 0.9456521739130435 1377
1737429488033 0.8804347826086957 1378
1737429488353 0.9021739130434783 1379
1737429488669 0.9130434782608695 1380
1737429488988 0.8913043478260869 1381
1737429489306 0.8478260869565217 1382
1737429489623 0.9239130434782609 1383
1737429489941 0.9565217391304348 1384
1737429490258 0.8695652173913043 1385
1737429490575 0.8804347826086957 1386
1737429490894 0.9347826086956522 1387
1737429491214 0.8913043478260869 1388
1737429491531 0.9456521739130435 1389
1737429491850 0.8478260869565217 1390
1737429492169 0.8586956521739131 1391
1737429492488 0.9021739130434783 1392
1737429492806 0.9565217391304348 1393
1737429493125 0.9021739130434783 1394
1737429493444 0.8913043478260869 1395
1737429493763 0.8586956521739131 1396
1737429494081 0.9130434782608695 1397
1737429494400 0.9347826086956522 1398
1737429494720 0.8913043478260869 1399
1737429495036 0.8913043478260869 1400
1737429495356 0.9347826086956522 1401
1737429495673 0.8695652173913043 1402
1737429495991 0.8913043478260869 1403
1737429496310 0.8804347826086957 1404
1737429496629 0.8913043478260869 1405
1737429496945 0.9021739130434783 1406
1737429497267 0.8804347826086957 1407
1737429497586 0.8804347826086957 1408
1737429497902 0.8804347826086957 1409
1737429498221 0.9130434782608695 1410
1737429498541 0.9021739130434783 1411
1737429498861 0.9130434782608695 1412
1737429499179 0.9347826086956522 1413
1737429499499 0.9021739130434783 1414
1737429499818 0.8586956521739131 1415
1737429500136 0.8586956521739131 1416
1737429500457 0.8913043478260869 1417
1737429500774 0.8804347826086957 1418
1737429501092 0.8695652173913043 1419
1737429501409 0.8478260869565217 1420
1737429501727 0.9130434782608695 1421
1737429502045 0.8369565217391305 1422
1737429502364 0.8260869565217391 1423
1737429502683 0.8369565217391305 1424
1737429503005 0.8695652173913043 1425
1737429503323 0.8695652173913043 1426
1737429503641 0.8695652173913043 1427
1737429503958 0.8586956521739131 1428
1737429504275 0.8695652173913043 1429
1737429504592 0.8913043478260869 1430
1737429504912 0.8913043478260869 1431
1737429505229 0.8369565217391305 1432
1737429505546 0.8804347826086957 1433
1737429505864 0.9130434782608695 1434
1737429506182 0.8804347826086957 1435
1737429506503 0.8369565217391305 1436
1737429506819 0.8586956521739131 1437
1737429507138 0.9130434782608695 1438
1737429507458 0.8913043478260869 1439
1737429507776 0.8586956521739131 1440
1737429508095 0.8804347826086957 1441
1737429508411 0.8804347826086957 1442
1737429508727 0.9239130434782609 1443
1737429509044 0.9021739130434783 1444
1737429509367 0.9130434782608695 1445
1737429509682 0.9239130434782609 1446
1737429510001 0.8478260869565217 1447
1737429510319 0.9130434782608695 1448
1737429510637 0.9130434782608695 1449
1737429510956 0.9021739130434783 1450
1737429511275 0.9239130434782609 1451
1737429511593 0.8913043478260869 1452
1737429511911 0.8586956521739131 1453
1737429512229 0.9347826086956522 1454
1737429512547 0.8478260869565217 1455
1737429512863 0.8478260869565217 1456
1737429513181 0.9239130434782609 1457
1737429513500 0.8695652173913043 1458
1737429513818 0.8369565217391305 1459
1737429514134 0.9130434782608695 1460
1737429514452 0.8804347826086957 1461
1737429514768 0.8804347826086957 1462
1737429515086 0.8913043478260869 1463
1737429515403 0.8804347826086957 1464
1737429515722 0.8913043478260869 1465
1737429516038 0.9130434782608695 1466
1737429516358 0.8804347826086957 1467
1737429516675 0.9130434782608695 1468
1737429516993 0.8804347826086957 1469
1737429517311 0.9130434782608695 1470
1737429517627 0.8804347826086957 1471
1737429517945 0.9021739130434783 1472
1737429518262 0.8804347826086957 1473
1737429518580 0.8369565217391305 1474
1737429518899 0.8695652173913043 1475
1737429519219 0.9021739130434783 1476
1737429519535 0.9021739130434783 1477
1737429519854 0.8586956521739131 1478
1737429520175 0.8586956521739131 1479
1737429520494 0.8043478260869565 1480
1737429520811 0.9130434782608695 1481
1737429521129 0.8913043478260869 1482
1737429521446 0.8913043478260869 1483
1737429521765 0.8586956521739131 1484
1737429522083 0.8369565217391305 1485
1737429522402 0.8804347826086957 1486
1737429522718 0.9239130434782609 1487
1737429523036 0.9456521739130435 1488
1737429523354 0.9239130434782609 1489
1737429523671 0.9130434782608695 1490
1737429523989 0.8695652173913043 1491
1737429524307 0.8260869565217391 1492
1737429524623 0.8369565217391305 1493
1737429524940 0.9239130434782609 1494
1737429525259 0.9347826086956522 1495
1737429525577 0.8695652173913043 1496
1737429525897 0.9130434782608695 1497
1737429526216 0.9021739130434783 1498
1737429526533 0.9565217391304348 1499
1737429526851 0.9130434782608695 1500
1737429527170 0.8478260869565217 1501
1737429527490 0.9021739130434783 1502
1737429527806 0.8586956521739131 1503
1737429528124 0.8913043478260869 1504
1737429528443 0.9347826086956522 1505
1737429528764 0.8695652173913043 1506
1737429529081 0.8913043478260869 1507
1737429529399 0.8913043478260869 1508
1737429529718 0.8369565217391305 1509
1737429530035 0.9130434782608695 1510
1737429530353 0.8913043478260869 1511
1737429530671 0.8152173913043478 1512
1737429530989 0.8804347826086957 1513
1737429531310 0.9021739130434783 1514
1737429531629 0.8695652173913043 1515
1737429531950 0.9021739130434783 1516
1737429532268 0.8695652173913043 1517
1737429532584 0.8695652173913043 1518
1737429532903 0.8478260869565217 1519
1737429533222 0.8369565217391305 1520
1737429533540 0.9021739130434783 1521
1737429533856 0.8478260869565217 1522
1737429534175 0.8369565217391305 1523
1737429534493 0.8586956521739131 1524
1737429534810 0.8260869565217391 1525
1737429535128 0.8913043478260869 1526
1737429535446 0.9021739130434783 1527
1737429535763 0.8586956521739131 1528
1737429536082 0.8913043478260869 1529
1737429536399 0.8695652173913043 1530
1737429536717 0.8695652173913043 1531
1737429537035 0.8586956521739131 1532
1737429537354 0.8695652173913043 1533
1737429537672 0.8804347826086957 1534
1737429537991 0.8478260869565217 1535
1737429538311 0.9239130434782609 1536
1737429538629 0.8695652173913043 1537
1737429538947 0.9130434782608695 1538
1737429539265 0.8586956521739131 1539
1737429539583 0.9021739130434783 1540
1737429539902 0.782608695652174 1541
1737429540221 0.9021739130434783 1542
1737429540539 0.8913043478260869 1543
1737429540857 0.8695652173913043 1544
1737429541173 0.8913043478260869 1545
1737429541494 0.9130434782608695 1546
1737429541812 0.8152173913043478 1547
1737429542129 0.8586956521739131 1548
1737429542450 0.8695652173913043 1549
1737429542768 0.9021739130434783 1550
1737429543086 0.8804347826086957 1551
1737429543403 0.8478260869565217 1552
1737429543723 0.8804347826086957 1553
1737429544042 0.8804347826086957 1554
1737429544360 0.9565217391304348 1555
1737429544679 0.9130434782608695 1556
1737429544999 0.8913043478260869 1557
1737429545318 0.9130434782608695 1558
1737429545636 0.8804347826086957 1559
1737429545954 0.8260869565217391 1560
1737429546271 0.8695652173913043 1561
1737429546589 0.8804347826086957 1562
1737429546909 0.8695652173913043 1563
1737429547229 0.8586956521739131 1564
1737429547548 0.8804347826086957 1565
1737429547866 0.8804347826086957 1566
1737429548186 0.9130434782608695 1567
1737429548504 0.8804347826086957 1568
1737429548822 0.8804347826086957 1569
1737429549139 0.9021739130434783 1570
1737429549456 0.8152173913043478 1571
1737429549773 0.9565217391304348 1572
1737429550094 0.9021739130434783 1573
1737429550409 0.8586956521739131 1574
1737429550729 0.8695652173913043 1575
1737429551046 0.8913043478260869 1576
1737429551361 0.8586956521739131 1577
1737429551681 0.9021739130434783 1578
1737429551999 0.8804347826086957 1579
1737429552319 0.9239130434782609 1580
1737429552635 0.8804347826086957 1581
1737429552953 0.9021739130434783 1582
1737429553270 0.8804347826086957 1583
1737429553590 0.9021739130434783 1584
1737429553907 0.9130434782608695 1585
1737429554226 0.8804347826086957 1586
1737429554544 0.8369565217391305 1587
1737429554861 0.8913043478260869 1588
1737429555181 0.8695652173913043 1589
1737429555499 0.9456521739130435 1590
1737429555815 0.8804347826086957 1591
1737429556134 0.8478260869565217 1592
1737429556453 0.8913043478260869 1593
1737429556774 0.8804347826086957 1594
1737429557092 0.9347826086956522 1595
1737429557409 0.8152173913043478 1596
1737429557728 0.8586956521739131 1597
1737429558047 0.8913043478260869 1598
1737429558365 0.9130434782608695 1599
1737429558681 0.8695652173913043 1600
1737429559000 0.8913043478260869 1601
1737429559326 0.8913043478260869 1602
1737429559648 0.9021739130434783 1603
1737429559969 0.8695652173913043 1604
1737429560286 0.8804347826086957 1605
1737429560604 0.8804347826086957 1606
1737429560923 0.8695652173913043 1607
1737429561241 0.9130434782608695 1608
1737429561558 0.8913043478260869 1609
1737429561875 0.8152173913043478 1610
1737429562194 0.9130434782608695 1611
1737429562513 0.8586956521739131 1612
1737429562831 0.8804347826086957 1613
1737429563148 0.8695652173913043 1614
1737429563466 0.8586956521739131 1615
1737429563784 0.8913043478260869 1616
1737429564103 0.9130434782608695 1617
1737429564423 0.8913043478260869 1618
1737429564742 0.8804347826086957 1619
1737429565061 0.9565217391304348 1620
1737429565380 0.9130434782608695 1621
1737429565697 0.9130434782608695 1622
1737429566016 0.8804347826086957 1623
1737429566335 0.9239130434782609 1624
1737429566653 0.9347826086956522 1625
1737429566973 0.8804347826086957 1626
1737429567290 0.9130434782608695 1627
1737429567610 0.8804347826086957 1628
1737429567929 0.8913043478260869 1629
1737429568248 0.8260869565217391 1630
1737429568568 0.9021739130434783 1631
1737429568885 0.8586956521739131 1632
1737429569205 0.8804347826086957 1633
1737429569524 0.8913043478260869 1634
1737429569840 0.8913043478260869 1635
1737429570158 0.8913043478260869 1636
1737429570478 0.8913043478260869 1637
1737429570798 0.8804347826086957 1638
1737429571118 0.9021739130434783 1639
1737429571437 0.8586956521739131 1640
1737429571756 0.8913043478260869 1641
1737429572077 0.8152173913043478 1642
1737429572396 0.9347826086956522 1643
1737429572713 0.8478260869565217 1644
1737429573031 0.9021739130434783 1645
1737429573351 0.8586956521739131 1646
1737429573670 0.9130434782608695 1647
1737429573989 0.9021739130434783 1648
1737429574305 0.8260869565217391 1649
1737429574621 0.9565217391304348 1650
1737429574939 0.8369565217391305 1651
1737429575257 0.8913043478260869 1652
1737429575576 0.8913043478260869 1653
1737429575894 0.8586956521739131 1654
1737429576212 0.8913043478260869 1655
1737429576532 0.8369565217391305 1656
1737429576848 0.9565217391304348 1657
1737429577166 0.9021739130434783 1658
1737429577484 0.9239130434782609 1659
1737429577806 0.9130434782608695 1660
1737429578125 0.8586956521739131 1661
1737429578444 0.9021739130434783 1662
1737429578764 0.8804347826086957 1663
1737429579081 0.9130434782608695 1664
1737429579399 0.9347826086956522 1665
1737429579715 0.8369565217391305 1666
1737429580034 0.8695652173913043 1667
1737429580351 0.9021739130434783 1668
1737429580673 0.8478260869565217 1669
1737429580992 0.9239130434782609 1670
1737429581310 0.9239130434782609 1671
1737429581629 0.9130434782608695 1672
1737429581947 0.8478260869565217 1673
1737429582265 0.8586956521739131 1674
1737429582585 0.9021739130434783 1675
1737429582902 0.9021739130434783 1676
1737429583220 0.9021739130434783 1677
1737429583539 0.8804347826086957 1678
1737429583857 0.9021739130434783 1679
1737429584174 0.9130434782608695 1680
1737429584494 0.8913043478260869 1681
1737429584810 0.9130434782608695 1682
1737429585127 0.9347826086956522 1683
1737429585445 0.8913043478260869 1684
1737429585763 0.8804347826086957 1685
1737429586080 0.8478260869565217 1686
1737429586399 0.9021739130434783 1687
1737429586718 0.8586956521739131 1688
1737429587034 0.9239130434782609 1689
1737429587353 0.9239130434782609 1690
1737429587671 0.9021739130434783 1691
1737429587988 0.8695652173913043 1692
1737429588307 0.8804347826086957 1693
1737429588625 0.8695652173913043 1694
1737429588945 0.9347826086956522 1695
1737429589263 0.8695652173913043 1696
1737429589580 0.8478260869565217 1697
1737429589899 0.967391304347826 1698
1737429590219 0.9239130434782609 1699
1737429590539 0.9456521739130435 1700
1737429590855 0.8586956521739131 1701
1737429591174 0.8804347826086957 1702
1737429591497 0.8586956521739131 1703
1737429591819 0.9021739130434783 1704
1737429592137 0.9021739130434783 1705
1737429592455 0.9239130434782609 1706
1737429592775 0.9130434782608695 1707
1737429593093 0.8804347826086957 1708
1737429593411 0.8152173913043478 1709
1737429593730 0.9021739130434783 1710
1737429594049 0.9130434782608695 1711
1737429594368 0.9021739130434783 1712
1737429594686 0.8369565217391305 1713
1737429595006 0.8586956521739131 1714
1737429595322 0.8804347826086957 1715
1737429595641 0.9021739130434783 1716
1737429595960 0.8913043478260869 1717
1737429596278 0.9021739130434783 1718
1737429596594 0.8586956521739131 1719
1737429596915 0.8804347826086957 1720
1737429597236 0.9456521739130435 1721
1737429597552 0.8804347826086957 1722
1737429597869 0.8913043478260869 1723
1737429598075 0.9298245614035088 1724
1737429614274 0.8913043478260869 1725
1737429614592 0.9021739130434783 1726
1737429614908 0.8695652173913043 1727
1737429615224 0.8260869565217391 1728
1737429615542 0.8369565217391305 1729
1737429615861 0.8804347826086957 1730
1737429616178 0.9239130434782609 1731
1737429616496 0.9565217391304348 1732
1737429616812 0.8804347826086957 1733
1737429617130 0.8804347826086957 1734
1737429617446 0.9021739130434783 1735
1737429617764 0.9347826086956522 1736
1737429618083 0.8478260869565217 1737
1737429618400 0.9347826086956522 1738
1737429618716 0.9021739130434783 1739
1737429619035 0.9130434782608695 1740
1737429619353 0.9347826086956522 1741
1737429619668 0.8913043478260869 1742
1737429619986 0.9239130434782609 1743
1737429620303 0.9130434782608695 1744
1737429620625 0.9021739130434783 1745
1737429620942 0.9239130434782609 1746
1737429621260 0.8695652173913043 1747
1737429621575 0.8913043478260869 1748
1737429621892 0.9130434782608695 1749
1737429622209 0.8913043478260869 1750
1737429622529 0.8695652173913043 1751
1737429622848 0.8369565217391305 1752
1737429623164 0.9239130434782609 1753
1737429623483 0.9565217391304348 1754
1737429623799 0.8695652173913043 1755
1737429624118 0.8913043478260869 1756
1737429624435 0.8260869565217391 1757
1737429624754 0.9130434782608695 1758
1737429625072 0.8586956521739131 1759
1737429625388 0.9021739130434783 1760
1737429625705 0.8586956521739131 1761
1737429626024 0.9239130434782609 1762
1737429626343 0.9130434782608695 1763
1737429626660 0.8369565217391305 1764
1737429626982 0.8695652173913043 1765
1737429627299 0.8695652173913043 1766
1737429627619 0.8369565217391305 1767
1737429627938 0.8260869565217391 1768
1737429628256 0.8260869565217391 1769
1737429628574 0.8260869565217391 1770
1737429628891 0.8586956521739131 1771
1737429629209 0.9021739130434783 1772
1737429629528 0.8804347826086957 1773
1737429629846 0.8695652173913043 1774
1737429630164 0.8913043478260869 1775
1737429630481 0.9021739130434783 1776
1737429630800 0.9021739130434783 1777
1737429631118 0.9239130434782609 1778
1737429631440 0.8913043478260869 1779
1737429631761 0.8478260869565217 1780
1737429632079 0.9021739130434783 1781
1737429632396 0.9456521739130435 1782
1737429632714 0.9021739130434783 1783
1737429633031 0.8695652173913043 1784
1737429633351 0.8804347826086957 1785
1737429633667 0.9456521739130435 1786
1737429633987 0.8913043478260869 1787
1737429634305 0.9021739130434783 1788
1737429634623 0.8586956521739131 1789
1737429634940 0.8804347826086957 1790
1737429635259 0.8913043478260869 1791
1737429635577 0.9021739130434783 1792
1737429635897 0.9456521739130435 1793
1737429636214 0.8913043478260869 1794
1737429636530 0.8586956521739131 1795
1737429636847 0.8695652173913043 1796
1737429637167 0.8804347826086957 1797
1737429637484 0.8913043478260869 1798
1737429637802 0.9021739130434783 1799
1737429638121 0.9565217391304348 1800
1737429638439 0.9456521739130435 1801
1737429638758 0.8478260869565217 1802
1737429639077 0.9130434782608695 1803
1737429639395 0.9130434782608695 1804
1737429639713 0.8804347826086957 1805
1737429640031 0.9130434782608695 1806
1737429640351 0.9347826086956522 1807
1737429640668 0.8369565217391305 1808
1737429640985 0.9239130434782609 1809
1737429641303 0.9130434782608695 1810
1737429641623 0.8913043478260869 1811
1737429641939 0.8695652173913043 1812
1737429642259 0.8695652173913043 1813
1737429642577 0.8913043478260869 1814
1737429642896 0.9021739130434783 1815
1737429643216 0.8804347826086957 1816
1737429643540 0.8152173913043478 1817
1737429643863 0.8260869565217391 1818
1737429644180 0.8913043478260869 1819
1737429644498 0.8913043478260869 1820
1737429644816 0.8804347826086957 1821
1737429645135 0.8913043478260869 1822
1737429645454 0.9021739130434783 1823
1737429645771 0.9130434782608695 1824
1737429646088 0.9347826086956522 1825
1737429646406 0.9021739130434783 1826
1737429646723 0.9347826086956522 1827
1737429647041 0.8586956521739131 1828
1737429647360 0.9021739130434783 1829
1737429647674 0.9456521739130435 1830
1737429648001 0.9130434782608695 1831
1737429648318 0.9239130434782609 1832
1737429648637 0.8913043478260869 1833
1737429648954 0.9239130434782609 1834
1737429649272 0.8695652173913043 1835
1737429649589 0.8804347826086957 1836
1737429649907 0.9021739130434783 1837
1737429650228 0.9565217391304348 1838
1737429650545 0.8695652173913043 1839
1737429650862 0.8478260869565217 1840
1737429651179 0.967391304347826 1841
1737429651499 0.9565217391304348 1842
1737429651824 0.9239130434782609 1843
1737429652144 0.8913043478260869 1844
1737429652462 0.9456521739130435 1845
1737429652779 0.9239130434782609 1846
1737429653098 0.9130434782608695 1847
1737429653415 0.8913043478260869 1848
1737429653733 0.9021739130434783 1849
1737429654053 0.9347826086956522 1850
1737429654372 0.9021739130434783 1851
1737429654691 0.9239130434782609 1852
1737429655009 0.8804347826086957 1853
1737429655328 0.9021739130434783 1854
1737429655648 0.9239130434782609 1855
1737429655968 0.9565217391304348 1856
1737429656284 0.9239130434782609 1857
1737429656601 0.9456521739130435 1858
1737429656918 0.9130434782608695 1859
1737429657237 0.8586956521739131 1860
1737429657556 0.9347826086956522 1861
1737429657874 0.9239130434782609 1862
1737429658195 0.8913043478260869 1863
1737429658512 0.8913043478260869 1864
1737429658831 0.9021739130434783 1865
1737429659149 0.9130434782608695 1866
1737429659468 0.9130434782608695 1867
1737429659786 0.9021739130434783 1868
1737429660103 0.9239130434782609 1869
1737429660419 0.9021739130434783 1870
1737429660738 0.9347826086956522 1871
1737429661057 0.9456521739130435 1872
1737429661376 0.9456521739130435 1873
1737429661694 0.9130434782608695 1874
1737429662011 0.9021739130434783 1875
1737429662329 0.9347826086956522 1876
1737429662647 0.9347826086956522 1877
1737429662966 0.9130434782608695 1878
1737429663283 0.9239130434782609 1879
1737429663601 0.9456521739130435 1880
1737429663922 0.9347826086956522 1881
1737429664239 0.8804347826086957 1882
1737429664557 0.9130434782608695 1883
1737429664876 0.8695652173913043 1884
1737429665196 0.9239130434782609 1885
1737429665513 0.9565217391304348 1886
1737429665830 0.9347826086956522 1887
1737429666148 0.9239130434782609 1888
1737429666465 0.8913043478260869 1889
1737429666783 0.9347826086956522 1890
1737429667100 0.9239130434782609 1891
1737429667418 0.9021739130434783 1892
1737429667738 0.9239130434782609 1893
1737429668057 0.9239130434782609 1894
1737429668377 0.8913043478260869 1895
1737429668694 0.9347826086956522 1896
1737429669013 0.8913043478260869 1897
1737429669331 0.9239130434782609 1898
1737429669647 0.8586956521739131 1899
1737429669968 0.9456521739130435 1900
1737429670285 0.9130434782608695 1901
1737429670603 0.8804347826086957 1902
1737429670921 0.8695652173913043 1903
1737429671241 0.9021739130434783 1904
1737429671561 0.9565217391304348 1905
1737429671879 0.9130434782608695 1906
1737429672197 0.9347826086956522 1907
1737429672515 0.8804347826086957 1908
1737429672834 0.9456521739130435 1909
1737429673148 0.9456521739130435 1910
1737429673467 0.9347826086956522 1911
1737429673787 0.8913043478260869 1912
1737429674106 0.9021739130434783 1913
1737429674422 0.8804347826086957 1914
1737429674741 0.9347826086956522 1915
1737429675060 0.9565217391304348 1916
1737429675379 0.9021739130434783 1917
1737429675696 0.9347826086956522 1918
1737429676016 0.8913043478260869 1919
1737429676333 0.9456521739130435 1920
1737429676653 0.967391304347826 1921
1737429676971 0.8913043478260869 1922
1737429677289 0.9130434782608695 1923
1737429677606 0.9347826086956522 1924
1737429677926 0.9347826086956522 1925
1737429678245 0.9130434782608695 1926
1737429678562 0.9130434782608695 1927
1737429678879 0.9130434782608695 1928
1737429679196 0.9565217391304348 1929
1737429679514 0.9347826086956522 1930
1737429679833 0.9021739130434783 1931
1737429680149 0.9239130434782609 1932
1737429680469 0.9021739130434783 1933
1737429680786 0.9347826086956522 1934
1737429681105 0.8913043478260869 1935
1737429681424 0.8804347826086957 1936
1737429681741 0.9130434782608695 1937
1737429682060 0.9347826086956522 1938
1737429682379 0.9130434782608695 1939
1737429682699 0.9347826086956522 1940
1737429683017 0.9239130434782609 1941
1737429683334 0.967391304347826 1942
1737429683653 0.9130434782608695 1943
1737429683970 0.9565217391304348 1944
1737429684287 0.9239130434782609 1945
1737429684605 0.9021739130434783 1946
1737429684924 0.9021739130434783 1947
1737429685243 0.9565217391304348 1948
1737429685560 0.9456521739130435 1949
1737429685880 0.9239130434782609 1950
1737429686199 0.9782608695652174 1951
1737429686516 0.8913043478260869 1952
1737429686833 0.9456521739130435 1953
1737429687150 0.9239130434782609 1954
1737429687470 0.8695652173913043 1955
1737429687791 0.8478260869565217 1956
1737429688109 0.9347826086956522 1957
1737429688428 0.9782608695652174 1958
1737429688747 0.9130434782608695 1959
1737429689066 0.967391304347826 1960
1737429689385 0.9239130434782609 1961
1737429689706 0.9565217391304348 1962
1737429690027 0.9130434782608695 1963
1737429690346 0.8913043478260869 1964
1737429690666 0.9130434782608695 1965
1737429690984 0.9021739130434783 1966
1737429691301 0.9021739130434783 1967
1737429691618 0.8913043478260869 1968
1737429691938 0.9347826086956522 1969
1737429692255 0.9021739130434783 1970
1737429692572 0.8913043478260869 1971
1737429692890 0.9347826086956522 1972
1737429693209 0.9456521739130435 1973
1737429693528 0.8478260869565217 1974
1737429693848 0.9021739130434783 1975
1737429694167 0.9347826086956522 1976
1737429694484 0.9239130434782609 1977
1737429694804 0.8804347826086957 1978
1737429695120 0.9347826086956522 1979
1737429695440 0.9347826086956522 1980
1737429695758 0.9130434782608695 1981
1737429696076 0.9239130434782609 1982
1737429696396 0.967391304347826 1983
1737429696714 0.9456521739130435 1984
1737429697033 0.9347826086956522 1985
1737429697351 0.9239130434782609 1986
1737429697670 0.9456521739130435 1987
1737429697987 0.9782608695652174 1988
1737429698304 0.9565217391304348 1989
1737429698620 0.9565217391304348 1990
1737429698940 0.9021739130434783 1991
1737429699258 0.9347826086956522 1992
1737429699576 0.9456521739130435 1993
1737429699897 0.9565217391304348 1994
1737429700215 0.9021739130434783 1995
1737429700534 0.9130434782608695 1996
1737429700852 0.8913043478260869 1997
1737429701171 0.9347826086956522 1998
1737429701489 0.8586956521739131 1999
1737429701807 0.9239130434782609 2000
1737429702125 0.9347826086956522 2001
1737429702444 0.9565217391304348 2002
1737429702763 0.9782608695652174 2003
1737429703085 0.9130434782608695 2004
1737429703400 0.9565217391304348 2005
1737429703719 0.9456521739130435 2006
1737429704038 0.9456521739130435 2007
1737429704355 0.9565217391304348 2008
1737429704672 0.9347826086956522 2009
1737429704991 0.9021739130434783 2010
1737429705313 0.9782608695652174 2011
1737429705631 0.9130434782608695 2012
1737429705950 0.9347826086956522 2013
1737429706269 0.9239130434782609 2014
1737429706589 0.9456521739130435 2015
1737429706909 0.9456521739130435 2016
1737429707227 0.967391304347826 2017
1737429707545 0.9565217391304348 2018
1737429707864 0.9456521739130435 2019
1737429708182 0.9565217391304348 2020
1737429708501 0.9130434782608695 2021
1737429708820 0.8913043478260869 2022
1737429709137 0.967391304347826 2023
1737429709454 0.9021739130434783 2024
1737429709773 0.8804347826086957 2025
1737429710093 0.9239130434782609 2026
1737429710409 0.9565217391304348 2027
1737429710728 0.9239130434782609 2028
1737429711046 0.9239130434782609 2029
1737429711366 0.9239130434782609 2030
1737429711690 0.9456521739130435 2031
1737429712009 0.967391304347826 2032
1737429712328 0.9130434782608695 2033
1737429712647 0.9021739130434783 2034
