1737429032744 0.33695652173913043 1
1737429033059 0.31521739130434784 2
1737429033375 0.29347826086956524 3
1737429033689 0.2391304347826087 4
1737429034006 0.33695652173913043 5
1737429034334 0.31521739130434784 6
1737429034651 0.40217391304347827 7
1737429034965 0.4782608695652174 8
1737429035287 0.4782608695652174 9
1737429035602 0.3804347826086957 10
1737429035919 0.4673913043478261 11
1737429036235 0.5 12
1737429036552 0.44565217391304346 13
1737429036867 0.42391304347826086 14
1737429037183 0.45652173913043476 15
1737429037498 0.2826086956521739 16
1737429037814 0.3695652173913043 17
1737429038132 0.41304347826086957 18
1737429038448 0.4782608695652174 19
1737429038771 0.5 20
1737429039085 0.4782608695652174 21
1737429039401 0.5543478260869565 22
1737429039721 0.5543478260869565 23
1737429040038 0.6304347826086957 24
1737429040446 0.5434782608695652 25
1737429040812 0.532608695652174 26
1737429041190 0.5217391304347826 27
1737429041542 0.5652173913043478 28
1737429041890 0.5869565217391305 29
1737429042217 0.5543478260869565 30
1737429042537 0.5869565217391305 31
1737429042855 0.6413043478260869 32
1737429043170 0.5217391304347826 33
1737429043486 0.5217391304347826 34
1737429043802 0.6304347826086957 35
1737429044117 0.6956521739130435 36
1737429044432 0.6521739130434783 37
1737429044747 0.6956521739130435 38
1737429045064 0.6847826086956522 39
1737429045380 0.6521739130434783 40
1737429045695 0.717391304347826 41
1737429046016 0.6521739130434783 42
1737429046336 0.6086956521739131 43
1737429046651 0.6521739130434783 44
1737429046964 0.8043478260869565 45
1737429047278 0.6413043478260869 46
1737429047598 0.6413043478260869 47
1737429047917 0.7717391304347826 48
1737429048232 0.6630434782608695 49
1737429048547 0.6956521739130435 50
1737429048863 0.7391304347826086 51
1737429049182 0.7391304347826086 52
1737429049497 0.6847826086956522 53
1737429049814 0.7065217391304348 54
1737429050130 0.6630434782608695 55
1737429050445 0.6521739130434783 56
1737429050760 0.6956521739130435 57
1737429051077 0.782608695652174 58
1737429051392 0.6630434782608695 59
1737429051713 0.7282608695652174 60
1737429052029 0.7608695652173914 61
1737429052346 0.7065217391304348 62
1737429052663 0.75 63
1737429052979 0.8043478260869565 64
1737429053296 0.6413043478260869 65
1737429053614 0.6630434782608695 66
1737429053929 0.7391304347826086 67
1737429054243 0.6956521739130435 68
1737429054561 0.8152173913043478 69
1737429054875 0.7608695652173914 70
1737429055190 0.7282608695652174 71
1737429055504 0.6630434782608695 72
1737429055821 0.7391304347826086 73
1737429056137 0.75 74
1737429056455 0.75 75
1737429056771 0.8043478260869565 76
1737429057090 0.7717391304347826 77
1737429057406 0.717391304347826 78
1737429057724 0.7934782608695652 79
1737429058057 0.7391304347826086 80
1737429058384 0.7391304347826086 81
1737429058700 0.7065217391304348 82
1737429059018 0.7065217391304348 83
1737429059337 0.6195652173913043 84
1737429059653 0.75 85
1737429059969 0.7608695652173914 86
1737429060286 0.8369565217391305 87
1737429060604 0.75 88
1737429060922 0.75 89
1737429061240 0.8043478260869565 90
1737429061557 0.7391304347826086 91
1737429061874 0.782608695652174 92
1737429062191 0.6739130434782609 93
1737429062509 0.6739130434782609 94
1737429062828 0.7391304347826086 95
1737429063145 0.7717391304347826 96
1737429063462 0.782608695652174 97
1737429063778 0.7934782608695652 98
1737429064095 0.7282608695652174 99
1737429064412 0.7717391304347826 100
1737429064728 0.8152173913043478 101
1737429065046 0.8043478260869565 102
1737429065362 0.8369565217391305 103
1737429065680 0.6630434782608695 104
1737429065996 0.7608695652173914 105
1737429066313 0.8260869565217391 106
1737429066629 0.8152173913043478 107
1737429066946 0.7717391304347826 108
1737429067264 0.7608695652173914 109
1737429067584 0.6630434782608695 110
1737429067902 0.782608695652174 111
1737429068219 0.6956521739130435 112
1737429068536 0.782608695652174 113
1737429068852 0.8369565217391305 114
1737429069169 0.8152173913043478 115
1737429069485 0.7934782608695652 116
1737429069801 0.8478260869565217 117
1737429070118 0.7391304347826086 118
1737429070436 0.7391304347826086 119
1737429070754 0.8043478260869565 120
1737429071073 0.717391304347826 121
1737429071390 0.8043478260869565 122
1737429071708 0.717391304347826 123
1737429072024 0.7065217391304348 124
1737429072342 0.7717391304347826 125
1737429072658 0.7934782608695652 126
1737429072974 0.7608695652173914 127
1737429073291 0.7934782608695652 128
1737429073609 0.7608695652173914 129
1737429073926 0.782608695652174 130
1737429074244 0.8152173913043478 131
1737429074558 0.8152173913043478 132
1737429074876 0.7717391304347826 133
1737429075194 0.7391304347826086 134
1737429075514 0.8043478260869565 135
1737429075829 0.7608695652173914 136
1737429076147 0.8369565217391305 137
1737429076462 0.8043478260869565 138
1737429076780 0.8043478260869565 139
1737429077098 0.8043478260869565 140
1737429077413 0.7391304347826086 141
1737429077730 0.7934782608695652 142
1737429078048 0.75 143
1737429078364 0.7934782608695652 144
1737429078679 0.7608695652173914 145
1737429078997 0.8152173913043478 146
1737429079313 0.7717391304347826 147
1737429079633 0.7608695652173914 148
1737429079951 0.7717391304347826 149
1737429080267 0.7717391304347826 150
1737429080585 0.8043478260869565 151
1737429080904 0.7608695652173914 152
1737429081221 0.75 153
1737429081538 0.8043478260869565 154
1737429081855 0.8586956521739131 155
1737429082172 0.7717391304347826 156
1737429082490 0.7934782608695652 157
1737429082807 0.75 158
1737429083124 0.7934782608695652 159
1737429083444 0.7282608695652174 160
1737429083762 0.7608695652173914 161
1737429084078 0.8260869565217391 162
1737429084395 0.8152173913043478 163
1737429084713 0.8478260869565217 164
1737429085029 0.6956521739130435 165
1737429085348 0.8043478260869565 166
1737429085663 0.8152173913043478 167
1737429085978 0.75 168
1737429086295 0.7608695652173914 169
1737429086614 0.8043478260869565 170
1737429086930 0.782608695652174 171
1737429087246 0.8586956521739131 172
1737429087563 0.7608695652173914 173
1737429087881 0.7934782608695652 174
1737429088197 0.6956521739130435 175
1737429088515 0.7391304347826086 176
1737429088832 0.8152173913043478 177
1737429089153 0.7282608695652174 178
1737429089471 0.782608695652174 179
1737429089789 0.8260869565217391 180
1737429090106 0.8260869565217391 181
1737429090423 0.7934782608695652 182
1737429090740 0.75 183
1737429091056 0.7608695652173914 184
1737429091373 0.8369565217391305 185
1737429091689 0.8260869565217391 186
1737429092008 0.7608695652173914 187
1737429092326 0.717391304347826 188
1737429092644 0.782608695652174 189
1737429092961 0.8043478260869565 190
1737429093279 0.8152173913043478 191
1737429093597 0.8260869565217391 192
1737429093914 0.7065217391304348 193
1737429094231 0.7934782608695652 194
1737429094548 0.7934782608695652 195
1737429094866 0.7717391304347826 196
1737429095182 0.7391304347826086 197
1737429095499 0.7391304347826086 198
1737429095818 0.75 199
1737429096138 0.8152173913043478 200
1737429096458 0.7282608695652174 201
1737429096773 0.6413043478260869 202
1737429097089 0.7282608695652174 203
1737429097407 0.75 204
1737429097726 0.782608695652174 205
1737429098042 0.782608695652174 206
1737429098357 0.7608695652173914 207
1737429098676 0.8043478260869565 208
1737429098993 0.8152173913043478 209
1737429099311 0.8586956521739131 210
1737429099626 0.7608695652173914 211
1737429099942 0.717391304347826 212
1737429100262 0.782608695652174 213
1737429100582 0.8369565217391305 214
1737429100899 0.8152173913043478 215
1737429101216 0.8369565217391305 216
1737429101533 0.7608695652173914 217
1737429101849 0.8369565217391305 218
1737429102166 0.8043478260869565 219
1737429102482 0.782608695652174 220
1737429102801 0.8695652173913043 221
1737429103118 0.7717391304347826 222
1737429103437 0.8152173913043478 223
1737429103753 0.8369565217391305 224
1737429104071 0.8478260869565217 225
1737429104387 0.8369565217391305 226
1737429104704 0.8478260869565217 227
1737429105023 0.8152173913043478 228
1737429105339 0.7608695652173914 229
1737429105657 0.7608695652173914 230
1737429105975 0.75 231
1737429106293 0.782608695652174 232
1737429106608 0.7934782608695652 233
1737429106924 0.8152173913043478 234
1737429107244 0.75 235
1737429107563 0.8586956521739131 236
1737429107882 0.8478260869565217 237
1737429108199 0.8260869565217391 238
1737429108516 0.7608695652173914 239
1737429108834 0.7717391304347826 240
1737429109150 0.782608695652174 241
1737429109467 0.8586956521739131 242
1737429109788 0.8478260869565217 243
1737429110105 0.7934782608695652 244
1737429110422 0.8260869565217391 245
1737429110738 0.7717391304347826 246
1737429111057 0.7717391304347826 247
1737429111378 0.8043478260869565 248
1737429111700 0.7717391304347826 249
1737429112020 0.7391304347826086 250
1737429112336 0.7934782608695652 251
1737429112654 0.7608695652173914 252
1737429112970 0.75 253
1737429113290 0.7608695652173914 254
1737429113606 0.8152173913043478 255
1737429113926 0.7608695652173914 256
1737429114244 0.7717391304347826 257
1737429114562 0.782608695652174 258
1737429114880 0.8152173913043478 259
1737429115198 0.782608695652174 260
1737429115516 0.8586956521739131 261
1737429115836 0.7717391304347826 262
1737429116152 0.8260869565217391 263
1737429116471 0.8369565217391305 264
1737429116788 0.8913043478260869 265
1737429117106 0.8369565217391305 266
1737429117424 0.782608695652174 267
1737429117741 0.7934782608695652 268
1737429118059 0.8043478260869565 269
1737429118376 0.8586956521739131 270
1737429118694 0.8152173913043478 271
1737429119011 0.8043478260869565 272
1737429119330 0.7391304347826086 273
1737429119648 0.7608695652173914 274
1737429119966 0.8043478260869565 275
1737429120286 0.75 276
1737429120602 0.8043478260869565 277
1737429120921 0.8369565217391305 278
1737429121239 0.8369565217391305 279
1737429121557 0.7391304347826086 280
1737429121873 0.8369565217391305 281
1737429122191 0.8369565217391305 282
1737429122507 0.8804347826086957 283
1737429122826 0.782608695652174 284
1737429123142 0.75 285
1737429123459 0.8478260869565217 286
1737429123778 0.9021739130434783 287
1737429124096 0.782608695652174 288
1737429124415 0.8152173913043478 289
1737429124731 0.8152173913043478 290
1737429125048 0.8043478260869565 291
1737429125365 0.75 292
1737429125683 0.8695652173913043 293
1737429126001 0.8478260869565217 294
1737429126318 0.8152173913043478 295
1737429126634 0.8586956521739131 296
1737429126952 0.8152173913043478 297
1737429127272 0.782608695652174 298
1737429127591 0.8152173913043478 299
1737429127906 0.7717391304347826 300
1737429128224 0.7717391304347826 301
1737429128543 0.7717391304347826 302
1737429128862 0.8369565217391305 303
1737429129189 0.8913043478260869 304
1737429129521 0.7717391304347826 305
1737429129844 0.7717391304347826 306
1737429130165 0.8152173913043478 307
1737429130484 0.8695652173913043 308
1737429130800 0.782608695652174 309
1737429131119 0.7282608695652174 310
1737429131436 0.8478260869565217 311
1737429131753 0.7934782608695652 312
1737429132071 0.8695652173913043 313
1737429132392 0.8478260869565217 314
1737429132711 0.8478260869565217 315
1737429133025 0.8260869565217391 316
1737429133342 0.8695652173913043 317
1737429133662 0.782608695652174 318
1737429133980 0.8260869565217391 319
1737429134297 0.8043478260869565 320
1737429134613 0.782608695652174 321
1737429134933 0.8478260869565217 322
1737429135252 0.8152173913043478 323
1737429135570 0.8260869565217391 324
1737429135889 0.8260869565217391 325
1737429136205 0.8913043478260869 326
1737429136524 0.75 327
1737429136842 0.8260869565217391 328
1737429137161 0.8043478260869565 329
1737429137478 0.782608695652174 330
1737429137794 0.7608695652173914 331
1737429138110 0.8478260869565217 332
1737429138432 0.7934782608695652 333
1737429138750 0.7608695652173914 334
1737429139066 0.8043478260869565 335
1737429139383 0.75 336
1737429139701 0.8043478260869565 337
1737429140022 0.782608695652174 338
1737429140343 0.8152173913043478 339
1737429140663 0.7717391304347826 340
1737429140982 0.8260869565217391 341
1737429141299 0.8478260869565217 342
1737429141621 0.8260869565217391 343
1737429141938 0.8260869565217391 344
1737429142256 0.8043478260869565 345
1737429142578 0.8478260869565217 346
1737429142895 0.8260869565217391 347
1737429143212 0.8260869565217391 348
1737429143530 0.7934782608695652 349
1737429143849 0.8478260869565217 350
1737429144172 0.8152173913043478 351
1737429144492 0.7391304347826086 352
1737429144811 0.8695652173913043 353
1737429145128 0.8043478260869565 354
1737429145445 0.6521739130434783 355
1737429145760 0.75 356
1737429146076 0.782608695652174 357
1737429146394 0.8695652173913043 358
1737429146711 0.8695652173913043 359
1737429147028 0.8478260869565217 360
1737429147345 0.8695652173913043 361
1737429147665 0.8369565217391305 362
1737429147983 0.8586956521739131 363
1737429148299 0.7717391304347826 364
1737429148616 0.7934782608695652 365
1737429148933 0.782608695652174 366
1737429149252 0.8260869565217391 367
1737429149570 0.8152173913043478 368
1737429149886 0.8043478260869565 369
1737429150203 0.717391304347826 370
1737429150522 0.7934782608695652 371
1737429150840 0.8152173913043478 372
1737429151157 0.7282608695652174 373
1737429151476 0.7608695652173914 374
1737429151793 0.8478260869565217 375
1737429152113 0.8478260869565217 376
1737429152431 0.7717391304347826 377
1737429152749 0.7608695652173914 378
1737429153069 0.8043478260869565 379
1737429153390 0.7065217391304348 380
1737429153707 0.8260869565217391 381
1737429154022 0.8695652173913043 382
1737429154341 0.8369565217391305 383
1737429154657 0.8478260869565217 384
1737429154976 0.8586956521739131 385
1737429155292 0.8043478260869565 386
1737429155613 0.8260869565217391 387
1737429155931 0.7065217391304348 388
1737429156250 0.782608695652174 389
1737429156566 0.8152173913043478 390
1737429156885 0.7934782608695652 391
1737429157202 0.8152173913043478 392
1737429157520 0.8586956521739131 393
1737429157838 0.7391304347826086 394
1737429158154 0.8152173913043478 395
1737429158472 0.7934782608695652 396
1737429158789 0.8369565217391305 397
1737429159109 0.782608695652174 398
1737429159425 0.8260869565217391 399
1737429159743 0.8043478260869565 400
1737429160060 0.6956521739130435 401
1737429160378 0.8695652173913043 402
1737429160696 0.8478260869565217 403
1737429161015 0.75 404
1737429161331 0.75 405
1737429161652 0.8478260869565217 406
1737429161970 0.7934782608695652 407
1737429162286 0.8152173913043478 408
1737429162604 0.8804347826086957 409
1737429162922 0.8043478260869565 410
1737429163240 0.8260869565217391 411
1737429163558 0.782608695652174 412
1737429163875 0.8260869565217391 413
1737429164192 0.8260869565217391 414
1737429164510 0.8369565217391305 415
1737429164828 0.8478260869565217 416
1737429165147 0.8369565217391305 417
1737429165467 0.8369565217391305 418
1737429165785 0.7934782608695652 419
1737429166103 0.8478260869565217 420
1737429166420 0.8586956521739131 421
1737429166739 0.782608695652174 422
1737429167056 0.8586956521739131 423
1737429167374 0.6956521739130435 424
1737429167691 0.7608695652173914 425
1737429168010 0.782608695652174 426
1737429168328 0.8369565217391305 427
1737429168647 0.8804347826086957 428
1737429168966 0.8695652173913043 429
1737429169287 0.9130434782608695 430
1737429169605 0.7934782608695652 431
1737429169925 0.8369565217391305 432
1737429170243 0.8369565217391305 433
1737429170561 0.782608695652174 434
1737429170879 0.9456521739130435 435
1737429171195 0.7934782608695652 436
1737429171516 0.8260869565217391 437
1737429171837 0.782608695652174 438
1737429172156 0.8152173913043478 439
1737429172474 0.8695652173913043 440
1737429172792 0.8369565217391305 441
1737429173111 0.6521739130434783 442
1737429173426 0.782608695652174 443
1737429173746 0.8043478260869565 444
1737429174064 0.8260869565217391 445
1737429174384 0.75 446
1737429174704 0.8043478260869565 447
1737429175020 0.8369565217391305 448
1737429175336 0.8260869565217391 449
1737429175655 0.8152173913043478 450
1737429175972 0.8043478260869565 451
1737429176289 0.7717391304347826 452
1737429176607 0.7282608695652174 453
1737429176925 0.8478260869565217 454
1737429177243 0.8043478260869565 455
1737429177561 0.8369565217391305 456
1737429177877 0.8043478260869565 457
1737429178195 0.8695652173913043 458
1737429178513 0.8478260869565217 459
1737429178831 0.8478260869565217 460
1737429179148 0.8260869565217391 461
1737429179465 0.6847826086956522 462
1737429179782 0.8152173913043478 463
1737429180100 0.8260869565217391 464
1737429180419 0.8369565217391305 465
1737429180736 0.7934782608695652 466
1737429181054 0.8804347826086957 467
1737429181373 0.7391304347826086 468
1737429181689 0.8152173913043478 469
1737429182007 0.782608695652174 470
1737429182325 0.8152173913043478 471
1737429182646 0.8043478260869565 472
1737429182963 0.8804347826086957 473
1737429183281 0.7717391304347826 474
1737429183599 0.8586956521739131 475
1737429183918 0.8478260869565217 476
1737429184235 0.7934782608695652 477
1737429184551 0.8043478260869565 478
1737429184870 0.7934782608695652 479
1737429185186 0.8804347826086957 480
1737429185503 0.8260869565217391 481
1737429185821 0.8043478260869565 482
1737429186140 0.782608695652174 483
1737429186460 0.6956521739130435 484
1737429186776 0.7934782608695652 485
1737429187094 0.7608695652173914 486
1737429187412 0.8260869565217391 487
1737429187732 0.8152173913043478 488
1737429188049 0.8369565217391305 489
1737429188368 0.75 490
1737429188684 0.7391304347826086 491
1737429189002 0.782608695652174 492
1737429189319 0.8043478260869565 493
1737429189637 0.7608695652173914 494
1737429189953 0.717391304347826 495
1737429190269 0.8043478260869565 496
1737429190585 0.8369565217391305 497
1737429190901 0.8478260869565217 498
1737429191220 0.7608695652173914 499
1737429191539 0.8586956521739131 500
1737429191855 0.7282608695652174 501
1737429192173 0.8695652173913043 502
1737429192490 0.782608695652174 503
1737429192808 0.8260869565217391 504
1737429193126 0.7608695652173914 505
1737429193444 0.7934782608695652 506
1737429193762 0.7717391304347826 507
1737429194077 0.7717391304347826 508
1737429194395 0.782608695652174 509
1737429194713 0.8152173913043478 510
1737429195030 0.7717391304347826 511
1737429195348 0.7934782608695652 512
1737429195663 0.782608695652174 513
1737429195980 0.8260869565217391 514
1737429196297 0.8913043478260869 515
1737429196617 0.782608695652174 516
1737429196933 0.8260869565217391 517
1737429197248 0.8804347826086957 518
1737429197567 0.8260869565217391 519
1737429197883 0.7934782608695652 520
1737429198200 0.8804347826086957 521
1737429198518 0.9021739130434783 522
1737429198836 0.7391304347826086 523
1737429199154 0.7717391304347826 524
1737429199473 0.8369565217391305 525
1737429199791 0.8152173913043478 526
1737429200110 0.9021739130434783 527
1737429200426 0.75 528
1737429200747 0.8586956521739131 529
1737429201063 0.7934782608695652 530
1737429201382 0.8478260869565217 531
1737429201701 0.8586956521739131 532
1737429202021 0.8586956521739131 533
1737429202339 0.7717391304347826 534
1737429202659 0.8586956521739131 535
1737429202977 0.9021739130434783 536
1737429203294 0.8478260869565217 537
1737429203612 0.75 538
1737429203928 0.8804347826086957 539
1737429204246 0.8369565217391305 540
1737429204563 0.8586956521739131 541
1737429204881 0.8478260869565217 542
1737429205198 0.8804347826086957 543
1737429205515 0.8369565217391305 544
1737429205832 0.8586956521739131 545
1737429206152 0.7717391304347826 546
1737429206469 0.8586956521739131 547
1737429206785 0.8586956521739131 548
1737429207104 0.8695652173913043 549
1737429207421 0.8695652173913043 550
1737429207740 0.8586956521739131 551
1737429208056 0.8478260869565217 552
1737429208371 0.8152173913043478 553
1737429208687 0.782608695652174 554
1737429209007 0.8369565217391305 555
1737429209327 0.8586956521739131 556
1737429209643 0.8369565217391305 557
1737429209960 0.7934782608695652 558
1737429210279 0.8152173913043478 559
1737429210595 0.8152173913043478 560
1737429210913 0.7934782608695652 561
1737429211231 0.7608695652173914 562
1737429211547 0.7717391304347826 563
1737429211865 0.8586956521739131 564
1737429212183 0.8478260869565217 565
1737429212499 0.8152173913043478 566
1737429212817 0.7934782608695652 567
1737429213136 0.8478260869565217 568
1737429213452 0.8478260869565217 569
1737429213771 0.75 570
1737429214088 0.8478260869565217 571
1737429214407 0.8804347826086957 572
1737429214725 0.8043478260869565 573
1737429215044 0.7282608695652174 574
1737429215361 0.8478260869565217 575
1737429215680 0.8804347826086957 576
1737429216000 0.8586956521739131 577
1737429216317 0.782608695652174 578
1737429216634 0.7934782608695652 579
1737429216950 0.8260869565217391 580
1737429217269 0.8804347826086957 581
1737429217587 0.8913043478260869 582
1737429217905 0.8478260869565217 583
1737429218222 0.7934782608695652 584
1737429218539 0.7717391304347826 585
1737429218860 0.8369565217391305 586
1737429219179 0.8369565217391305 587
1737429219496 0.8152173913043478 588
1737429219814 0.8586956521739131 589
1737429220132 0.8043478260869565 590
1737429220449 0.7717391304347826 591
1737429220766 0.8478260869565217 592
1737429221084 0.7934782608695652 593
1737429221402 0.8260869565217391 594
1737429221719 0.8586956521739131 595
1737429222036 0.8369565217391305 596
1737429222352 0.782608695652174 597
1737429222673 0.8478260869565217 598
1737429222994 0.8043478260869565 599
1737429223310 0.7934782608695652 600
1737429223628 0.7934782608695652 601
1737429223946 0.7934782608695652 602
1737429224264 0.8369565217391305 603
1737429224582 0.8043478260869565 604
1737429224904 0.8043478260869565 605
1737429225220 0.8586956521739131 606
1737429225538 0.8152173913043478 607
1737429225858 0.8369565217391305 608
1737429226176 0.8043478260869565 609
1737429226495 0.8043478260869565 610
1737429226813 0.8369565217391305 611
1737429227129 0.7717391304347826 612
1737429227447 0.8260869565217391 613
1737429227765 0.8913043478260869 614
1737429228082 0.8695652173913043 615
1737429228402 0.7934782608695652 616
1737429228718 0.75 617
1737429229036 0.7717391304347826 618
1737429229356 0.8586956521739131 619
1737429229676 0.8043478260869565 620
1737429229994 0.8586956521739131 621
1737429230310 0.717391304347826 622
1737429230626 0.782608695652174 623
1737429230945 0.8260869565217391 624
1737429231262 0.8913043478260869 625
1737429231587 0.8804347826086957 626
1737429231906 0.8586956521739131 627
1737429232221 0.8586956521739131 628
1737429232539 0.717391304347826 629
1737429232858 0.7934782608695652 630
1737429233175 0.782608695652174 631
1737429233493 0.8695652173913043 632
1737429233809 0.8913043478260869 633
1737429234126 0.8152173913043478 634
1737429234445 0.8804347826086957 635
1737429234761 0.8043478260869565 636
1737429235079 0.9130434782608695 637
1737429235397 0.8804347826086957 638
1737429235713 0.7934782608695652 639
1737429236032 0.9021739130434783 640
1737429236352 0.8152173913043478 641
1737429236672 0.8478260869565217 642
1737429236991 0.8369565217391305 643
1737429237308 0.7717391304347826 644
1737429237627 0.8586956521739131 645
1737429237944 0.8260869565217391 646
1737429238264 0.7608695652173914 647
1737429238582 0.8152173913043478 648
1737429238900 0.8478260869565217 649
1737429239219 0.7934782608695652 650
1737429239534 0.8586956521739131 651
1737429239851 0.8913043478260869 652
1737429240169 0.8478260869565217 653
1737429240487 0.8695652173913043 654
1737429240806 0.8478260869565217 655
1737429241124 0.8152173913043478 656
1737429241442 0.7934782608695652 657
1737429241761 0.7065217391304348 658
1737429242078 0.8369565217391305 659
1737429242395 0.7608695652173914 660
1737429242713 0.7934782608695652 661
1737429243030 0.7717391304347826 662
1737429243347 0.7934782608695652 663
1737429243666 0.8586956521739131 664
1737429243986 0.8478260869565217 665
1737429244303 0.8478260869565217 666
1737429244619 0.8695652173913043 667
1737429244937 0.8369565217391305 668
1737429245253 0.8695652173913043 669
1737429245572 0.7608695652173914 670
1737429245890 0.7717391304347826 671
1737429246207 0.7391304347826086 672
1737429246526 0.8369565217391305 673
1737429246845 0.8804347826086957 674
1737429247161 0.7282608695652174 675
1737429247477 0.8478260869565217 676
1737429247795 0.8260869565217391 677
1737429248115 0.8369565217391305 678
1737429248436 0.7391304347826086 679
1737429248753 0.8260869565217391 680
1737429249070 0.7934782608695652 681
1737429249389 0.8152173913043478 682
1737429249706 0.8478260869565217 683
1737429250022 0.9021739130434783 684
1737429250340 0.782608695652174 685
1737429250659 0.7934782608695652 686
1737429250977 0.782608695652174 687
1737429251296 0.8260869565217391 688
1737429251615 0.8260869565217391 689
1737429251934 0.782608695652174 690
1737429252249 0.8586956521739131 691
1737429252567 0.7934782608695652 692
1737429252886 0.8586956521739131 693
1737429253201 0.8478260869565217 694
1737429253517 0.782608695652174 695
1737429253838 0.8478260869565217 696
1737429254157 0.8152173913043478 697
1737429254475 0.75 698
1737429254791 0.782608695652174 699
1737429255109 0.8260869565217391 700
1737429255429 0.8260869565217391 701
1737429255746 0.782608695652174 702
1737429256065 0.8586956521739131 703
1737429256386 0.8695652173913043 704
1737429256702 0.8260869565217391 705
1737429257022 0.8695652173913043 706
1737429257338 0.8260869565217391 707
1737429257655 0.8695652173913043 708
1737429257973 0.75 709
1737429258291 0.9021739130434783 710
1737429258607 0.8478260869565217 711
1737429258925 0.8043478260869565 712
1737429259243 0.8043478260869565 713
1737429259564 0.8152173913043478 714
1737429259880 0.8152173913043478 715
1737429260201 0.8478260869565217 716
1737429260519 0.7934782608695652 717
1737429260837 0.8586956521739131 718
1737429261156 0.8260869565217391 719
1737429261474 0.8478260869565217 720
1737429261791 0.8369565217391305 721
1737429262109 0.8369565217391305 722
1737429262427 0.8043478260869565 723
1737429262744 0.8260869565217391 724
1737429263072 0.75 725
1737429263398 0.9021739130434783 726
1737429263716 0.8043478260869565 727
1737429264033 0.9130434782608695 728
1737429264352 0.8695652173913043 729
1737429264670 0.8586956521739131 730
1737429264990 0.8695652173913043 731
1737429265308 0.8478260869565217 732
1737429265624 0.8478260869565217 733
1737429265940 0.8043478260869565 734
1737429266258 0.8152173913043478 735
1737429266575 0.8152173913043478 736
1737429266893 0.8369565217391305 737
1737429267213 0.8369565217391305 738
1737429267530 0.8369565217391305 739
1737429267848 0.8695652173913043 740
1737429268164 0.8043478260869565 741
1737429268482 0.8369565217391305 742
1737429268799 0.8586956521739131 743
1737429269119 0.8043478260869565 744
1737429269436 0.7934782608695652 745
1737429269757 0.8260869565217391 746
1737429270075 0.8478260869565217 747
1737429270393 0.8152173913043478 748
1737429270712 0.8260869565217391 749
1737429271029 0.8043478260869565 750
1737429271348 0.8152173913043478 751
1737429271665 0.75 752
1737429271983 0.8586956521739131 753
1737429272302 0.8695652173913043 754
1737429272620 0.8260869565217391 755
1737429272937 0.8152173913043478 756
1737429273257 0.8043478260869565 757
1737429273574 0.8804347826086957 758
1737429273892 0.8478260869565217 759
1737429274211 0.8695652173913043 760
1737429274530 0.8152173913043478 761
1737429274848 0.8913043478260869 762
1737429275167 0.8695652173913043 763
1737429275484 0.8152173913043478 764
1737429275807 0.8478260869565217 765
1737429276124 0.8152173913043478 766
1737429276444 0.8260869565217391 767
1737429276761 0.7934782608695652 768
1737429277082 0.9239130434782609 769
1737429277400 0.8152173913043478 770
1737429277719 0.8369565217391305 771
1737429278038 0.8586956521739131 772
1737429278356 0.8913043478260869 773
1737429278674 0.8043478260869565 774
1737429278992 0.8478260869565217 775
1737429279310 0.8260869565217391 776
1737429279628 0.8478260869565217 777
1737429279948 0.7717391304347826 778
1737429280264 0.8586956521739131 779
1737429280583 0.7391304347826086 780
1737429280900 0.8586956521739131 781
1737429281218 0.7717391304347826 782
1737429281536 0.8478260869565217 783
1737429281856 0.8478260869565217 784
1737429282173 0.8913043478260869 785
1737429282490 0.8586956521739131 786
1737429282809 0.7717391304347826 787
1737429283129 0.9782608695652174 788
1737429283446 0.7934782608695652 789
1737429283763 0.8586956521739131 790
1737429284083 0.8260869565217391 791
1737429284399 0.8586956521739131 792
1737429284716 0.8478260869565217 793
1737429285032 0.8152173913043478 794
1737429285350 0.8913043478260869 795
1737429285668 0.8478260869565217 796
1737429285987 0.8260869565217391 797
1737429286302 0.8586956521739131 798
1737429286621 0.8260869565217391 799
1737429286938 0.8043478260869565 800
1737429287264 0.8152173913043478 801
1737429287582 0.8913043478260869 802
1737429287901 0.9021739130434783 803
1737429288218 0.8260869565217391 804
1737429288537 0.8804347826086957 805
1737429288855 0.8586956521739131 806
1737429289171 0.8043478260869565 807
1737429289490 0.8369565217391305 808
1737429289809 0.8804347826086957 809
1737429290127 0.8478260869565217 810
1737429290445 0.782608695652174 811
1737429290761 0.8478260869565217 812
1737429291079 0.8043478260869565 813
1737429291399 0.7282608695652174 814
1737429291728 0.8152173913043478 815
1737429292047 0.8260869565217391 816
1737429292372 0.782608695652174 817
1737429292690 0.8478260869565217 818
1737429293009 0.8804347826086957 819
1737429293327 0.8260869565217391 820
1737429293644 0.8804347826086957 821
1737429293967 0.8260869565217391 822
1737429294285 0.7934782608695652 823
1737429294605 0.8043478260869565 824
1737429294922 0.9021739130434783 825
1737429295241 0.8369565217391305 826
1737429295560 0.8152173913043478 827
1737429295876 0.8804347826086957 828
1737429296193 0.8695652173913043 829
1737429296511 0.782608695652174 830
1737429296830 0.8478260869565217 831
1737429297149 0.7717391304347826 832
1737429297469 0.8369565217391305 833
1737429297786 0.7065217391304348 834
1737429298104 0.8804347826086957 835
1737429298422 0.9021739130434783 836
1737429298741 0.8695652173913043 837
1737429299059 0.9347826086956522 838
1737429299376 0.782608695652174 839
1737429299692 0.8369565217391305 840
1737429300016 0.7717391304347826 841
1737429300334 0.8369565217391305 842
1737429300651 0.8586956521739131 843
1737429300970 0.8586956521739131 844
1737429301289 0.8478260869565217 845
1737429301609 0.8152173913043478 846
1737429301927 0.75 847
1737429302245 0.8586956521739131 848
1737429302562 0.8478260869565217 849
1737429302880 0.8043478260869565 850
1737429303199 0.75 851
1737429303516 0.8152173913043478 852
1737429303833 0.8260869565217391 853
1737429304150 0.8260869565217391 854
1737429304465 0.8260869565217391 855
1737429304782 0.8478260869565217 856
1737429305101 0.782608695652174 857
1737429305421 0.8152173913043478 858
1737429305740 0.8695652173913043 859
1737429306058 0.8369565217391305 860
1737429306377 0.8152173913043478 861
1737429306591 0.7719298245614035 862
1737429324087 0.8804347826086957 863
1737429324407 0.8478260869565217 864
1737429324723 0.8152173913043478 865
1737429325040 0.8043478260869565 866
1737429325357 0.8260869565217391 867
1737429325674 0.8478260869565217 868
1737429325992 0.8369565217391305 869
1737429326307 0.9130434782608695 870
1737429326624 0.8152173913043478 871
1737429326942 0.8260869565217391 872
1737429327262 0.8586956521739131 873
1737429327579 0.8695652173913043 874
1737429327897 0.782608695652174 875
1737429328213 0.8804347826086957 876
1737429328531 0.8478260869565217 877
1737429328845 0.8152173913043478 878
1737429329160 0.9021739130434783 879
1737429329478 0.8369565217391305 880
1737429329795 0.8913043478260869 881
1737429330111 0.8586956521739131 882
1737429330429 0.8369565217391305 883
1737429330747 0.8586956521739131 884
1737429331065 0.8043478260869565 885
1737429331383 0.8478260869565217 886
1737429331700 0.8152173913043478 887
1737429332020 0.8043478260869565 888
1737429332338 0.7717391304347826 889
1737429332656 0.782608695652174 890
1737429332973 0.8913043478260869 891
1737429333291 0.9347826086956522 892
1737429333607 0.782608695652174 893
1737429333926 0.8478260869565217 894
1737429334244 0.782608695652174 895
1737429334562 0.8260869565217391 896
1737429334882 0.8043478260869565 897
1737429335199 0.8586956521739131 898
1737429335518 0.75 899
1737429335835 0.8260869565217391 900
1737429336151 0.8695652173913043 901
1737429336468 0.7282608695652174 902
1737429336788 0.8478260869565217 903
1737429337106 0.8260869565217391 904
1737429337422 0.782608695652174 905
1737429337740 0.782608695652174 906
1737429338061 0.7934782608695652 907
1737429338378 0.7934782608695652 908
1737429338695 0.75 909
1737429339011 0.9021739130434783 910
1737429339329 0.8152173913043478 911
1737429339647 0.8043478260869565 912
1737429339964 0.8478260869565217 913
1737429340281 0.8369565217391305 914
1737429340599 0.8369565217391305 915
1737429340917 0.9130434782608695 916
1737429341235 0.8586956521739131 917
1737429341552 0.8260869565217391 918
1737429341869 0.8586956521739131 919
1737429342191 0.8804347826086957 920
1737429342513 0.8478260869565217 921
1737429342830 0.8260869565217391 922
1737429343150 0.8260869565217391 923
1737429343466 0.8695652173913043 924
1737429343784 0.8586956521739131 925
1737429344102 0.8804347826086957 926
1737429344420 0.7608695652173914 927
1737429344736 0.8260869565217391 928
1737429345055 0.8478260869565217 929
1737429345376 0.8369565217391305 930
1737429345696 0.8913043478260869 931
1737429346012 0.8586956521739131 932
1737429346328 0.8478260869565217 933
1737429346648 0.8152173913043478 934
1737429346965 0.8804347826086957 935
1737429347282 0.8478260869565217 936
1737429347600 0.8478260869565217 937
1737429347918 0.9130434782608695 938
1737429348237 0.8804347826086957 939
1737429348556 0.8260869565217391 940
1737429348872 0.8586956521739131 941
1737429349192 0.8260869565217391 942
1737429349510 0.782608695652174 943
1737429349829 0.8695652173913043 944
1737429350145 0.8478260869565217 945
1737429350463 0.7717391304347826 946
1737429350780 0.9130434782608695 947
1737429351104 0.8478260869565217 948
1737429351437 0.8586956521739131 949
1737429351760 0.8369565217391305 950
1737429352078 0.7717391304347826 951
1737429352397 0.8804347826086957 952
1737429352716 0.8152173913043478 953
1737429353034 0.8260869565217391 954
1737429353349 0.75 955
1737429353666 0.8043478260869565 956
1737429353983 0.8369565217391305 957
1737429354299 0.8913043478260869 958
1737429354620 0.8478260869565217 959
1737429354939 0.8913043478260869 960
1737429355256 0.8260869565217391 961
1737429355572 0.8478260869565217 962
1737429355889 0.8804347826086957 963
1737429356206 0.8369565217391305 964
1737429356525 0.8586956521739131 965
1737429356845 0.7717391304347826 966
1737429357160 0.8369565217391305 967
1737429357476 0.9021739130434783 968
1737429357796 0.8260869565217391 969
1737429358115 0.8478260869565217 970
1737429358434 0.8260869565217391 971
1737429358752 0.8260869565217391 972
1737429359068 0.8260869565217391 973
1737429359387 0.7934782608695652 974
1737429359703 0.8913043478260869 975
1737429360026 0.9130434782608695 976
1737429360344 0.8152173913043478 977
1737429360661 0.782608695652174 978
1737429360978 0.8695652173913043 979
1737429361295 0.8913043478260869 980
1737429361613 0.8260869565217391 981
1737429361933 0.8369565217391305 982
1737429362249 0.8586956521739131 983
1737429362564 0.8804347826086957 984
1737429362880 0.8804347826086957 985
1737429363198 0.7934782608695652 986
1737429363517 0.8586956521739131 987
1737429363836 0.8804347826086957 988
1737429364156 0.8369565217391305 989
1737429364473 0.8369565217391305 990
1737429364790 0.8260869565217391 991
1737429365107 0.8804347826086957 992
1737429365425 0.8695652173913043 993
1737429365744 0.9130434782608695 994
1737429366061 0.9130434782608695 995
1737429366380 0.9456521739130435 996
1737429366696 0.8804347826086957 997
1737429367014 0.8260869565217391 998
1737429367331 0.9021739130434783 999
1737429367649 0.9130434782608695 1000
1737429367968 0.8695652173913043 1001
1737429368285 0.8260869565217391 1002
1737429368603 0.8586956521739131 1003
1737429368924 0.8478260869565217 1004
1737429369244 0.8586956521739131 1005
1737429369561 0.8586956521739131 1006
1737429369879 0.8478260869565217 1007
1737429370197 0.8804347826086957 1008
1737429370515 0.9021739130434783 1009
1737429370833 0.8586956521739131 1010
1737429371150 0.9021739130434783 1011
1737429371467 0.8586956521739131 1012
1737429371787 0.8804347826086957 1013
1737429372103 0.8586956521739131 1014
1737429372420 0.8369565217391305 1015
1737429372737 0.8804347826086957 1016
1737429373054 0.9456521739130435 1017
1737429373407 0.8586956521739131 1018
1737429373727 0.8804347826086957 1019
1737429374044 0.8369565217391305 1020
1737429374364 0.8804347826086957 1021
1737429374680 0.782608695652174 1022
1737429375000 0.9021739130434783 1023
1737429375316 0.8913043478260869 1024
1737429375636 0.9021739130434783 1025
1737429375952 0.9130434782608695 1026
1737429376271 0.8152173913043478 1027
1737429376586 0.8913043478260869 1028
1737429376904 0.9347826086956522 1029
1737429377228 0.8695652173913043 1030
1737429377551 0.8586956521739131 1031
1737429377867 0.9021739130434783 1032
1737429378183 0.8260869565217391 1033
1737429378503 0.9130434782608695 1034
1737429378820 0.8695652173913043 1035
1737429379138 0.8586956521739131 1036
1737429379457 0.8043478260869565 1037
1737429379772 0.8586956521739131 1038
1737429380090 0.8478260869565217 1039
1737429380409 0.8152173913043478 1040
1737429380727 0.8478260869565217 1041
1737429381046 0.8804347826086957 1042
1737429381366 0.8913043478260869 1043
1737429381682 0.8804347826086957 1044
1737429382003 0.8043478260869565 1045
1737429382319 0.8260869565217391 1046
1737429382638 0.9130434782608695 1047
1737429382958 0.8586956521739131 1048
1737429383277 0.8913043478260869 1049
1737429383595 0.8369565217391305 1050
1737429383912 0.8586956521739131 1051
1737429384229 0.8043478260869565 1052
1737429384547 0.8804347826086957 1053
1737429384865 0.8478260869565217 1054
1737429385181 0.8260869565217391 1055
1737429385498 0.9021739130434783 1056
1737429385818 0.8695652173913043 1057
1737429386137 0.9021739130434783 1058
1737429386453 0.9021739130434783 1059
1737429386770 0.8695652173913043 1060
1737429387089 0.8260869565217391 1061
1737429387407 0.9021739130434783 1062
1737429387727 0.8043478260869565 1063
1737429388044 0.8369565217391305 1064
1737429388362 0.8804347826086957 1065
1737429388691 0.8478260869565217 1066
1737429389021 0.9021739130434783 1067
1737429389336 0.8804347826086957 1068
1737429389652 0.8478260869565217 1069
1737429389971 0.8695652173913043 1070
1737429390287 0.8695652173913043 1071
1737429390604 0.9130434782608695 1072
1737429390921 0.8804347826086957 1073
1737429391247 0.8260869565217391 1074
1737429391564 0.8586956521739131 1075
1737429391881 0.9239130434782609 1076
1737429392199 0.9021739130434783 1077
1737429392519 0.9021739130434783 1078
1737429392838 0.8586956521739131 1079
1737429393155 0.9239130434782609 1080
1737429393472 0.9021739130434783 1081
1737429393791 0.8804347826086957 1082
1737429394109 0.9021739130434783 1083
1737429394426 0.8152173913043478 1084
1737429394744 0.8586956521739131 1085
1737429395061 0.8804347826086957 1086
1737429395380 0.8913043478260869 1087
1737429395699 0.9021739130434783 1088
1737429396017 0.9456521739130435 1089
1737429396333 0.8478260869565217 1090
1737429396653 0.8695652173913043 1091
1737429396972 0.8478260869565217 1092
1737429397294 0.8586956521739131 1093
1737429397613 0.8369565217391305 1094
1737429397931 0.8913043478260869 1095
1737429398248 0.9456521739130435 1096
1737429398566 0.9130434782608695 1097
1737429398884 0.9456521739130435 1098
1737429399201 0.9565217391304348 1099
1737429399516 0.9130434782608695 1100
1737429399833 0.8478260869565217 1101
1737429400150 0.782608695652174 1102
1737429400465 0.8586956521739131 1103
1737429400781 0.8695652173913043 1104
1737429401099 0.8478260869565217 1105
1737429401416 0.8478260869565217 1106
1737429401736 0.8804347826086957 1107
1737429402051 0.8260869565217391 1108
1737429402367 0.8586956521739131 1109
1737429402685 0.9021739130434783 1110
1737429403004 0.8695652173913043 1111
1737429403321 0.8260869565217391 1112
1737429403641 0.8260869565217391 1113
1737429403959 0.8913043478260869 1114
1737429404276 0.9021739130434783 1115
1737429404594 0.8478260869565217 1116
1737429404910 0.8913043478260869 1117
1737429405229 0.8913043478260869 1118
1737429405546 0.8695652173913043 1119
1737429405865 0.8695652173913043 1120
1737429406183 0.8586956521739131 1121
1737429406501 0.8913043478260869 1122
1737429406817 0.9239130434782609 1123
1737429407136 0.9021739130434783 1124
1737429407451 0.9239130434782609 1125
1737429407770 0.9239130434782609 1126
1737429408088 0.9021739130434783 1127
1737429408406 0.9021739130434783 1128
1737429408724 0.8369565217391305 1129
1737429409047 0.8478260869565217 1130
1737429409375 0.9130434782608695 1131
1737429409692 0.8913043478260869 1132
1737429410011 0.8369565217391305 1133
1737429410327 0.8804347826086957 1134
1737429410646 0.8369565217391305 1135
1737429410964 0.8913043478260869 1136
1737429411282 0.8695652173913043 1137
1737429411602 0.8369565217391305 1138
1737429411924 0.8478260869565217 1139
1737429412239 0.8913043478260869 1140
1737429412558 0.9239130434782609 1141
1737429412876 0.8478260869565217 1142
1737429413193 0.9130434782608695 1143
1737429413509 0.9239130434782609 1144
1737429413829 0.9239130434782609 1145
1737429414146 0.8804347826086957 1146
1737429414464 0.8260869565217391 1147
1737429414782 0.8586956521739131 1148
1737429415099 0.9456521739130435 1149
1737429415418 0.8586956521739131 1150
1737429415742 0.8913043478260869 1151
1737429416060 0.9021739130434783 1152
1737429416379 0.8913043478260869 1153
1737429416698 0.8478260869565217 1154
1737429417014 0.9456521739130435 1155
1737429417332 0.8695652173913043 1156
1737429417651 0.9130434782608695 1157
1737429417970 0.9130434782608695 1158
1737429418288 0.8913043478260869 1159
1737429418606 0.8260869565217391 1160
1737429418926 0.8913043478260869 1161
1737429419245 0.8913043478260869 1162
1737429419563 0.9021739130434783 1163
1737429419880 0.8369565217391305 1164
1737429420201 0.9347826086956522 1165
1737429420534 0.9239130434782609 1166
1737429420860 0.8260869565217391 1167
1737429421179 0.8478260869565217 1168
1737429421495 0.8586956521739131 1169
1737429421813 0.9021739130434783 1170
1737429422130 0.8913043478260869 1171
1737429422449 0.8152173913043478 1172
1737429422769 0.8913043478260869 1173
1737429423095 0.8260869565217391 1174
1737429423412 0.9130434782608695 1175
1737429423733 0.9347826086956522 1176
1737429424050 0.9130434782608695 1177
1737429424368 0.8586956521739131 1178
1737429424688 0.9565217391304348 1179
1737429425006 0.8586956521739131 1180
1737429425326 0.9130434782608695 1181
1737429425646 0.8586956521739131 1182
1737429425965 0.8695652173913043 1183
1737429426283 0.8913043478260869 1184
1737429426601 0.8913043478260869 1185
1737429426921 0.8804347826086957 1186
1737429427239 0.8478260869565217 1187
1737429427558 0.9239130434782609 1188
1737429427878 0.8586956521739131 1189
1737429428196 0.8478260869565217 1190
1737429428514 0.8695652173913043 1191
1737429428832 0.8695652173913043 1192
1737429429151 0.8043478260869565 1193
1737429429468 0.9239130434782609 1194
1737429429786 0.9130434782608695 1195
1737429430105 0.8369565217391305 1196
1737429430424 0.9130434782608695 1197
1737429430742 0.8369565217391305 1198
1737429431059 0.8695652173913043 1199
1737429431377 0.8260869565217391 1200
1737429431694 0.8478260869565217 1201
1737429432012 0.8695652173913043 1202
1737429432332 0.9347826086956522 1203
1737429432650 0.9021739130434783 1204
1737429432968 0.9021739130434783 1205
1737429433287 0.8695652173913043 1206
1737429433605 0.8260869565217391 1207
1737429433923 0.8695652173913043 1208
1737429434241 0.9565217391304348 1209
1737429434560 0.9239130434782609 1210
1737429434880 0.8586956521739131 1211
1737429435197 0.8804347826086957 1212
1737429435516 0.8586956521739131 1213
1737429435835 0.8478260869565217 1214
1737429436153 0.9456521739130435 1215
1737429436471 0.8586956521739131 1216
1737429436789 0.8043478260869565 1217
1737429437108 0.8260869565217391 1218
1737429437429 0.9130434782608695 1219
1737429437746 0.9239130434782609 1220
1737429438067 0.9239130434782609 1221
1737429438386 0.8804347826086957 1222
1737429438702 0.9021739130434783 1223
1737429439023 0.8369565217391305 1224
1737429439340 0.8804347826086957 1225
1737429439657 0.8478260869565217 1226
1737429439973 0.9130434782608695 1227
1737429440291 0.7934782608695652 1228
1737429440608 0.8804347826086957 1229
1737429440925 0.8913043478260869 1230
1737429441244 0.8913043478260869 1231
1737429441563 0.8478260869565217 1232
1737429441881 0.8804347826086957 1233
1737429442199 0.8478260869565217 1234
1737429442516 0.8152173913043478 1235
1737429442833 0.8586956521739131 1236
1737429443151 0.8804347826086957 1237
1737429443472 0.8913043478260869 1238
1737429443787 0.7934782608695652 1239
1737429444105 0.8152173913043478 1240
1737429444424 0.8804347826086957 1241
1737429444741 0.7934782608695652 1242
1737429445058 0.8804347826086957 1243
1737429445378 0.9130434782608695 1244
1737429445695 0.8804347826086957 1245
1737429446017 0.8695652173913043 1246
1737429446333 0.8586956521739131 1247
1737429446651 0.9239130434782609 1248
1737429446971 0.9021739130434783 1249
1737429447292 0.8478260869565217 1250
1737429447608 0.9130434782608695 1251
1737429447925 0.8913043478260869 1252
1737429448242 0.8913043478260869 1253
1737429448561 0.8913043478260869 1254
1737429448880 0.8804347826086957 1255
1737429449196 0.8152173913043478 1256
1737429449513 0.8369565217391305 1257
1737429449832 0.9239130434782609 1258
1737429450151 0.8913043478260869 1259
1737429450468 0.8913043478260869 1260
1737429450784 0.8260869565217391 1261
1737429451103 0.8369565217391305 1262
1737429451419 0.8260869565217391 1263
1737429451739 0.9347826086956522 1264
1737429452055 0.9347826086956522 1265
1737429452375 0.9021739130434783 1266
1737429452695 0.8369565217391305 1267
1737429453014 0.9021739130434783 1268
1737429453330 0.8695652173913043 1269
1737429453649 0.8260869565217391 1270
1737429453967 0.8695652173913043 1271
1737429454285 0.8695652173913043 1272
1737429454603 0.8913043478260869 1273
1737429454921 0.8369565217391305 1274
1737429455239 0.8260869565217391 1275
1737429455559 0.8586956521739131 1276
1737429455878 0.8695652173913043 1277
1737429456193 0.8695652173913043 1278
1737429456513 0.9021739130434783 1279
1737429456831 0.8804347826086957 1280
1737429457150 0.8913043478260869 1281
1737429457470 0.9021739130434783 1282
1737429457787 0.8804347826086957 1283
1737429458105 0.8695652173913043 1284
1737429458422 0.9130434782608695 1285
1737429458740 0.8260869565217391 1286
1737429459058 0.8586956521739131 1287
1737429459378 0.8478260869565217 1288
1737429459696 0.8913043478260869 1289
1737429460017 0.9239130434782609 1290
1737429460334 0.9021739130434783 1291
1737429460651 0.9456521739130435 1292
1737429460972 0.8695652173913043 1293
1737429461290 0.8586956521739131 1294
1737429461610 0.8804347826086957 1295
1737429461927 0.8695652173913043 1296
1737429462244 0.9782608695652174 1297
1737429462563 0.8586956521739131 1298
1737429462883 0.9239130434782609 1299
1737429463199 0.8913043478260869 1300
1737429463517 0.8586956521739131 1301
1737429463837 0.9565217391304348 1302
1737429464157 0.8913043478260869 1303
1737429464475 0.8152173913043478 1304
1737429464795 0.9239130434782609 1305
1737429465113 0.9021739130434783 1306
1737429465430 0.8369565217391305 1307
1737429465749 0.8152173913043478 1308
1737429466065 0.8478260869565217 1309
1737429466383 0.8804347826086957 1310
1737429466701 0.8369565217391305 1311
1737429467020 0.8804347826086957 1312
1737429467340 0.8695652173913043 1313
1737429467657 0.8804347826086957 1314
1737429467974 0.8369565217391305 1315
1737429468295 0.8695652173913043 1316
1737429468613 0.8478260869565217 1317
1737429468930 0.8586956521739131 1318
1737429469246 0.9130434782608695 1319
1737429469564 0.9130434782608695 1320
1737429469884 0.8804347826086957 1321
1737429470204 0.9239130434782609 1322
1737429470521 0.8695652173913043 1323
1737429470840 0.8152173913043478 1324
1737429471159 0.8695652173913043 1325
1737429471479 0.8804347826086957 1326
1737429471800 0.8695652173913043 1327
1737429472119 0.8478260869565217 1328
1737429472435 0.9347826086956522 1329
1737429472754 0.8586956521739131 1330
1737429473070 0.8586956521739131 1331
1737429473389 0.8260869565217391 1332
1737429473708 0.8586956521739131 1333
1737429474026 0.9021739130434783 1334
1737429474344 0.9456521739130435 1335
1737429474660 0.8913043478260869 1336
1737429474979 0.9239130434782609 1337
1737429475298 0.9239130434782609 1338
1737429475616 0.8695652173913043 1339
1737429475933 0.8804347826086957 1340
1737429476251 0.8695652173913043 1341
1737429476569 0.9239130434782609 1342
1737429476885 0.9021739130434783 1343
1737429477205 0.8586956521739131 1344
1737429477521 0.8695652173913043 1345
1737429477839 0.8043478260869565 1346
1737429478158 0.8913043478260869 1347
1737429478475 0.8586956521739131 1348
1737429478794 0.8369565217391305 1349
1737429479111 0.8913043478260869 1350
1737429479428 0.8913043478260869 1351
1737429479747 0.8586956521739131 1352
1737429480064 0.8369565217391305 1353
1737429480382 0.8586956521739131 1354
1737429480699 0.8695652173913043 1355
1737429481015 0.8369565217391305 1356
1737429481334 0.8695652173913043 1357
1737429481654 0.9021739130434783 1358
1737429481972 0.8260869565217391 1359
1737429482292 0.8369565217391305 1360
1737429482613 0.8260869565217391 1361
1737429482931 0.9239130434782609 1362
1737429483248 0.8478260869565217 1363
1737429483567 0.9130434782608695 1364
1737429483887 0.8478260869565217 1365
1737429484207 0.8804347826086957 1366
1737429484526 0.8152173913043478 1367
1737429484846 0.8260869565217391 1368
1737429485164 0.8478260869565217 1369
1737429485484 0.8260869565217391 1370
1737429485800 0.8804347826086957 1371
1737429486119 0.8913043478260869 1372
1737429486439 0.782608695652174 1373
1737429486761 0.8586956521739131 1374
1737429487078 0.8804347826086957 1375
1737429487395 0.8478260869565217 1376
1737429487715 0.9456521739130435 1377
1737429488034 0.8804347826086957 1378
1737429488354 0.9021739130434783 1379
1737429488670 0.9130434782608695 1380
1737429488989 0.8913043478260869 1381
1737429489307 0.8478260869565217 1382
1737429489625 0.9239130434782609 1383
1737429489942 0.9565217391304348 1384
1737429490259 0.8695652173913043 1385
1737429490576 0.8804347826086957 1386
1737429490896 0.9347826086956522 1387
1737429491215 0.8913043478260869 1388
1737429491533 0.9456521739130435 1389
1737429491851 0.8478260869565217 1390
1737429492170 0.8586956521739131 1391
1737429492490 0.9021739130434783 1392
1737429492807 0.9565217391304348 1393
1737429493126 0.9021739130434783 1394
1737429493445 0.8913043478260869 1395
1737429493765 0.8586956521739131 1396
1737429494083 0.9130434782608695 1397
1737429494401 0.9347826086956522 1398
1737429494721 0.8913043478260869 1399
1737429495037 0.8913043478260869 1400
1737429495357 0.9347826086956522 1401
1737429495674 0.8695652173913043 1402
1737429495992 0.8913043478260869 1403
1737429496312 0.8804347826086957 1404
1737429496630 0.8913043478260869 1405
1737429496946 0.9021739130434783 1406
1737429497268 0.8804347826086957 1407
1737429497587 0.8804347826086957 1408
1737429497904 0.8804347826086957 1409
1737429498222 0.9130434782608695 1410
1737429498543 0.9021739130434783 1411
1737429498862 0.9130434782608695 1412
1737429499180 0.9347826086956522 1413
1737429499501 0.9021739130434783 1414
1737429499819 0.8586956521739131 1415
1737429500138 0.8586956521739131 1416
1737429500458 0.8913043478260869 1417
1737429500775 0.8804347826086957 1418
1737429501093 0.8695652173913043 1419
1737429501411 0.8478260869565217 1420
1737429501728 0.9130434782608695 1421
1737429502046 0.8369565217391305 1422
1737429502366 0.8260869565217391 1423
1737429502685 0.8369565217391305 1424
1737429503006 0.8695652173913043 1425
1737429503325 0.8695652173913043 1426
1737429503642 0.8695652173913043 1427
1737429503959 0.8586956521739131 1428
1737429504276 0.8695652173913043 1429
1737429504593 0.8913043478260869 1430
1737429504913 0.8913043478260869 1431
1737429505231 0.8369565217391305 1432
1737429505547 0.8804347826086957 1433
1737429505866 0.9130434782608695 1434
1737429506183 0.8804347826086957 1435
1737429506505 0.8369565217391305 1436
1737429506821 0.8586956521739131 1437
1737429507140 0.9130434782608695 1438
1737429507459 0.8913043478260869 1439
1737429507777 0.8586956521739131 1440
1737429508096 0.8804347826086957 1441
1737429508412 0.8804347826086957 1442
1737429508728 0.9239130434782609 1443
1737429509046 0.9021739130434783 1444
1737429509368 0.9130434782608695 1445
1737429509683 0.9239130434782609 1446
1737429510002 0.8478260869565217 1447
1737429510320 0.9130434782608695 1448
1737429510638 0.9130434782608695 1449
1737429510957 0.9021739130434783 1450
1737429511276 0.9239130434782609 1451
1737429511594 0.8913043478260869 1452
1737429511912 0.8586956521739131 1453
1737429512230 0.9347826086956522 1454
1737429512548 0.8478260869565217 1455
1737429512864 0.8478260869565217 1456
1737429513182 0.9239130434782609 1457
1737429513501 0.8695652173913043 1458
1737429513819 0.8369565217391305 1459
1737429514135 0.9130434782608695 1460
1737429514453 0.8804347826086957 1461
1737429514770 0.8804347826086957 1462
1737429515087 0.8913043478260869 1463
1737429515405 0.8804347826086957 1464
1737429515723 0.8913043478260869 1465
1737429516039 0.9130434782608695 1466
1737429516360 0.8804347826086957 1467
1737429516677 0.9130434782608695 1468
1737429516994 0.8804347826086957 1469
1737429517312 0.9130434782608695 1470
1737429517628 0.8804347826086957 1471
1737429517946 0.9021739130434783 1472
1737429518264 0.8804347826086957 1473
1737429518582 0.8369565217391305 1474
1737429518901 0.8695652173913043 1475
1737429519220 0.9021739130434783 1476
1737429519536 0.9021739130434783 1477
1737429519855 0.8586956521739131 1478
1737429520176 0.8586956521739131 1479
1737429520495 0.8043478260869565 1480
1737429520812 0.9130434782608695 1481
1737429521130 0.8913043478260869 1482
1737429521448 0.8913043478260869 1483
1737429521766 0.8586956521739131 1484
1737429522085 0.8369565217391305 1485
1737429522403 0.8804347826086957 1486
1737429522719 0.9239130434782609 1487
1737429523037 0.9456521739130435 1488
1737429523355 0.9239130434782609 1489
1737429523673 0.9130434782608695 1490
1737429523990 0.8695652173913043 1491
1737429524308 0.8260869565217391 1492
1737429524624 0.8369565217391305 1493
1737429524942 0.9239130434782609 1494
1737429525260 0.9347826086956522 1495
1737429525579 0.8695652173913043 1496
1737429525898 0.9130434782608695 1497
1737429526217 0.9021739130434783 1498
1737429526534 0.9565217391304348 1499
1737429526852 0.9130434782608695 1500
1737429527171 0.8478260869565217 1501
1737429527491 0.9021739130434783 1502
1737429527807 0.8586956521739131 1503
1737429528126 0.8913043478260869 1504
1737429528444 0.9347826086956522 1505
1737429528765 0.8695652173913043 1506
1737429529083 0.8913043478260869 1507
1737429529401 0.8913043478260869 1508
1737429529719 0.8369565217391305 1509
1737429530036 0.9130434782608695 1510
1737429530355 0.8913043478260869 1511
1737429530672 0.8152173913043478 1512
1737429530991 0.8804347826086957 1513
1737429531311 0.9021739130434783 1514
1737429531630 0.8695652173913043 1515
1737429531951 0.9021739130434783 1516
1737429532269 0.8695652173913043 1517
1737429532585 0.8695652173913043 1518
1737429532904 0.8478260869565217 1519
1737429533223 0.8369565217391305 1520
1737429533541 0.9021739130434783 1521
1737429533858 0.8478260869565217 1522
1737429534176 0.8369565217391305 1523
1737429534494 0.8586956521739131 1524
1737429534811 0.8260869565217391 1525
1737429535129 0.8913043478260869 1526
1737429535447 0.9021739130434783 1527
1737429535764 0.8586956521739131 1528
1737429536083 0.8913043478260869 1529
1737429536400 0.8695652173913043 1530
1737429536718 0.8695652173913043 1531
1737429537037 0.8586956521739131 1532
1737429537356 0.8695652173913043 1533
1737429537673 0.8804347826086957 1534
1737429537993 0.8478260869565217 1535
1737429538312 0.9239130434782609 1536
1737429538630 0.8695652173913043 1537
1737429538949 0.9130434782608695 1538
1737429539266 0.8586956521739131 1539
1737429539584 0.9021739130434783 1540
1737429539903 0.782608695652174 1541
1737429540222 0.9021739130434783 1542
1737429540540 0.8913043478260869 1543
1737429540858 0.8695652173913043 1544
1737429541174 0.8913043478260869 1545
1737429541495 0.9130434782608695 1546
1737429541813 0.8152173913043478 1547
1737429542131 0.8586956521739131 1548
1737429542451 0.8695652173913043 1549
1737429542769 0.9021739130434783 1550
1737429543087 0.8804347826086957 1551
1737429543404 0.8478260869565217 1552
1737429543724 0.8804347826086957 1553
1737429544044 0.8804347826086957 1554
1737429544362 0.9565217391304348 1555
1737429544681 0.9130434782608695 1556
1737429545001 0.8913043478260869 1557
1737429545319 0.9130434782608695 1558
1737429545637 0.8804347826086957 1559
1737429545955 0.8260869565217391 1560
1737429546272 0.8695652173913043 1561
1737429546591 0.8804347826086957 1562
1737429546910 0.8695652173913043 1563
1737429547231 0.8586956521739131 1564
1737429547549 0.8804347826086957 1565
1737429547867 0.8804347826086957 1566
1737429548187 0.9130434782608695 1567
1737429548506 0.8804347826086957 1568
1737429548823 0.8804347826086957 1569
1737429549140 0.9021739130434783 1570
1737429549457 0.8152173913043478 1571
1737429549774 0.9565217391304348 1572
1737429550095 0.9021739130434783 1573
1737429550411 0.8586956521739131 1574
1737429550730 0.8695652173913043 1575
1737429551047 0.8913043478260869 1576
1737429551362 0.8586956521739131 1577
1737429551682 0.9021739130434783 1578
1737429552000 0.8804347826086957 1579
1737429552320 0.9239130434782609 1580
1737429552637 0.8804347826086957 1581
1737429552954 0.9021739130434783 1582
1737429553272 0.8804347826086957 1583
1737429553591 0.9021739130434783 1584
1737429553908 0.9130434782608695 1585
1737429554227 0.8804347826086957 1586
1737429554545 0.8369565217391305 1587
1737429554862 0.8913043478260869 1588
1737429555183 0.8695652173913043 1589
1737429555501 0.9456521739130435 1590
1737429555817 0.8804347826086957 1591
1737429556135 0.8478260869565217 1592
1737429556455 0.8913043478260869 1593
1737429556775 0.8804347826086957 1594
1737429557094 0.9347826086956522 1595
1737429557410 0.8152173913043478 1596
1737429557729 0.8586956521739131 1597
1737429558048 0.8913043478260869 1598
1737429558366 0.9130434782608695 1599
1737429558683 0.8695652173913043 1600
1737429559001 0.8913043478260869 1601
1737429559327 0.8913043478260869 1602
1737429559649 0.9021739130434783 1603
1737429559970 0.8695652173913043 1604
1737429560287 0.8804347826086957 1605
1737429560606 0.8804347826086957 1606
1737429560924 0.8695652173913043 1607
1737429561242 0.9130434782608695 1608
1737429561559 0.8913043478260869 1609
1737429561876 0.8152173913043478 1610
1737429562195 0.9130434782608695 1611
1737429562514 0.8586956521739131 1612
1737429562832 0.8804347826086957 1613
1737429563149 0.8695652173913043 1614
1737429563467 0.8586956521739131 1615
1737429563785 0.8913043478260869 1616
1737429564104 0.9130434782608695 1617
1737429564425 0.8913043478260869 1618
1737429564743 0.8804347826086957 1619
1737429565062 0.9565217391304348 1620
1737429565381 0.9130434782608695 1621
1737429565698 0.9130434782608695 1622
1737429566017 0.8804347826086957 1623
1737429566336 0.9239130434782609 1624
1737429566654 0.9347826086956522 1625
1737429566974 0.8804347826086957 1626
1737429567292 0.9130434782608695 1627
1737429567611 0.8804347826086957 1628
1737429567930 0.8913043478260869 1629
1737429568249 0.8260869565217391 1630
1737429568569 0.9021739130434783 1631
1737429568886 0.8586956521739131 1632
1737429569206 0.8804347826086957 1633
1737429569526 0.8913043478260869 1634
1737429569841 0.8913043478260869 1635
1737429570159 0.8913043478260869 1636
1737429570479 0.8913043478260869 1637
1737429570799 0.8804347826086957 1638
1737429571120 0.9021739130434783 1639
1737429571438 0.8586956521739131 1640
1737429571758 0.8913043478260869 1641
1737429572078 0.8152173913043478 1642
1737429572397 0.9347826086956522 1643
1737429572714 0.8478260869565217 1644
1737429573032 0.9021739130434783 1645
1737429573352 0.8586956521739131 1646
1737429573672 0.9130434782608695 1647
1737429573990 0.9021739130434783 1648
1737429574306 0.8260869565217391 1649
1737429574623 0.9565217391304348 1650
1737429574941 0.8369565217391305 1651
1737429575259 0.8913043478260869 1652
1737429575577 0.8913043478260869 1653
1737429575895 0.8586956521739131 1654
1737429576213 0.8913043478260869 1655
1737429576533 0.8369565217391305 1656
1737429576849 0.9565217391304348 1657
1737429577167 0.9021739130434783 1658
1737429577486 0.9239130434782609 1659
1737429577807 0.9130434782608695 1660
1737429578127 0.8586956521739131 1661
1737429578445 0.9021739130434783 1662
1737429578765 0.8804347826086957 1663
1737429579082 0.9130434782608695 1664
1737429579400 0.9347826086956522 1665
1737429579716 0.8369565217391305 1666
1737429580035 0.8695652173913043 1667
1737429580353 0.9021739130434783 1668
1737429580674 0.8478260869565217 1669
1737429580994 0.9239130434782609 1670
1737429581311 0.9239130434782609 1671
1737429581630 0.9130434782608695 1672
1737429581948 0.8478260869565217 1673
1737429582266 0.8586956521739131 1674
1737429582586 0.9021739130434783 1675
1737429582903 0.9021739130434783 1676
1737429583221 0.9021739130434783 1677
1737429583540 0.8804347826086957 1678
1737429583858 0.9021739130434783 1679
1737429584176 0.9130434782608695 1680
1737429584495 0.8913043478260869 1681
1737429584811 0.9130434782608695 1682
1737429585128 0.9347826086956522 1683
1737429585446 0.8913043478260869 1684
1737429585764 0.8804347826086957 1685
1737429586081 0.8478260869565217 1686
1737429586400 0.9021739130434783 1687
1737429586719 0.8586956521739131 1688
1737429587035 0.9239130434782609 1689
1737429587355 0.9239130434782609 1690
1737429587672 0.9021739130434783 1691
1737429587989 0.8695652173913043 1692
1737429588308 0.8804347826086957 1693
1737429588626 0.8695652173913043 1694
1737429588946 0.9347826086956522 1695
1737429589265 0.8695652173913043 1696
1737429589582 0.8478260869565217 1697
1737429589900 0.967391304347826 1698
1737429590220 0.9239130434782609 1699
1737429590540 0.9456521739130435 1700
1737429590856 0.8586956521739131 1701
1737429591175 0.8804347826086957 1702
1737429591498 0.8586956521739131 1703
1737429591820 0.9021739130434783 1704
1737429592138 0.9021739130434783 1705
1737429592456 0.9239130434782609 1706
1737429592776 0.9130434782608695 1707
1737429593094 0.8804347826086957 1708
1737429593412 0.8152173913043478 1709
1737429593731 0.9021739130434783 1710
1737429594050 0.9130434782608695 1711
1737429594369 0.9021739130434783 1712
1737429594687 0.8369565217391305 1713
1737429595008 0.8586956521739131 1714
1737429595324 0.8804347826086957 1715
1737429595643 0.9021739130434783 1716
1737429595961 0.8913043478260869 1717
1737429596279 0.9021739130434783 1718
1737429596595 0.8586956521739131 1719
1737429596917 0.8804347826086957 1720
1737429597237 0.9456521739130435 1721
1737429597554 0.8804347826086957 1722
1737429597870 0.8913043478260869 1723
1737429598076 0.9298245614035088 1724
1737429614275 0.8913043478260869 1725
1737429614593 0.9021739130434783 1726
1737429614909 0.8695652173913043 1727
1737429615225 0.8260869565217391 1728
1737429615543 0.8369565217391305 1729
1737429615862 0.8804347826086957 1730
1737429616180 0.9239130434782609 1731
1737429616497 0.9565217391304348 1732
1737429616813 0.8804347826086957 1733
1737429617131 0.8804347826086957 1734
1737429617447 0.9021739130434783 1735
1737429617766 0.9347826086956522 1736
1737429618084 0.8478260869565217 1737
1737429618401 0.9347826086956522 1738
1737429618718 0.9021739130434783 1739
1737429619037 0.9130434782608695 1740
1737429619354 0.9347826086956522 1741
1737429619670 0.8913043478260869 1742
1737429619987 0.9239130434782609 1743
1737429620305 0.9130434782608695 1744
1737429620627 0.9021739130434783 1745
1737429620944 0.9239130434782609 1746
1737429621261 0.8695652173913043 1747
1737429621576 0.8913043478260869 1748
1737429621893 0.9130434782608695 1749
1737429622211 0.8913043478260869 1750
1737429622530 0.8695652173913043 1751
1737429622849 0.8369565217391305 1752
1737429623165 0.9239130434782609 1753
1737429623484 0.9565217391304348 1754
1737429623801 0.8695652173913043 1755
1737429624119 0.8913043478260869 1756
1737429624436 0.8260869565217391 1757
1737429624755 0.9130434782608695 1758
1737429625073 0.8586956521739131 1759
1737429625389 0.9021739130434783 1760
1737429625706 0.8586956521739131 1761
1737429626025 0.9239130434782609 1762
1737429626344 0.9130434782608695 1763
1737429626662 0.8369565217391305 1764
1737429626983 0.8695652173913043 1765
1737429627300 0.8695652173913043 1766
1737429627620 0.8369565217391305 1767
1737429627939 0.8260869565217391 1768
1737429628257 0.8260869565217391 1769
1737429628575 0.8260869565217391 1770
1737429628892 0.8586956521739131 1771
1737429629210 0.9021739130434783 1772
1737429629529 0.8804347826086957 1773
1737429629847 0.8695652173913043 1774
1737429630166 0.8913043478260869 1775
1737429630482 0.9021739130434783 1776
1737429630801 0.9021739130434783 1777
1737429631119 0.9239130434782609 1778
1737429631441 0.8913043478260869 1779
1737429631762 0.8478260869565217 1780
1737429632080 0.9021739130434783 1781
1737429632397 0.9456521739130435 1782
1737429632716 0.9021739130434783 1783
1737429633033 0.8695652173913043 1784
1737429633352 0.8804347826086957 1785
1737429633668 0.9456521739130435 1786
1737429633989 0.8913043478260869 1787
1737429634306 0.9021739130434783 1788
1737429634624 0.8586956521739131 1789
1737429634941 0.8804347826086957 1790
1737429635260 0.8913043478260869 1791
1737429635578 0.9021739130434783 1792
1737429635898 0.9456521739130435 1793
1737429636215 0.8913043478260869 1794
1737429636532 0.8586956521739131 1795
1737429636849 0.8695652173913043 1796
1737429637168 0.8804347826086957 1797
1737429637485 0.8913043478260869 1798
1737429637803 0.9021739130434783 1799
1737429638122 0.9565217391304348 1800
1737429638440 0.9456521739130435 1801
1737429638759 0.8478260869565217 1802
1737429639078 0.9130434782608695 1803
1737429639396 0.9130434782608695 1804
1737429639714 0.8804347826086957 1805
1737429640032 0.9130434782608695 1806
1737429640352 0.9347826086956522 1807
1737429640669 0.8369565217391305 1808
1737429640987 0.9239130434782609 1809
1737429641304 0.9130434782608695 1810
1737429641624 0.8913043478260869 1811
1737429641940 0.8695652173913043 1812
1737429642260 0.8695652173913043 1813
1737429642578 0.8913043478260869 1814
1737429642897 0.9021739130434783 1815
1737429643218 0.8804347826086957 1816
1737429643541 0.8152173913043478 1817
1737429643865 0.8260869565217391 1818
1737429644181 0.8913043478260869 1819
1737429644499 0.8913043478260869 1820
1737429644818 0.8804347826086957 1821
1737429645136 0.8913043478260869 1822
1737429645455 0.9021739130434783 1823
1737429645773 0.9130434782608695 1824
1737429646090 0.9347826086956522 1825
1737429646407 0.9021739130434783 1826
1737429646724 0.9347826086956522 1827
1737429647043 0.8586956521739131 1828
1737429647361 0.9021739130434783 1829
1737429647675 0.9456521739130435 1830
1737429648002 0.9130434782608695 1831
1737429648319 0.9239130434782609 1832
1737429648638 0.8913043478260869 1833
1737429648955 0.9239130434782609 1834
1737429649273 0.8695652173913043 1835
1737429649591 0.8804347826086957 1836
1737429649909 0.9021739130434783 1837
1737429650230 0.9565217391304348 1838
1737429650546 0.8695652173913043 1839
1737429650864 0.8478260869565217 1840
1737429651180 0.967391304347826 1841
1737429651500 0.9565217391304348 1842
1737429651825 0.9239130434782609 1843
1737429652145 0.8913043478260869 1844
1737429652463 0.9456521739130435 1845
1737429652780 0.9239130434782609 1846
1737429653100 0.9130434782608695 1847
1737429653417 0.8913043478260869 1848
1737429653735 0.9021739130434783 1849
1737429654054 0.9347826086956522 1850
1737429654374 0.9021739130434783 1851
1737429654692 0.9239130434782609 1852
1737429655011 0.8804347826086957 1853
1737429655329 0.9021739130434783 1854
1737429655649 0.9239130434782609 1855
1737429655970 0.9565217391304348 1856
1737429656285 0.9239130434782609 1857
1737429656602 0.9456521739130435 1858
1737429656919 0.9130434782608695 1859
1737429657238 0.8586956521739131 1860
1737429657557 0.9347826086956522 1861
1737429657876 0.9239130434782609 1862
1737429658196 0.8913043478260869 1863
1737429658513 0.8913043478260869 1864
1737429658832 0.9021739130434783 1865
1737429659151 0.9130434782608695 1866
1737429659470 0.9130434782608695 1867
1737429659787 0.9021739130434783 1868
1737429660104 0.9239130434782609 1869
1737429660420 0.9021739130434783 1870
1737429660739 0.9347826086956522 1871
1737429661058 0.9456521739130435 1872
1737429661377 0.9456521739130435 1873
1737429661695 0.9130434782608695 1874
1737429662012 0.9021739130434783 1875
1737429662331 0.9347826086956522 1876
1737429662648 0.9347826086956522 1877
1737429662967 0.9130434782608695 1878
1737429663284 0.9239130434782609 1879
1737429663603 0.9456521739130435 1880
1737429663923 0.9347826086956522 1881
1737429664240 0.8804347826086957 1882
1737429664558 0.9130434782608695 1883
1737429664877 0.8695652173913043 1884
1737429665197 0.9239130434782609 1885
1737429665514 0.9565217391304348 1886
1737429665832 0.9347826086956522 1887
1737429666149 0.9239130434782609 1888
1737429666467 0.8913043478260869 1889
1737429666784 0.9347826086956522 1890
1737429667102 0.9239130434782609 1891
1737429667419 0.9021739130434783 1892
1737429667739 0.9239130434782609 1893
1737429668058 0.9239130434782609 1894
1737429668379 0.8913043478260869 1895
1737429668695 0.9347826086956522 1896
1737429669014 0.8913043478260869 1897
1737429669332 0.9239130434782609 1898
1737429669649 0.8586956521739131 1899
1737429669969 0.9456521739130435 1900
1737429670286 0.9130434782608695 1901
1737429670604 0.8804347826086957 1902
1737429670922 0.8695652173913043 1903
1737429671242 0.9021739130434783 1904
1737429671562 0.9565217391304348 1905
1737429671880 0.9130434782608695 1906
1737429672198 0.9347826086956522 1907
1737429672516 0.8804347826086957 1908
1737429672835 0.9456521739130435 1909
1737429673149 0.9456521739130435 1910
1737429673468 0.9347826086956522 1911
1737429673788 0.8913043478260869 1912
1737429674107 0.9021739130434783 1913
1737429674424 0.8804347826086957 1914
1737429674742 0.9347826086956522 1915
1737429675062 0.9565217391304348 1916
1737429675381 0.9021739130434783 1917
1737429675698 0.9347826086956522 1918
1737429676017 0.8913043478260869 1919
1737429676335 0.9456521739130435 1920
1737429676654 0.967391304347826 1921
1737429676972 0.8913043478260869 1922
1737429677290 0.9130434782608695 1923
1737429677608 0.9347826086956522 1924
1737429677927 0.9347826086956522 1925
1737429678246 0.9130434782608695 1926
1737429678564 0.9130434782608695 1927
1737429678880 0.9130434782608695 1928
1737429679197 0.9565217391304348 1929
1737429679516 0.9347826086956522 1930
1737429679834 0.9021739130434783 1931
1737429680151 0.9239130434782609 1932
1737429680470 0.9021739130434783 1933
1737429680788 0.9347826086956522 1934
1737429681106 0.8913043478260869 1935
1737429681425 0.8804347826086957 1936
1737429681742 0.9130434782608695 1937
1737429682062 0.9347826086956522 1938
1737429682381 0.9130434782608695 1939
1737429682700 0.9347826086956522 1940
1737429683019 0.9239130434782609 1941
1737429683335 0.967391304347826 1942
1737429683654 0.9130434782608695 1943
1737429683971 0.9565217391304348 1944
1737429684288 0.9239130434782609 1945
1737429684606 0.9021739130434783 1946
1737429684925 0.9021739130434783 1947
1737429685244 0.9565217391304348 1948
1737429685562 0.9456521739130435 1949
1737429685881 0.9239130434782609 1950
1737429686201 0.9782608695652174 1951
1737429686518 0.8913043478260869 1952
1737429686834 0.9456521739130435 1953
1737429687151 0.9239130434782609 1954
1737429687471 0.8695652173913043 1955
1737429687792 0.8478260869565217 1956
1737429688110 0.9347826086956522 1957
1737429688430 0.9782608695652174 1958
1737429688748 0.9130434782608695 1959
1737429689067 0.967391304347826 1960
1737429689386 0.9239130434782609 1961
1737429689707 0.9565217391304348 1962
1737429690028 0.9130434782608695 1963
1737429690348 0.8913043478260869 1964
1737429690667 0.9130434782608695 1965
1737429690985 0.9021739130434783 1966
1737429691302 0.9021739130434783 1967
1737429691619 0.8913043478260869 1968
1737429691939 0.9347826086956522 1969
1737429692256 0.9021739130434783 1970
1737429692573 0.8913043478260869 1971
1737429692892 0.9347826086956522 1972
1737429693211 0.9456521739130435 1973
1737429693530 0.8478260869565217 1974
1737429693849 0.9021739130434783 1975
1737429694168 0.9347826086956522 1976
1737429694485 0.9239130434782609 1977
1737429694805 0.8804347826086957 1978
1737429695122 0.9347826086956522 1979
1737429695441 0.9347826086956522 1980
1737429695760 0.9130434782608695 1981
1737429696077 0.9239130434782609 1982
1737429696397 0.967391304347826 1983
1737429696715 0.9456521739130435 1984
1737429697034 0.9347826086956522 1985
1737429697352 0.9239130434782609 1986
1737429697671 0.9456521739130435 1987
1737429697988 0.9782608695652174 1988
1737429698305 0.9565217391304348 1989
1737429698621 0.9565217391304348 1990
1737429698942 0.9021739130434783 1991
1737429699259 0.9347826086956522 1992
1737429699577 0.9456521739130435 1993
1737429699899 0.9565217391304348 1994
1737429700216 0.9021739130434783 1995
1737429700535 0.9130434782608695 1996
1737429700855 0.8913043478260869 1997
1737429701172 0.9347826086956522 1998
1737429701490 0.8586956521739131 1999
1737429701809 0.9239130434782609 2000
1737429702127 0.9347826086956522 2001
1737429702445 0.9565217391304348 2002
1737429702765 0.9782608695652174 2003
1737429703086 0.9130434782608695 2004
1737429703402 0.9565217391304348 2005
1737429703721 0.9456521739130435 2006
1737429704039 0.9456521739130435 2007
1737429704356 0.9565217391304348 2008
1737429704673 0.9347826086956522 2009
1737429704993 0.9021739130434783 2010
1737429705314 0.9782608695652174 2011
1737429705633 0.9130434782608695 2012
1737429705952 0.9347826086956522 2013
1737429706270 0.9239130434782609 2014
1737429706590 0.9456521739130435 2015
1737429706910 0.9456521739130435 2016
1737429707228 0.967391304347826 2017
1737429707546 0.9565217391304348 2018
1737429707865 0.9456521739130435 2019
1737429708184 0.9565217391304348 2020
1737429708502 0.9130434782608695 2021
1737429708821 0.8913043478260869 2022
1737429709138 0.967391304347826 2023
1737429709455 0.9021739130434783 2024
1737429709774 0.8804347826086957 2025
1737429710094 0.9239130434782609 2026
1737429710410 0.9565217391304348 2027
1737429710729 0.9239130434782609 2028
1737429711047 0.9239130434782609 2029
1737429711367 0.9239130434782609 2030
1737429711692 0.9456521739130435 2031
1737429712010 0.967391304347826 2032
1737429712329 0.9130434782608695 2033
1737429712648 0.9021739130434783 2034
