1737429032730 0.12903225806451613 1
1737429033046 0.05555555555555555 2
1737429033362 0.10810810810810811 3
1737429033677 0.05263157894736842 4
1737429033994 0.1 5
1737429034312 0.18604651162790697 6
1737429034638 0.25 7
1737429034952 0.21052631578947367 8
1737429035274 0.32558139534883723 9
1737429035590 0.25925925925925924 10
1737429035906 0.3076923076923077 11
1737429036223 0.4230769230769231 12
1737429036538 0.26666666666666666 13
1737429036855 0.17142857142857143 14
1737429037171 0.35 15
1737429037485 0.2127659574468085 16
1737429037800 0.3902439024390244 17
1737429038119 0.38095238095238093 18
1737429038435 0.5416666666666666 19
1737429038758 0.48 20
1737429039073 0.49056603773584906 21
1737429039388 0.6428571428571429 22
1737429039707 0.46808510638297873 23
1737429040025 0.6 24
1737429040431 0.6071428571428571 25
1737429040786 0.5283018867924528 26
1737429041177 0.5 27
1737429041528 0.4186046511627907 28
1737429041877 0.5333333333333333 29
1737429042205 0.6268656716417911 30
1737429042525 0.6101694915254238 31
1737429042842 0.7761194029850746 32
1737429043158 0.46153846153846156 33
1737429043474 0.5806451612903226 34
1737429043789 0.6557377049180327 35
1737429044104 0.7741935483870968 36
1737429044419 0.782608695652174 37
1737429044734 0.6885245901639344 38
1737429045052 0.7536231884057971 39
1737429045367 0.6666666666666666 40
1737429045683 0.75 41
1737429046003 0.6551724137931034 42
1737429046324 0.6774193548387096 43
1737429046638 0.6792452830188679 44
1737429046951 0.7931034482758621 45
1737429047266 0.6875 46
1737429047584 0.7323943661971831 47
1737429047904 0.7796610169491526 48
1737429048219 0.7586206896551724 49
1737429048535 0.7397260273972602 50
1737429048850 0.7857142857142857 51
1737429049168 0.8051948051948052 52
1737429049485 0.7948717948717948 53
1737429049801 0.7272727272727273 54
1737429050118 0.6666666666666666 55
1737429050433 0.8125 56
1737429050747 0.7297297297297297 57
1737429051064 0.8076923076923077 58
1737429051380 0.6779661016949152 59
1737429051701 0.7647058823529411 60
1737429052016 0.7096774193548387 61
1737429052333 0.7457627118644068 62
1737429052650 0.782608695652174 63
1737429052967 0.7777777777777778 64
1737429053283 0.7096774193548387 65
1737429053602 0.7058823529411765 66
1737429053916 0.7397260273972602 67
1737429054231 0.7222222222222222 68
1737429054547 0.8674698795180723 69
1737429054862 0.8163265306122449 70
1737429055177 0.8 71
1737429055491 0.76 72
1737429055809 0.7666666666666667 73
1737429056124 0.7719298245614035 74
1737429056442 0.75 75
1737429056759 0.9122807017543859 76
1737429057078 0.8 77
1737429057393 0.676923076923077 78
1737429057711 0.8571428571428571 79
1737429058040 0.8048780487804879 80
1737429058372 0.7575757575757576 81
1737429058687 0.7397260273972602 82
1737429059006 0.7647058823529411 83
1737429059324 0.7164179104477612 84
1737429059640 0.7719298245614035 85
1737429059956 0.8070175438596491 86
1737429060272 0.8888888888888888 87
1737429060591 0.7777777777777778 88
1737429060907 0.8064516129032258 89
1737429061227 0.8275862068965517 90
1737429061545 0.7931034482758621 91
1737429061861 0.8235294117647058 92
1737429062178 0.7368421052631579 93
1737429062496 0.6575342465753424 94
1737429062815 0.7241379310344828 95
1737429063132 0.76 96
1737429063449 0.8611111111111112 97
1737429063765 0.8656716417910447 98
1737429064083 0.7741935483870968 99
1737429064400 0.8181818181818182 100
1737429064716 0.8 101
1737429065034 0.7777777777777778 102
1737429065349 0.8837209302325582 103
1737429065668 0.6923076923076923 104
1737429065984 0.7843137254901961 105
1737429066301 0.8518518518518519 106
1737429066616 0.8823529411764706 107
1737429066933 0.8470588235294118 108
1737429067250 0.7017543859649122 109
1737429067571 0.6229508196721312 110
1737429067889 0.71875 111
1737429068206 0.6382978723404256 112
1737429068522 0.8115942028985508 113
1737429068839 0.8214285714285714 114
1737429069156 0.8767123287671232 115
1737429069472 0.7692307692307693 116
1737429069789 0.8928571428571429 117
1737429070106 0.8059701492537313 118
1737429070424 0.7619047619047619 119
1737429070741 0.8115942028985508 120
1737429071059 0.8 121
1737429071377 0.8285714285714286 122
1737429071696 0.6885245901639344 123
1737429072012 0.7710843373493976 124
1737429072329 0.7887323943661971 125
1737429072645 0.8285714285714286 126
1737429072961 0.8148148148148148 127
1737429073279 0.8571428571428571 128
1737429073596 0.7391304347826086 129
1737429073913 0.8524590163934426 130
1737429074231 0.7547169811320755 131
1737429074546 0.7924528301886793 132
1737429074864 0.7368421052631579 133
1737429075182 0.8059701492537313 134
1737429075502 0.717948717948718 135
1737429075817 0.8115942028985508 136
1737429076134 0.8163265306122449 137
1737429076449 0.8387096774193549 138
1737429076767 0.7796610169491526 139
1737429077085 0.7857142857142857 140
1737429077401 0.7307692307692307 141
1737429077717 0.8059701492537313 142
1737429078035 0.7837837837837838 143
1737429078352 0.8275862068965517 144
1737429078667 0.75 145
1737429078985 0.7941176470588235 146
1737429079301 0.8135593220338984 147
1737429079620 0.7636363636363637 148
1737429079938 0.7948717948717948 149
1737429080255 0.8 150
1737429080573 0.8275862068965517 151
1737429080891 0.7741935483870968 152
1737429081208 0.7719298245614035 153
1737429081525 0.8148148148148148 154
1737429081842 0.918918918918919 155
1737429082160 0.7659574468085106 156
1737429082478 0.7368421052631579 157
1737429082795 0.8108108108108109 158
1737429083112 0.8 159
1737429083430 0.78125 160
1737429083749 0.8405797101449275 161
1737429084066 0.8888888888888888 162
1737429084383 0.847457627118644 163
1737429084700 0.8857142857142857 164
1737429085017 0.5909090909090909 165
1737429085335 0.7586206896551724 166
1737429085650 0.8493150684931506 167
1737429085965 0.821917808219178 168
1737429086282 0.7878787878787878 169
1737429086601 0.8450704225352113 170
1737429086917 0.8266666666666667 171
1737429087233 0.875 172
1737429087550 0.8333333333333334 173
1737429087868 0.8571428571428571 174
1737429088185 0.7160493827160493 175
1737429088502 0.7384615384615385 176
1737429088819 0.821917808219178 177
1737429089140 0.7647058823529411 178
1737429089459 0.7169811320754716 179
1737429089776 0.8928571428571429 180
1737429090093 0.8636363636363636 181
1737429090411 0.7777777777777778 182
1737429090727 0.8181818181818182 183
1737429091044 0.7936507936507936 184
1737429091360 0.8363636363636363 185
1737429091677 0.8214285714285714 186
1737429091995 0.78125 187
1737429092314 0.7666666666666667 188
1737429092632 0.8 189
1737429092949 0.90625 190
1737429093266 0.8787878787878788 191
1737429093584 0.7924528301886793 192
1737429093901 0.75 193
1737429094219 0.7037037037037037 194
1737429094534 0.8571428571428571 195
1737429094854 0.782608695652174 196
1737429095170 0.723404255319149 197
1737429095487 0.78125 198
1737429095805 0.7714285714285715 199
1737429096126 0.8333333333333334 200
1737429096445 0.7575757575757576 201
1737429096761 0.7169811320754716 202
1737429097077 0.8 203
1737429097395 0.8852459016393442 204
1737429097714 0.8214285714285714 205
1737429098029 0.75 206
1737429098345 0.8064516129032258 207
1737429098663 0.8656716417910447 208
1737429098981 0.835820895522388 209
1737429099298 0.8611111111111112 210
1737429099613 0.8571428571428571 211
1737429099929 0.7636363636363637 212
1737429100250 0.8253968253968254 213
1737429100569 0.8311688311688312 214
1737429100886 0.8727272727272727 215
1737429101203 0.8928571428571429 216
1737429101520 0.7894736842105263 217
1737429101836 0.8852459016393442 218
1737429102153 0.9090909090909091 219
1737429102470 0.76 220
1737429102788 0.835820895522388 221
1737429103106 0.8571428571428571 222
1737429103424 0.8 223
1737429103740 0.8135593220338984 224
1737429104058 0.9090909090909091 225
1737429104375 0.8461538461538461 226
1737429104691 0.7924528301886793 227
1737429105010 0.8135593220338984 228
1737429105327 0.76 229
1737429105645 0.723404255319149 230
1737429105962 0.8285714285714286 231
1737429106281 0.7575757575757576 232
1737429106595 0.7843137254901961 233
1737429106912 0.8070175438596491 234
1737429107231 0.6923076923076923 235
1737429107551 0.8985507246376812 236
1737429107869 0.85 237
1737429108187 0.8656716417910447 238
1737429108504 0.7719298245614035 239
1737429108822 0.75 240
1737429109137 0.7741935483870968 241
1737429109454 0.90625 242
1737429109775 0.8641975308641975 243
1737429110092 0.7636363636363637 244
1737429110409 0.868421052631579 245
1737429110725 0.8070175438596491 246
1737429111044 0.7692307692307693 247
1737429111364 0.7837837837837838 248
1737429111687 0.7164179104477612 249
1737429112007 0.7666666666666667 250
1737429112324 0.8235294117647058 251
1737429112641 0.75 252
1737429112958 0.7540983606557377 253
1737429113277 0.746268656716418 254
1737429113594 0.8695652173913043 255
1737429113913 0.6938775510204082 256
1737429114231 0.78125 257
1737429114549 0.8 258
1737429114867 0.7368421052631579 259
1737429115185 0.8363636363636363 260
1737429115505 0.8421052631578947 261
1737429115823 0.75 262
1737429116140 0.8709677419354839 263
1737429116458 0.8571428571428571 264
1737429116775 0.9230769230769231 265
1737429117093 0.7857142857142857 266
1737429117411 0.7619047619047619 267
1737429117729 0.8 268
1737429118045 0.8 269
1737429118363 0.896551724137931 270
1737429118681 0.819672131147541 271
1737429118997 0.8333333333333334 272
1737429119316 0.7636363636363637 273
1737429119635 0.7547169811320755 274
1737429119953 0.8333333333333334 275
1737429120273 0.6923076923076923 276
1737429120590 0.8421052631578947 277
1737429120908 0.8493150684931506 278
1737429121227 0.8524590163934426 279
1737429121544 0.8076923076923077 280
1737429121861 0.8888888888888888 281
1737429122178 0.8070175438596491 282
1737429122495 0.9411764705882353 283
1737429122813 0.8 284
1737429123129 0.7586206896551724 285
1737429123447 0.8571428571428571 286
1737429123765 0.9117647058823529 287
1737429124083 0.8059701492537313 288
1737429124402 0.868421052631579 289
1737429124718 0.8493150684931506 290
1737429125035 0.8253968253968254 291
1737429125353 0.7945205479452054 292
1737429125671 0.8888888888888888 293
1737429125989 0.8823529411764706 294
1737429126304 0.8615384615384616 295
1737429126621 0.8214285714285714 296
1737429126940 0.847457627118644 297
1737429127259 0.8 298
1737429127576 0.8809523809523809 299
1737429127894 0.7547169811320755 300
1737429128212 0.7741935483870968 301
1737429128530 0.8070175438596491 302
1737429128849 0.8666666666666667 303
1737429129170 0.9206349206349206 304
1737429129505 0.7547169811320755 305
1737429129831 0.7368421052631579 306
1737429130152 0.7931034482758621 307
1737429130471 0.8857142857142857 308
1737429130788 0.7586206896551724 309
1737429131107 0.7605633802816901 310
1737429131424 0.8387096774193549 311
1737429131740 0.7428571428571429 312
1737429132059 0.8985507246376812 313
1737429132379 0.8656716417910447 314
1737429132698 0.8985507246376812 315
1737429133012 0.918918918918919 316
1737429133329 0.8857142857142857 317
1737429133649 0.8307692307692308 318
1737429133967 0.7407407407407407 319
1737429134284 0.8484848484848485 320
1737429134601 0.8064516129032258 321
1737429134920 0.88 322
1737429135239 0.8 323
1737429135558 0.8253968253968254 324
1737429135876 0.8333333333333334 325
1737429136192 0.9117647058823529 326
1737429136511 0.7837837837837838 327
1737429136829 0.84375 328
1737429137148 0.7692307692307693 329
1737429137466 0.821917808219178 330
1737429137781 0.72 331
1737429138098 0.8709677419354839 332
1737429138419 0.7111111111111111 333
1737429138738 0.8974358974358975 334
1737429139053 0.7761194029850746 335
1737429139370 0.8070175438596491 336
1737429139688 0.7936507936507936 337
1737429140009 0.8181818181818182 338
1737429140330 0.8070175438596491 339
1737429140650 0.7878787878787878 340
1737429140969 0.8214285714285714 341
1737429141286 0.9113924050632911 342
1737429141609 0.8387096774193549 343
1737429141925 0.90625 344
1737429142242 0.8085106382978723 345
1737429142565 0.8253968253968254 346
1737429142883 0.8571428571428571 347
1737429143200 0.8372093023255814 348
1737429143517 0.78125 349
1737429143836 0.9 350
1737429144159 0.8888888888888888 351
1737429144479 0.75 352
1737429144798 0.8205128205128205 353
1737429145116 0.7540983606557377 354
1737429145432 0.696969696969697 355
1737429145748 0.7536231884057971 356
1737429146064 0.8 357
1737429146381 0.8928571428571429 358
1737429146698 0.8852459016393442 359
1737429147016 0.8524590163934426 360
1737429147333 0.8831168831168831 361
1737429147651 0.8333333333333334 362
1737429147971 0.8831168831168831 363
1737429148287 0.7741935483870968 364
1737429148603 0.8181818181818182 365
1737429148921 0.7368421052631579 366
1737429149239 0.9014084507042254 367
1737429149557 0.8450704225352113 368
1737429149874 0.8888888888888888 369
1737429150190 0.6545454545454545 370
1737429150509 0.8615384615384616 371
1737429150827 0.8524590163934426 372
1737429151145 0.7352941176470589 373
1737429151463 0.7096774193548387 374
1737429151780 0.88 375
1737429152100 0.8387096774193549 376
1737429152418 0.8484848484848485 377
1737429152737 0.8 378
1737429153057 0.8363636363636363 379
1737429153377 0.7076923076923077 380
1737429153693 0.8450704225352113 381
1737429154010 0.8666666666666667 382
1737429154328 0.8493150684931506 383
1737429154645 0.8333333333333334 384
1737429154964 0.8857142857142857 385
1737429155280 0.8387096774193549 386
1737429155600 0.8235294117647058 387
1737429155918 0.7058823529411765 388
1737429156237 0.78125 389
1737429156554 0.84375 390
1737429156872 0.9117647058823529 391
1737429157189 0.8627450980392157 392
1737429157507 0.875 393
1737429157824 0.7419354838709677 394
1737429158142 0.8985507246376812 395
1737429158459 0.8301886792452831 396
1737429158776 0.9361702127659575 397
1737429159097 0.7547169811320755 398
1737429159412 0.8666666666666667 399
1737429159730 0.8333333333333334 400
1737429160047 0.7333333333333333 401
1737429160366 0.8857142857142857 402
1737429160684 0.8253968253968254 403
1737429161002 0.7666666666666667 404
1737429161317 0.7575757575757576 405
1737429161639 0.8767123287671232 406
1737429161958 0.868421052631579 407
1737429162273 0.7636363636363637 408
1737429162591 0.8787878787878788 409
1737429162909 0.8266666666666667 410
1737429163228 0.8888888888888888 411
1737429163546 0.8333333333333334 412
1737429163863 0.8888888888888888 413
1737429164179 0.8484848484848485 414
1737429164497 0.8301886792452831 415
1737429164815 0.8666666666666667 416
1737429165135 0.8524590163934426 417
1737429165454 0.8 418
1737429165772 0.84375 419
1737429166091 0.7804878048780488 420
1737429166408 0.9066666666666666 421
1737429166726 0.7777777777777778 422
1737429167044 0.8571428571428571 423
1737429167361 0.7272727272727273 424
1737429167679 0.7586206896551724 425
1737429167996 0.7936507936507936 426
1737429168316 0.8181818181818182 427
1737429168634 0.9113924050632911 428
1737429168953 0.8857142857142857 429
1737429169274 0.8727272727272727 430
1737429169592 0.8311688311688312 431
1737429169912 0.8125 432
1737429170230 0.8378378378378378 433
1737429170548 0.7666666666666667 434
1737429170867 0.9459459459459459 435
1737429171182 0.7931034482758621 436
1737429171502 0.8405797101449275 437
1737429171824 0.7692307692307693 438
1737429172142 0.8484848484848485 439
1737429172461 0.8387096774193549 440
1737429172779 0.8266666666666667 441
1737429173098 0.7142857142857143 442
1737429173414 0.8333333333333334 443
1737429173733 0.7857142857142857 444
1737429174051 0.8253968253968254 445
1737429174371 0.76 446
1737429174690 0.8064516129032258 447
1737429175006 0.84375 448
1737429175324 0.8333333333333334 449
1737429175643 0.8387096774193549 450
1737429175959 0.8571428571428571 451
1737429176277 0.8064516129032258 452
1737429176594 0.6545454545454545 453
1737429176912 0.9090909090909091 454
1737429177230 0.8055555555555556 455
1737429177548 0.8852459016393442 456
1737429177865 0.8135593220338984 457
1737429178181 0.9032258064516129 458
1737429178500 0.8372093023255814 459
1737429178818 0.9090909090909091 460
1737429179136 0.8333333333333334 461
1737429179452 0.7142857142857143 462
1737429179768 0.8484848484848485 463
1737429180088 0.8831168831168831 464
1737429180406 0.9066666666666666 465
1737429180723 0.8732394366197183 466
1737429181042 0.9156626506024096 467
1737429181361 0.7647058823529411 468
1737429181677 0.8484848484848485 469
1737429181995 0.7916666666666666 470
1737429182312 0.8767123287671232 471
1737429182633 0.8059701492537313 472
1737429182951 0.8461538461538461 473
1737429183268 0.8852459016393442 474
1737429183586 0.8524590163934426 475
1737429183905 0.8518518518518519 476
1737429184223 0.9393939393939394 477
1737429184539 0.8979591836734694 478
1737429184857 0.7887323943661971 479
1737429185173 0.9180327868852459 480
1737429185490 0.8205128205128205 481
1737429185807 0.8529411764705882 482
1737429186127 0.8253968253968254 483
1737429186447 0.7719298245614035 484
1737429186763 0.8301886792452831 485
1737429187081 0.7741935483870968 486
1737429187399 0.875 487
1737429187719 0.8533333333333334 488
1737429188037 0.8 489
1737429188355 0.8157894736842105 490
1737429188671 0.8732394366197183 491
1737429188990 0.7941176470588235 492
1737429189307 0.8450704225352113 493
1737429189624 0.7142857142857143 494
1737429189940 0.696969696969697 495
1737429190256 0.8771929824561403 496
1737429190573 0.8860759493670886 497
1737429190889 0.8823529411764706 498
1737429191207 0.7666666666666667 499
1737429191525 0.8615384615384616 500
1737429191842 0.782608695652174 501
1737429192160 0.90625 502
1737429192478 0.7894736842105263 503
1737429192796 0.8529411764705882 504
1737429193114 0.7547169811320755 505
1737429193431 0.868421052631579 506
1737429193749 0.7868852459016393 507
1737429194065 0.8484848484848485 508
1737429194382 0.821917808219178 509
1737429194700 0.8285714285714286 510
1737429195018 0.8333333333333334 511
1737429195336 0.8857142857142857 512
1737429195651 0.8070175438596491 513
1737429195967 0.8333333333333334 514
1737429196285 0.9523809523809523 515
1737429196605 0.7692307692307693 516
1737429196920 0.835820895522388 517
1737429197235 0.926829268292683 518
1737429197553 0.7868852459016393 519
1737429197871 0.8253968253968254 520
1737429198188 0.9032258064516129 521
1737429198505 0.9523809523809523 522
1737429198823 0.7096774193548387 523
1737429199141 0.8 524
1737429199459 0.875 525
1737429199778 0.8163265306122449 526
1737429200098 0.9014084507042254 527
1737429200414 0.7241379310344828 528
1737429200733 0.8611111111111112 529
1737429201051 0.8518518518518519 530
1737429201370 0.8615384615384616 531
1737429201688 0.8831168831168831 532
1737429202009 0.8275862068965517 533
1737429202327 0.7368421052631579 534
1737429202646 0.8275862068965517 535
1737429202964 0.9117647058823529 536
1737429203282 0.8235294117647058 537
1737429203600 0.7894736842105263 538
1737429203915 0.9090909090909091 539
1737429204234 0.8732394366197183 540
1737429204551 0.8974358974358975 541
1737429204868 0.8372093023255814 542
1737429205185 0.9285714285714286 543
1737429205503 0.896551724137931 544
1737429205820 0.90625 545
1737429206139 0.75 546
1737429206457 0.8533333333333334 547
1737429206772 0.90625 548
1737429207090 0.875 549
1737429207409 0.8666666666666667 550
1737429207727 0.8421052631578947 551
1737429208044 0.8518518518518519 552
1737429208358 0.7272727272727273 553
1737429208675 0.7931034482758621 554
1737429208993 0.8148148148148148 555
1737429209313 0.8615384615384616 556
1737429209630 0.8260869565217391 557
1737429209948 0.7666666666666667 558
1737429210266 0.8450704225352113 559
1737429210582 0.8076923076923077 560
1737429210900 0.8311688311688312 561
1737429211218 0.7450980392156863 562
1737429211534 0.7868852459016393 563
1737429211852 0.8148148148148148 564
1737429212170 0.8307692307692308 565
1737429212487 0.8928571428571429 566
1737429212804 0.8 567
1737429213122 0.8656716417910447 568
1737429213440 0.8955223880597015 569
1737429213758 0.8115942028985508 570
1737429214076 0.8615384615384616 571
1737429214395 0.8852459016393442 572
1737429214712 0.8235294117647058 573
1737429215031 0.835820895522388 574
1737429215349 0.8928571428571429 575
1737429215668 0.9122807017543859 576
1737429215987 0.8813559322033898 577
1737429216305 0.8181818181818182 578
1737429216621 0.7777777777777778 579
1737429216938 0.8387096774193549 580
1737429217256 0.8846153846153846 581
1737429217574 0.8928571428571429 582
1737429217892 0.8518518518518519 583
1737429218209 0.78125 584
1737429218527 0.8 585
1737429218848 0.8484848484848485 586
1737429219167 0.8253968253968254 587
1737429219484 0.8064516129032258 588
1737429219801 0.927536231884058 589
1737429220119 0.8 590
1737429220437 0.8354430379746836 591
1737429220754 0.9090909090909091 592
1737429221072 0.8181818181818182 593
1737429221389 0.8387096774193549 594
1737429221707 0.9090909090909091 595
1737429222024 0.8363636363636363 596
1737429222340 0.7586206896551724 597
1737429222659 0.8787878787878788 598
1737429222981 0.8275862068965517 599
1737429223298 0.7727272727272727 600
1737429223616 0.8076923076923077 601
1737429223934 0.8181818181818182 602
1737429224252 0.8888888888888888 603
1737429224570 0.8 604
1737429224891 0.7857142857142857 605
1737429225208 0.8444444444444444 606
1737429225526 0.8333333333333334 607
1737429225845 0.8732394366197183 608
1737429226163 0.84375 609
1737429226482 0.7407407407407407 610
1737429226800 0.835820895522388 611
1737429227117 0.835820895522388 612
1737429227434 0.8405797101449275 613
1737429227752 0.9428571428571428 614
1737429228069 0.8928571428571429 615
1737429228389 0.8450704225352113 616
1737429228706 0.819672131147541 617
1737429229023 0.8125 618
1737429229343 0.8363636363636363 619
1737429229663 0.8571428571428571 620
1737429229981 0.847457627118644 621
1737429230297 0.7076923076923077 622
1737429230613 0.847457627118644 623
1737429230932 0.835820895522388 624
1737429231249 0.88 625
1737429231573 0.9253731343283582 626
1737429231894 0.9090909090909091 627
1737429232208 0.8450704225352113 628
1737429232527 0.7532467532467533 629
1737429232845 0.7169811320754716 630
1737429233163 0.7647058823529411 631
1737429233480 0.8985507246376812 632
1737429233796 0.90625 633
1737429234113 0.7796610169491526 634
1737429234433 0.9032258064516129 635
1737429234749 0.8307692307692308 636
1737429235066 0.8787878787878788 637
1737429235384 0.8955223880597015 638
1737429235700 0.8363636363636363 639
1737429236019 0.8771929824561403 640
1737429236339 0.9117647058823529 641
1737429236659 0.8307692307692308 642
1737429236978 0.8695652173913043 643
1737429237296 0.8157894736842105 644
1737429237615 0.8888888888888888 645
1737429237932 0.8275862068965517 646
1737429238252 0.7575757575757576 647
1737429238569 0.7666666666666667 648
1737429238887 0.8571428571428571 649
1737429239206 0.8 650
1737429239521 0.8928571428571429 651
1737429239839 0.8985507246376812 652
1737429240156 0.9090909090909091 653
1737429240475 0.8974358974358975 654
1737429240794 0.8611111111111112 655
1737429241112 0.8524590163934426 656
1737429241430 0.8333333333333334 657
1737429241747 0.7605633802816901 658
1737429242065 0.8533333333333334 659
1737429242383 0.8923076923076924 660
1737429242700 0.8214285714285714 661
1737429243018 0.7719298245614035 662
1737429243335 0.8253968253968254 663
1737429243653 0.8709677419354839 664
1737429243974 0.8813559322033898 665
1737429244290 0.7727272727272727 666
1737429244606 0.9 667
1737429244925 0.8214285714285714 668
1737429245241 0.896551724137931 669
1737429245559 0.68 670
1737429245877 0.7333333333333333 671
1737429246194 0.8 672
1737429246514 0.8571428571428571 673
1737429246832 0.925 674
1737429247149 0.7733333333333333 675
1737429247465 0.7936507936507936 676
1737429247782 0.8405797101449275 677
1737429248102 0.8450704225352113 678
1737429248423 0.8048780487804879 679
1737429248740 0.85 680
1737429249057 0.88 681
1737429249376 0.8571428571428571 682
1737429249693 0.868421052631579 683
1737429250009 0.9295774647887324 684
1737429250327 0.8285714285714286 685
1737429250646 0.7924528301886793 686
1737429250964 0.7450980392156863 687
1737429251284 0.8620689655172413 688
1737429251603 0.9014084507042254 689
1737429251921 0.7887323943661971 690
1737429252236 0.8571428571428571 691
1737429252554 0.7540983606557377 692
1737429252873 0.8974358974358975 693
1737429253189 0.9375 694
1737429253504 0.8615384615384616 695
1737429253825 0.8493150684931506 696
1737429254144 0.8571428571428571 697
1737429254462 0.7878787878787878 698
1737429254778 0.8717948717948718 699
1737429255097 0.8571428571428571 700
1737429255416 0.8620689655172413 701
1737429255734 0.8115942028985508 702
1737429256053 0.8524590163934426 703
1737429256373 0.8571428571428571 704
1737429256689 0.7924528301886793 705
1737429257010 0.9180327868852459 706
1737429257325 0.8571428571428571 707
1737429257642 0.8615384615384616 708
1737429257960 0.75 709
1737429258278 0.918918918918919 710
1737429258595 0.8732394366197183 711
1737429258913 0.7692307692307693 712
1737429259231 0.8620689655172413 713
1737429259551 0.8378378378378378 714
1737429259868 0.7796610169491526 715
1737429260187 0.8266666666666667 716
1737429260507 0.825 717
1737429260824 0.875 718
1737429261144 0.84375 719
1737429261461 0.8831168831168831 720
1737429261779 0.8421052631578947 721
1737429262096 0.8059701492537313 722
1737429262415 0.8695652173913043 723
1737429262731 0.8771929824561403 724
1737429263050 0.8125 725
1737429263385 0.9333333333333333 726
1737429263704 0.7857142857142857 727
1737429264021 0.9285714285714286 728
1737429264340 0.851063829787234 729
1737429264657 0.8615384615384616 730
1737429264975 0.9166666666666666 731
1737429265295 0.8888888888888888 732
1737429265611 0.8 733
1737429265927 0.9090909090909091 734
1737429266246 0.84375 735
1737429266563 0.7931034482758621 736
1737429266880 0.8363636363636363 737
1737429267200 0.8771929824561403 738
1737429267518 0.8620689655172413 739
1737429267835 0.84 740
1737429268152 0.819672131147541 741
1737429268469 0.8484848484848485 742
1737429268787 0.8666666666666667 743
1737429269106 0.8285714285714286 744
1737429269423 0.7547169811320755 745
1737429269744 0.8333333333333334 746
1737429270062 0.8387096774193549 747
1737429270381 0.8285714285714286 748
1737429270699 0.8235294117647058 749
1737429271015 0.8235294117647058 750
1737429271335 0.7586206896551724 751
1737429271653 0.7741935483870968 752
1737429271970 0.8787878787878788 753
1737429272289 0.8620689655172413 754
1737429272607 0.7796610169491526 755
1737429272924 0.88 756
1737429273244 0.7142857142857143 757
1737429273562 0.9152542372881356 758
1737429273880 0.8648648648648649 759
1737429274198 0.8253968253968254 760
1737429274517 0.84375 761
1737429274835 0.9333333333333333 762
1737429275153 0.896551724137931 763
1737429275471 0.7941176470588235 764
1737429275794 0.8253968253968254 765
1737429276112 0.8421052631578947 766
1737429276431 0.8450704225352113 767
1737429276749 0.85 768
1737429277069 0.9375 769
1737429277387 0.8405797101449275 770
1737429277706 0.9 771
1737429278024 0.8253968253968254 772
1737429278344 0.9333333333333333 773
1737429278661 0.8163265306122449 774
1737429278980 0.8656716417910447 775
1737429279298 0.84375 776
1737429279616 0.8571428571428571 777
1737429279935 0.7936507936507936 778
1737429280251 0.8732394366197183 779
1737429280570 0.7142857142857143 780
1737429280888 0.9411764705882353 781
1737429281205 0.8070175438596491 782
1737429281524 0.8387096774193549 783
1737429281843 0.8709677419354839 784
1737429282161 0.9142857142857143 785
1737429282477 0.8928571428571429 786
1737429282795 0.8493150684931506 787
1737429283116 0.9836065573770492 788
1737429283434 0.8059701492537313 789
1737429283749 0.875 790
1737429284070 0.84375 791
1737429284387 0.875 792
1737429284703 0.8571428571428571 793
1737429285019 0.835820895522388 794
1737429285337 0.9156626506024096 795
1737429285655 0.8620689655172413 796
1737429285974 0.8611111111111112 797
1737429286290 0.9176470588235294 798
1737429286608 0.8135593220338984 799
1737429286926 0.8115942028985508 800
1737429287251 0.8070175438596491 801
1737429287569 0.8823529411764706 802
1737429287887 0.9166666666666666 803
1737429288205 0.8695652173913043 804
1737429288524 0.927536231884058 805
1737429288842 0.84375 806
1737429289158 0.8518518518518519 807
1737429289477 0.8813559322033898 808
1737429289796 0.875 809
1737429290114 0.8461538461538461 810
1737429290432 0.7540983606557377 811
1737429290748 0.847457627118644 812
1737429291067 0.8 813
1737429291386 0.7878787878787878 814
1737429291713 0.8387096774193549 815
1737429292034 0.8533333333333334 816
1737429292359 0.7540983606557377 817
1737429292677 0.8571428571428571 818
1737429292996 0.8732394366197183 819
1737429293314 0.7586206896551724 820
1737429293631 0.8529411764705882 821
1737429293953 0.8571428571428571 822
1737429294272 0.8533333333333334 823
1737429294592 0.8433734939759037 824
1737429294909 0.9135802469135802 825
1737429295228 0.9230769230769231 826
1737429295547 0.7857142857142857 827
1737429295863 0.9130434782608695 828
1737429296181 0.9508196721311475 829
1737429296498 0.8 830
1737429296817 0.8493150684931506 831
1737429297136 0.8292682926829268 832
1737429297456 0.8767123287671232 833
1737429297773 0.7142857142857143 834
1737429298091 0.8852459016393442 835
1737429298409 0.9180327868852459 836
1737429298728 0.9152542372881356 837
1737429299047 0.8928571428571429 838
1737429299363 0.8181818181818182 839
1737429299680 0.8860759493670886 840
1737429299999 0.7037037037037037 841
1737429300322 0.8615384615384616 842
1737429300638 0.8484848484848485 843
1737429300958 0.8923076923076924 844
1737429301275 0.8524590163934426 845
1737429301596 0.8275862068965517 846
1737429301914 0.7647058823529411 847
1737429302232 0.8852459016393442 848
1737429302550 0.8787878787878788 849
1737429302867 0.8529411764705882 850
1737429303186 0.8311688311688312 851
1737429303503 0.9024390243902439 852
1737429303821 0.8787878787878788 853
1737429304137 0.9117647058823529 854
1737429304452 0.9411764705882353 855
1737429304769 0.8666666666666667 856
1737429305088 0.7777777777777778 857
1737429305409 0.8214285714285714 858
1737429305729 0.8823529411764706 859
1737429306045 0.875 860
1737429306364 0.8518518518518519 861
1737429306579 0.8108108108108109 862
1737429324074 0.8571428571428571 863
1737429324394 0.8787878787878788 864
1737429324711 0.8115942028985508 865
1737429325027 0.819672131147541 866
1737429325344 0.7692307692307693 867
1737429325662 0.8301886792452831 868
1737429325980 0.875 869
1737429326294 0.9206349206349206 870
1737429326612 0.7407407407407407 871
1737429326929 0.8169014084507042 872
1737429327248 0.8813559322033898 873
1737429327566 0.9014084507042254 874
1737429327884 0.7058823529411765 875
1737429328200 0.8524590163934426 876
1737429328519 0.8333333333333334 877
1737429328833 0.8266666666666667 878
1737429329148 0.9310344827586207 879
1737429329465 0.8444444444444444 880
1737429329782 0.8813559322033898 881
1737429330099 0.835820895522388 882
1737429330417 0.9041095890410958 883
1737429330734 0.8333333333333334 884
1737429331052 0.8275862068965517 885
1737429331370 0.84 886
1737429331688 0.8333333333333334 887
1737429332006 0.8363636363636363 888
1737429332326 0.8 889
1737429332643 0.7222222222222222 890
1737429332960 0.8888888888888888 891
1737429333278 0.9428571428571428 892
1737429333595 0.7741935483870968 893
1737429333913 0.9375 894
1737429334231 0.7916666666666666 895
1737429334549 0.835820895522388 896
1737429334869 0.8387096774193549 897
1737429335186 0.8695652173913043 898
1737429335506 0.7941176470588235 899
1737429335823 0.8615384615384616 900
1737429336138 0.90625 901
1737429336455 0.8 902
1737429336775 0.8405797101449275 903
1737429337093 0.8 904
1737429337409 0.78125 905
1737429337727 0.7346938775510204 906
1737429338048 0.8148148148148148 907
1737429338365 0.8253968253968254 908
1737429338683 0.8266666666666667 909
1737429338998 0.896551724137931 910
1737429339316 0.8771929824561403 911
1737429339635 0.8307692307692308 912
1737429339951 0.868421052631579 913
1737429340269 0.8529411764705882 914
1737429340586 0.9014084507042254 915
1737429340904 0.9180327868852459 916
1737429341222 0.84375 917
1737429341540 0.8656716417910447 918
1737429341857 0.8607594936708861 919
1737429342178 0.8679245283018868 920
1737429342500 0.8214285714285714 921
1737429342817 0.7868852459016393 922
1737429343137 0.7777777777777778 923
1737429343453 0.8928571428571429 924
1737429343771 0.8888888888888888 925
1737429344090 0.9032258064516129 926
1737429344406 0.7761194029850746 927
1737429344724 0.8727272727272727 928
1737429345043 0.8888888888888888 929
1737429345364 0.8727272727272727 930
1737429345684 0.9210526315789473 931
1737429345999 0.8301886792452831 932
1737429346315 0.9180327868852459 933
1737429346635 0.8 934
1737429346953 0.8767123287671232 935
1737429347269 0.8787878787878788 936
1737429347587 0.8666666666666667 937
1737429347905 0.9473684210526315 938
1737429348225 0.8615384615384616 939
1737429348543 0.847457627118644 940
1737429348859 0.9 941
1737429349180 0.8378378378378378 942
1737429349497 0.7666666666666667 943
1737429349815 0.8524590163934426 944
1737429350132 0.8135593220338984 945
1737429350450 0.8235294117647058 946
1737429350768 0.9285714285714286 947
1737429351085 0.9206349206349206 948
1737429351422 0.8214285714285714 949
1737429351747 0.8524590163934426 950
1737429352065 0.75 951
1737429352384 0.8461538461538461 952
1737429352703 0.8461538461538461 953
1737429353021 0.84375 954
1737429353335 0.7837837837837838 955
1737429353654 0.8125 956
1737429353971 0.8518518518518519 957
1737429354287 0.8636363636363636 958
1737429354608 0.8823529411764706 959
1737429354926 0.9206349206349206 960
1737429355244 0.8333333333333334 961
1737429355559 0.8888888888888888 962
1737429355877 0.8627450980392157 963
1737429356193 0.8333333333333334 964
1737429356513 0.875 965
1737429356832 0.8181818181818182 966
1737429357147 0.8888888888888888 967
1737429357464 0.9152542372881356 968
1737429357783 0.8571428571428571 969
1737429358103 0.85 970
1737429358421 0.8076923076923077 971
1737429358740 0.8695652173913043 972
1737429359055 0.7843137254901961 973
1737429359374 0.8421052631578947 974
1737429359690 0.8529411764705882 975
1737429360006 0.9152542372881356 976
1737429360331 0.8767123287671232 977
1737429360648 0.8214285714285714 978
1737429360965 0.9152542372881356 979
1737429361283 0.9333333333333333 980
1737429361600 0.8529411764705882 981
1737429361920 0.9041095890410958 982
1737429362236 0.927536231884058 983
1737429362552 0.8888888888888888 984
1737429362868 0.84 985
1737429363185 0.8529411764705882 986
1737429363504 0.84375 987
1737429363823 0.9122807017543859 988
1737429364143 0.9014084507042254 989
1737429364460 0.8923076923076924 990
1737429364778 0.8571428571428571 991
1737429365095 0.9230769230769231 992
1737429365413 0.8301886792452831 993
1737429365732 0.9090909090909091 994
1737429366048 0.9354838709677419 995
1737429366366 0.9428571428571428 996
1737429366683 0.8333333333333334 997
1737429367001 0.8985507246376812 998
1737429367318 0.92 999
1737429367635 0.9152542372881356 1000
1737429367956 0.8363636363636363 1001
1737429368272 0.8275862068965517 1002
1737429368591 0.8571428571428571 1003
1737429368910 0.8656716417910447 1004
1737429369232 0.8656716417910447 1005
1737429369548 0.8771929824561403 1006
1737429369866 0.8148148148148148 1007
1737429370184 0.8787878787878788 1008
1737429370503 0.896551724137931 1009
1737429370821 0.84 1010
1737429371138 0.9295774647887324 1011
1737429371454 0.8888888888888888 1012
1737429371774 0.8928571428571429 1013
1737429372091 0.8852459016393442 1014
1737429372407 0.8571428571428571 1015
1737429372724 0.8571428571428571 1016
1737429373042 0.9743589743589743 1017
1737429373394 0.8571428571428571 1018
1737429373715 0.9285714285714286 1019
1737429374032 0.9014084507042254 1020
1737429374351 0.9032258064516129 1021
1737429374668 0.8333333333333334 1022
1737429374987 0.9090909090909091 1023
1737429375303 0.926829268292683 1024
1737429375622 0.9491525423728814 1025
1737429375939 0.9295774647887324 1026
1737429376257 0.7916666666666666 1027
1737429376574 0.9230769230769231 1028
1737429376891 0.9295774647887324 1029
1737429377207 0.8732394366197183 1030
1737429377538 0.8484848484848485 1031
1737429377855 0.9375 1032
1737429378170 0.868421052631579 1033
1737429378490 0.9375 1034
1737429378807 0.9382716049382716 1035
1737429379125 0.9206349206349206 1036
1737429379444 0.8461538461538461 1037
1737429379759 0.875 1038
1737429380077 0.8823529411764706 1039
1737429380396 0.8533333333333334 1040
1737429380715 0.875 1041
1737429381033 0.9090909090909091 1042
1737429381353 0.9777777777777777 1043
1737429381669 0.8518518518518519 1044
1737429381989 0.8571428571428571 1045
1737429382307 0.8709677419354839 1046
1737429382625 0.92 1047
1737429382944 0.8518518518518519 1048
1737429383264 0.9411764705882353 1049
1737429383582 0.9152542372881356 1050
1737429383899 0.875 1051
1737429384216 0.8571428571428571 1052
1737429384535 0.8787878787878788 1053
1737429384852 0.8235294117647058 1054
1737429385168 0.8387096774193549 1055
1737429385486 0.8771929824561403 1056
1737429385806 0.9090909090909091 1057
1737429386125 0.8985507246376812 1058
1737429386440 0.9302325581395349 1059
1737429386758 0.8813559322033898 1060
1737429387075 0.8493150684931506 1061
1737429387395 0.9285714285714286 1062
1737429387714 0.835820895522388 1063
1737429388031 0.8461538461538461 1064
1737429388350 0.9019607843137255 1065
1737429388670 0.9230769230769231 1066
1737429389009 0.896551724137931 1067
1737429389324 0.8363636363636363 1068
1737429389639 0.8928571428571429 1069
1737429389958 0.9375 1070
1737429390275 0.8955223880597015 1071
1737429390591 0.927536231884058 1072
1737429390908 0.935064935064935 1073
1737429391234 0.8518518518518519 1074
1737429391552 0.847457627118644 1075
1737429391869 0.9367088607594937 1076
1737429392187 0.9473684210526315 1077
1737429392506 0.9310344827586207 1078
1737429392826 0.8780487804878049 1079
1737429393142 0.9696969696969697 1080
1737429393460 0.9310344827586207 1081
1737429393778 0.8846153846153846 1082
1737429394095 0.8923076923076924 1083
1737429394413 0.8275862068965517 1084
1737429394731 0.8571428571428571 1085
1737429395048 0.8888888888888888 1086
1737429395368 0.918918918918919 1087
1737429395686 0.9230769230769231 1088
1737429396005 0.92 1089
1737429396321 0.875 1090
1737429396639 0.8846153846153846 1091
1737429396959 0.8163265306122449 1092
1737429397279 0.8918918918918919 1093
1737429397600 0.8307692307692308 1094
1737429397918 0.8627450980392157 1095
1737429398236 0.9310344827586207 1096
1737429398552 0.9019607843137255 1097
1737429398871 0.9393939393939394 1098
1737429399188 0.9647058823529412 1099
1737429399503 0.9375 1100
1737429399820 0.8679245283018868 1101
1737429400137 0.7719298245614035 1102
1737429400453 0.8571428571428571 1103
1737429400768 0.9032258064516129 1104
1737429401087 0.8378378378378378 1105
1737429401403 0.8421052631578947 1106
1737429401723 0.8947368421052632 1107
1737429402039 0.8666666666666667 1108
1737429402355 0.8709677419354839 1109
1737429402673 0.8888888888888888 1110
1737429402991 0.8450704225352113 1111
1737429403308 0.8571428571428571 1112
1737429403628 0.8163265306122449 1113
1737429403947 0.8936170212765957 1114
1737429404264 0.9230769230769231 1115
1737429404582 0.8484848484848485 1116
1737429404897 0.8888888888888888 1117
1737429405216 0.8695652173913043 1118
1737429405534 0.8524590163934426 1119
1737429405853 0.8732394366197183 1120
1737429406170 0.8085106382978723 1121
1737429406489 0.8771929824561403 1122
1737429406804 0.9122807017543859 1123
1737429407123 0.92 1124
1737429407438 0.9375 1125
1737429407757 0.9122807017543859 1126
1737429408075 0.9552238805970149 1127
1737429408393 0.9230769230769231 1128
1737429408711 0.84375 1129
1737429409032 0.8275862068965517 1130
1737429409363 0.8727272727272727 1131
1737429409680 0.9285714285714286 1132
1737429409998 0.8524590163934426 1133
1737429410314 0.9066666666666666 1134
1737429410633 0.8620689655172413 1135
1737429410951 0.9180327868852459 1136
1737429411269 0.88 1137
1737429411589 0.8076923076923077 1138
1737429411910 0.9090909090909091 1139
1737429412226 0.9041095890410958 1140
1737429412546 0.9122807017543859 1141
1737429412864 0.9361702127659575 1142
1737429413180 0.961038961038961 1143
1737429413497 0.9411764705882353 1144
1737429413817 0.9393939393939394 1145
1737429414133 0.9473684210526315 1146
1737429414451 0.8524590163934426 1147
1737429414770 0.8857142857142857 1148
1737429415086 0.9714285714285714 1149
1737429415404 0.875 1150
1737429415729 0.935064935064935 1151
1737429416047 0.9166666666666666 1152
1737429416367 0.9180327868852459 1153
1737429416685 0.9142857142857143 1154
1737429417001 0.9523809523809523 1155
1737429417319 0.9206349206349206 1156
1737429417637 0.9855072463768116 1157
1737429417957 0.8888888888888888 1158
1737429418275 0.9122807017543859 1159
1737429418594 0.8 1160
1737429418913 0.925 1161
1737429419233 0.8461538461538461 1162
1737429419551 0.9152542372881356 1163
1737429419868 0.8813559322033898 1164
1737429420187 0.9375 1165
1737429420510 0.9523809523809523 1166
1737429420847 0.8461538461538461 1167
1737429421166 0.8214285714285714 1168
1737429421483 0.847457627118644 1169
1737429421800 0.9041095890410958 1170
1737429422118 0.8627450980392157 1171
1737429422436 0.8235294117647058 1172
1737429422754 0.9180327868852459 1173
1737429423082 0.8059701492537313 1174
1737429423400 0.9577464788732394 1175
1737429423720 0.9230769230769231 1176
1737429424037 0.927536231884058 1177
1737429424355 0.9210526315789473 1178
1737429424674 0.9565217391304348 1179
1737429424994 0.9333333333333333 1180
1737429425314 0.8571428571428571 1181
1737429425633 0.9 1182
1737429425952 0.9056603773584906 1183
1737429426271 0.9295774647887324 1184
1737429426588 0.875 1185
1737429426908 0.8813559322033898 1186
1737429427226 0.8852459016393442 1187
1737429427545 0.9295774647887324 1188
1737429427865 0.8767123287671232 1189
1737429428184 0.8524590163934426 1190
1737429428501 0.8301886792452831 1191
1737429428820 0.8823529411764706 1192
1737429429138 0.8085106382978723 1193
1737429429456 0.9508196721311475 1194
1737429429773 0.8936170212765957 1195
1737429430092 0.8947368421052632 1196
1737429430411 0.9014084507042254 1197
1737429430729 0.8666666666666667 1198
1737429431046 0.8813559322033898 1199
1737429431363 0.8307692307692308 1200
1737429431681 0.8076923076923077 1201
1737429431999 0.8823529411764706 1202
1737429432319 0.9411764705882353 1203
1737429432637 0.9620253164556962 1204
1737429432955 0.8852459016393442 1205
1737429433274 0.9523809523809523 1206
1737429433593 0.84 1207
1737429433910 0.835820895522388 1208
1737429434228 0.96 1209
1737429434547 0.9302325581395349 1210
1737429434867 0.8923076923076924 1211
1737429435185 0.9491525423728814 1212
1737429435504 0.9523809523809523 1213
1737429435822 0.8529411764705882 1214
1737429436141 0.8888888888888888 1215
1737429436459 0.8620689655172413 1216
1737429436776 0.8405797101449275 1217
1737429437095 0.8709677419354839 1218
1737429437416 0.9565217391304348 1219
1737429437733 0.9259259259259259 1220
1737429438053 0.9491525423728814 1221
1737429438373 0.896551724137931 1222
1737429438690 0.9041095890410958 1223
1737429439010 0.835820895522388 1224
1737429439328 0.8888888888888888 1225
1737429439644 0.8387096774193549 1226
1737429439961 0.9180327868852459 1227
1737429440278 0.7 1228
1737429440595 0.9166666666666666 1229
1737429440912 0.9210526315789473 1230
1737429441231 0.9508196721311475 1231
1737429441551 0.8709677419354839 1232
1737429441869 0.90625 1233
1737429442186 0.8813559322033898 1234
1737429442503 0.8135593220338984 1235
1737429442821 0.8214285714285714 1236
1737429443139 0.9166666666666666 1237
1737429443459 0.9090909090909091 1238
1737429443774 0.875 1239
1737429444092 0.8529411764705882 1240
1737429444411 0.9056603773584906 1241
1737429444728 0.8 1242
1737429445045 0.8955223880597015 1243
1737429445365 0.9354838709677419 1244
1737429445682 0.8985507246376812 1245
1737429446004 0.896551724137931 1246
1737429446321 0.8823529411764706 1247
1737429446638 0.9523809523809523 1248
1737429446958 0.90625 1249
1737429447279 0.8307692307692308 1250
1737429447595 0.9 1251
1737429447913 0.9206349206349206 1252
1737429448230 0.9705882352941176 1253
1737429448549 0.9166666666666666 1254
1737429448867 0.8860759493670886 1255
1737429449183 0.8 1256
1737429449501 0.9166666666666666 1257
1737429449819 0.92 1258
1737429450138 0.9130434782608695 1259
1737429450456 0.8936170212765957 1260
1737429450772 0.9122807017543859 1261
1737429451089 0.8666666666666667 1262
1737429451407 0.8985507246376812 1263
1737429451726 0.9428571428571428 1264
1737429452043 0.9032258064516129 1265
1737429452362 0.92 1266
1737429452682 0.8421052631578947 1267
1737429453001 0.9090909090909091 1268
1737429453318 0.935064935064935 1269
1737429453636 0.8461538461538461 1270
1737429453954 0.8615384615384616 1271
1737429454271 0.8717948717948718 1272
1737429454590 0.927536231884058 1273
1737429454908 0.8888888888888888 1274
1737429455225 0.8888888888888888 1275
1737429455546 0.8955223880597015 1276
1737429455865 0.8627450980392157 1277
1737429456181 0.8666666666666667 1278
1737429456501 0.9152542372881356 1279
1737429456818 0.8571428571428571 1280
1737429457137 0.8620689655172413 1281
1737429457457 0.85 1282
1737429457774 0.9295774647887324 1283
1737429458093 0.85 1284
1737429458409 0.9230769230769231 1285
1737429458726 0.84375 1286
1737429459045 0.8727272727272727 1287
1737429459365 0.8307692307692308 1288
1737429459682 0.8955223880597015 1289
1737429460003 0.9523809523809523 1290
1737429460320 0.918918918918919 1291
1737429460639 0.9285714285714286 1292
1737429460958 0.9066666666666666 1293
1737429461278 0.9 1294
1737429461598 0.8955223880597015 1295
1737429461914 0.8846153846153846 1296
1737429462232 0.9863013698630136 1297
1737429462550 0.8679245283018868 1298
1737429462869 0.9166666666666666 1299
1737429463186 0.918918918918919 1300
1737429463504 0.8615384615384616 1301
1737429463824 0.9523809523809523 1302
1737429464144 0.9 1303
1737429464462 0.8518518518518519 1304
1737429464783 0.9295774647887324 1305
1737429465100 0.9019607843137255 1306
1737429465417 0.8064516129032258 1307
1737429465736 0.8461538461538461 1308
1737429466053 0.8709677419354839 1309
1737429466370 0.9032258064516129 1310
1737429466688 0.8450704225352113 1311
1737429467007 0.9122807017543859 1312
1737429467327 0.8732394366197183 1313
1737429467645 0.9310344827586207 1314
1737429467962 0.7777777777777778 1315
1737429468283 0.8888888888888888 1316
1737429468600 0.8493150684931506 1317
1737429468917 0.9152542372881356 1318
1737429469234 0.9122807017543859 1319
1737429469552 0.9538461538461539 1320
1737429469869 0.9047619047619048 1321
1737429470190 0.9433962264150944 1322
1737429470508 0.8695652173913043 1323
1737429470827 0.8125 1324
1737429471146 0.9206349206349206 1325
1737429471466 0.9315068493150684 1326
1737429471787 0.9315068493150684 1327
1737429472107 0.9295774647887324 1328
1737429472422 0.963855421686747 1329
1737429472741 0.8823529411764706 1330
1737429473058 0.875 1331
1737429473375 0.8163265306122449 1332
1737429473695 0.9210526315789473 1333
1737429474014 0.9142857142857143 1334
1737429474332 0.9811320754716981 1335
1737429474648 0.9032258064516129 1336
1737429474967 0.9152542372881356 1337
1737429475286 0.9285714285714286 1338
1737429475603 0.9354838709677419 1339
1737429475921 0.96 1340
1737429476239 0.9 1341
1737429476556 0.9259259259259259 1342
1737429476873 0.927536231884058 1343
1737429477192 0.9032258064516129 1344
1737429477509 0.8571428571428571 1345
1737429477826 0.8620689655172413 1346
1737429478145 0.9387755102040817 1347
1737429478462 0.9117647058823529 1348
1737429478781 0.8705882352941177 1349
1737429479099 0.9382716049382716 1350
1737429479416 0.8571428571428571 1351
1737429479735 0.8732394366197183 1352
1737429480052 0.9166666666666666 1353
1737429480369 0.8620689655172413 1354
1737429480686 0.8955223880597015 1355
1737429481003 0.7272727272727273 1356
1737429481322 0.8888888888888888 1357
1737429481641 0.9259259259259259 1358
1737429481960 0.88 1359
1737429482279 0.8857142857142857 1360
1737429482600 0.8813559322033898 1361
1737429482917 0.8955223880597015 1362
1737429483236 0.8857142857142857 1363
1737429483554 0.9253731343283582 1364
1737429483874 0.8421052631578947 1365
1737429484193 0.8888888888888888 1366
1737429484514 0.8301886792452831 1367
1737429484834 0.8918918918918919 1368
1737429485152 0.8615384615384616 1369
1737429485471 0.8852459016393442 1370
1737429485787 0.9315068493150684 1371
1737429486107 0.8787878787878788 1372
1737429486426 0.8571428571428571 1373
1737429486748 0.9014084507042254 1374
1737429487065 0.9387755102040817 1375
1737429487383 0.8695652173913043 1376
1737429487702 0.9666666666666667 1377
1737429488022 0.9130434782608695 1378
1737429488341 0.9117647058823529 1379
1737429488657 0.9397590361445783 1380
1737429488976 0.847457627118644 1381
1737429489295 0.9 1382
1737429489612 0.9032258064516129 1383
1737429489929 0.96875 1384
1737429490247 0.847457627118644 1385
1737429490564 0.8852459016393442 1386
1737429490883 0.9552238805970149 1387
1737429491202 0.8571428571428571 1388
1737429491519 0.9565217391304348 1389
1737429491838 0.8571428571428571 1390
1737429492157 0.8857142857142857 1391
1737429492477 0.9285714285714286 1392
1737429492794 0.9830508474576272 1393
1737429493114 0.9041095890410958 1394
1737429493433 0.8928571428571429 1395
1737429493752 0.8363636363636363 1396
1737429494070 0.9090909090909091 1397
1737429494389 0.9696969696969697 1398
1737429494708 0.8846153846153846 1399
1737429495024 0.918918918918919 1400
1737429495344 0.9230769230769231 1401
1737429495661 0.8857142857142857 1402
1737429495980 0.9487179487179487 1403
1737429496299 0.9047619047619048 1404
1737429496617 0.896551724137931 1405
1737429496933 0.9642857142857143 1406
1737429497254 0.90625 1407
1737429497574 0.8771929824561403 1408
1737429497891 0.9315068493150684 1409
1737429498210 0.9393939393939394 1410
1737429498529 0.9090909090909091 1411
1737429498849 0.9206349206349206 1412
1737429499168 0.9473684210526315 1413
1737429499487 0.92 1414
1737429499805 0.7804878048780488 1415
1737429500125 0.8727272727272727 1416
1737429500445 0.8679245283018868 1417
1737429500762 0.8666666666666667 1418
1737429501080 0.8636363636363636 1419
1737429501398 0.8333333333333334 1420
1737429501715 0.9142857142857143 1421
1737429502033 0.8301886792452831 1422
1737429502353 0.875 1423
1737429502668 0.8148148148148148 1424
1737429502993 0.8727272727272727 1425
1737429503312 0.8518518518518519 1426
1737429503629 0.875 1427
1737429503947 0.9056603773584906 1428
1737429504263 0.8813559322033898 1429
1737429504581 0.8787878787878788 1430
1737429504900 0.8787878787878788 1431
1737429505218 0.8529411764705882 1432
1737429505534 0.8888888888888888 1433
1737429505853 0.9090909090909091 1434
1737429506170 0.9090909090909091 1435
1737429506492 0.875 1436
1737429506808 0.9 1437
1737429507126 0.9122807017543859 1438
1737429507445 0.9523809523809523 1439
1737429507764 0.8823529411764706 1440
1737429508084 0.9310344827586207 1441
1737429508399 0.9310344827586207 1442
1737429508716 0.9629629629629629 1443
1737429509032 0.9056603773584906 1444
1737429509355 0.8888888888888888 1445
1737429509670 0.9310344827586207 1446
1737429509989 0.8571428571428571 1447
1737429510308 0.927536231884058 1448
1737429510626 0.9206349206349206 1449
1737429510944 0.9310344827586207 1450
1737429511263 0.9393939393939394 1451
1737429511581 0.9583333333333334 1452
1737429511899 0.9230769230769231 1453
1737429512217 0.96875 1454
1737429512536 0.875 1455
1737429512852 0.8571428571428571 1456
1737429513169 0.9473684210526315 1457
1737429513488 0.8846153846153846 1458
1737429513806 0.8928571428571429 1459
1737429514123 0.8955223880597015 1460
1737429514441 0.9230769230769231 1461
1737429514757 0.84 1462
1737429515074 0.9230769230769231 1463
1737429515392 0.9180327868852459 1464
1737429515710 0.8955223880597015 1465
1737429516027 0.9285714285714286 1466
1737429516346 0.88 1467
1737429516664 0.8837209302325582 1468
1737429516981 0.8571428571428571 1469
1737429517299 0.9411764705882353 1470
1737429517615 0.90625 1471
1737429517933 0.896551724137931 1472
1737429518251 0.8985507246376812 1473
1737429518569 0.9142857142857143 1474
1737429518888 0.9117647058823529 1475
1737429519207 0.9428571428571428 1476
1737429519523 0.9310344827586207 1477
1737429519843 0.8611111111111112 1478
1737429520164 0.896551724137931 1479
1737429520482 0.847457627118644 1480
1737429520799 0.9629629629629629 1481
1737429521117 0.9295774647887324 1482
1737429521435 0.9491525423728814 1483
1737429521754 0.8524590163934426 1484
1737429522071 0.896551724137931 1485
1737429522391 0.8787878787878788 1486
1737429522706 0.9230769230769231 1487
1737429523025 0.96875 1488
1737429523343 0.9166666666666666 1489
1737429523660 0.8857142857142857 1490
1737429523977 0.8947368421052632 1491
1737429524295 0.7868852459016393 1492
1737429524612 0.8059701492537313 1493
1737429524929 0.9444444444444444 1494
1737429525248 0.9375 1495
1737429525566 0.875 1496
1737429525885 0.967741935483871 1497
1737429526204 0.8923076923076924 1498
1737429526522 0.9411764705882353 1499
1737429526840 0.9206349206349206 1500
1737429527157 0.8771929824561403 1501
1737429527478 0.8846153846153846 1502
1737429527795 0.9411764705882353 1503
1737429528113 0.90625 1504
1737429528432 0.9565217391304348 1505
1737429528752 0.8695652173913043 1506
1737429529069 0.8846153846153846 1507
1737429529388 0.8771929824561403 1508
1737429529706 0.8285714285714286 1509
1737429530024 0.90625 1510
1737429530342 0.9 1511
1737429530659 0.8157894736842105 1512
1737429530978 0.8679245283018868 1513
1737429531299 0.8787878787878788 1514
1737429531618 0.9310344827586207 1515
1737429531939 0.918918918918919 1516
1737429532256 0.8732394366197183 1517
1737429532573 0.9152542372881356 1518
1737429532891 0.8421052631578947 1519
1737429533210 0.8235294117647058 1520
1737429533528 0.9253731343283582 1521
1737429533845 0.9508196721311475 1522
1737429534162 0.8679245283018868 1523
1737429534482 0.8148148148148148 1524
1737429534798 0.8333333333333334 1525
1737429535116 0.90625 1526
1737429535434 0.9206349206349206 1527
1737429535752 0.8 1528
1737429536070 0.9206349206349206 1529
1737429536387 0.8571428571428571 1530
1737429536705 1.0 1531
1737429537024 0.8 1532
1737429537343 0.8620689655172413 1533
1737429537661 0.9117647058823529 1534
1737429537980 0.8846153846153846 1535
1737429538299 0.9367088607594937 1536
1737429538617 0.9090909090909091 1537
1737429538936 0.9090909090909091 1538
1737429539253 0.8615384615384616 1539
1737429539571 0.8985507246376812 1540
1737429539891 0.8461538461538461 1541
1737429540209 0.8974358974358975 1542
1737429540527 0.9019607843137255 1543
1737429540845 0.8813559322033898 1544
1737429541162 0.9210526315789473 1545
1737429541482 0.9428571428571428 1546
1737429541800 0.8571428571428571 1547
1737429542118 0.8235294117647058 1548
1737429542438 0.8301886792452831 1549
1737429542756 0.9333333333333333 1550
1737429543074 0.9538461538461539 1551
1737429543392 0.8615384615384616 1552
1737429543712 0.8787878787878788 1553
1737429544031 0.8679245283018868 1554
1737429544348 0.958904109589041 1555
1737429544667 0.967741935483871 1556
1737429544989 0.9354838709677419 1557
1737429545307 0.9090909090909091 1558
1737429545624 0.9047619047619048 1559
1737429545942 0.8787878787878788 1560
1737429546259 0.9230769230769231 1561
1737429546578 0.927536231884058 1562
1737429546897 0.9122807017543859 1563
1737429547217 0.8888888888888888 1564
1737429547536 0.8852459016393442 1565
1737429547854 0.8732394366197183 1566
1737429548175 0.8813559322033898 1567
1737429548493 0.9230769230769231 1568
1737429548810 0.9117647058823529 1569
1737429549127 0.9253731343283582 1570
1737429549444 0.8307692307692308 1571
1737429549762 0.96 1572
1737429550083 0.927536231884058 1573
1737429550398 0.8484848484848485 1574
1737429550717 0.9122807017543859 1575
1737429551035 0.9066666666666666 1576
1737429551350 0.8518518518518519 1577
1737429551670 0.9041095890410958 1578
1737429551986 0.9142857142857143 1579
1737429552308 0.9367088607594937 1580
1737429552625 0.8888888888888888 1581
1737429552941 0.918918918918919 1582
1737429553259 0.9113924050632911 1583
1737429553578 0.8955223880597015 1584
1737429553895 0.9863013698630136 1585
1737429554214 0.8666666666666667 1586
1737429554532 0.8888888888888888 1587
1737429554849 0.9180327868852459 1588
1737429555170 0.8771929824561403 1589
1737429555488 0.9655172413793104 1590
1737429555804 0.9090909090909091 1591
1737429556121 0.8615384615384616 1592
1737429556442 0.9117647058823529 1593
1737429556762 0.9032258064516129 1594
1737429557080 0.9130434782608695 1595
1737429557396 0.8732394366197183 1596
1737429557716 0.8852459016393442 1597
1737429558035 0.9019607843137255 1598
1737429558354 0.9090909090909091 1599
1737429558670 0.9090909090909091 1600
1737429558989 0.8928571428571429 1601
1737429559314 0.8727272727272727 1602
1737429559632 0.9206349206349206 1603
1737429559957 0.8955223880597015 1604
1737429560275 0.9032258064516129 1605
1737429560593 0.918918918918919 1606
1737429560912 0.8666666666666667 1607
1737429561230 0.9375 1608
1737429561546 0.9152542372881356 1609
1737429561864 0.8484848484848485 1610
1737429562183 0.9642857142857143 1611
1737429562501 0.8813559322033898 1612
1737429562820 0.8235294117647058 1613
1737429563136 0.8727272727272727 1614
1737429563455 0.90625 1615
1737429563773 0.9090909090909091 1616
1737429564092 0.8888888888888888 1617
1737429564412 0.9367088607594937 1618
1737429564731 0.88 1619
1737429565049 0.967741935483871 1620
1737429565369 0.935064935064935 1621
1737429565686 0.875 1622
1737429566004 0.8732394366197183 1623
1737429566323 0.9152542372881356 1624
1737429566642 0.9333333333333333 1625
1737429566962 0.8947368421052632 1626
1737429567279 0.8771929824561403 1627
1737429567598 0.9122807017543859 1628
1737429567918 0.9253731343283582 1629
1737429568236 0.8533333333333334 1630
1737429568553 0.9230769230769231 1631
1737429568873 0.8888888888888888 1632
1737429569193 0.8947368421052632 1633
1737429569513 0.9152542372881356 1634
1737429569828 0.9210526315789473 1635
1737429570147 0.8979591836734694 1636
1737429570465 0.9090909090909091 1637
1737429570787 0.9152542372881356 1638
1737429571107 0.9230769230769231 1639
1737429571425 0.8524590163934426 1640
1737429571745 0.8888888888888888 1641
1737429572066 0.8301886792452831 1642
1737429572385 0.9565217391304348 1643
1737429572701 0.8709677419354839 1644
1737429573019 0.9142857142857143 1645
1737429573339 0.8253968253968254 1646
1737429573658 0.9142857142857143 1647
1737429573978 0.9259259259259259 1648
1737429574293 0.9090909090909091 1649
1737429574610 0.9491525423728814 1650
1737429574928 0.8709677419354839 1651
1737429575246 0.9152542372881356 1652
1737429575564 0.9454545454545454 1653
1737429575883 0.8831168831168831 1654
1737429576200 0.8974358974358975 1655
1737429576521 0.8888888888888888 1656
1737429576836 0.975609756097561 1657
1737429577154 0.9259259259259259 1658
1737429577472 0.927536231884058 1659
1737429577794 0.9545454545454546 1660
1737429578114 0.8524590163934426 1661
1737429578433 0.9295774647887324 1662
1737429578753 0.8666666666666667 1663
1737429579070 0.9090909090909091 1664
1737429579388 0.9565217391304348 1665
1737429579703 0.8695652173913043 1666
1737429580022 0.9142857142857143 1667
1737429580340 0.9032258064516129 1668
1737429580661 0.8846153846153846 1669
1737429580981 0.9473684210526315 1670
1737429581299 0.9206349206349206 1671
1737429581618 0.9259259259259259 1672
1737429581935 0.819672131147541 1673
1737429582254 0.8620689655172413 1674
1737429582573 0.9333333333333333 1675
1737429582891 0.9142857142857143 1676
1737429583208 0.927536231884058 1677
1737429583527 0.88 1678
1737429583845 0.8852459016393442 1679
1737429584162 0.9333333333333333 1680
1737429584482 0.9014084507042254 1681
1737429584798 0.9019607843137255 1682
1737429585116 0.9411764705882353 1683
1737429585434 0.9538461538461539 1684
1737429585752 0.918918918918919 1685
1737429586069 0.8888888888888888 1686
1737429586387 0.925 1687
1737429586706 0.9411764705882353 1688
1737429587023 0.9285714285714286 1689
1737429587342 0.9130434782608695 1690
1737429587660 0.9310344827586207 1691
1737429587977 0.8648648648648649 1692
1737429588295 0.8974358974358975 1693
1737429588614 0.9176470588235294 1694
1737429588933 0.9428571428571428 1695
1737429589252 0.8518518518518519 1696
1737429589569 0.8709677419354839 1697
1737429589888 0.9666666666666667 1698
1737429590207 0.9824561403508771 1699
1737429590527 0.9056603773584906 1700
1737429590844 0.9206349206349206 1701
1737429591163 0.9 1702
1737429591484 0.8214285714285714 1703
1737429591808 0.9090909090909091 1704
1737429592125 0.8985507246376812 1705
1737429592444 0.8923076923076924 1706
1737429592763 0.9180327868852459 1707
1737429593082 0.8928571428571429 1708
1737429593400 0.7936507936507936 1709
1737429593718 0.896551724137931 1710
1737429594037 0.9666666666666667 1711
1737429594356 0.9032258064516129 1712
1737429594674 0.8985507246376812 1713
1737429594995 0.9024390243902439 1714
1737429595311 0.9411764705882353 1715
1737429595630 0.9117647058823529 1716
1737429595948 0.9565217391304348 1717
1737429596267 0.9310344827586207 1718
1737429596582 0.8611111111111112 1719
1737429596904 0.8928571428571429 1720
1737429597224 0.9411764705882353 1721
1737429597541 0.8813559322033898 1722
1737429597857 0.9090909090909091 1723
1737429598063 0.9714285714285714 1724
1737429614263 0.8571428571428571 1725
1737429614580 0.90625 1726
1737429614897 0.8823529411764706 1727
1737429615212 0.8387096774193549 1728
1737429615529 0.8363636363636363 1729
1737429615850 0.9056603773584906 1730
1737429616167 0.9538461538461539 1731
1737429616484 0.9508196721311475 1732
1737429616801 0.8571428571428571 1733
1737429617118 0.8695652173913043 1734
1737429617435 0.9310344827586207 1735
1737429617753 0.9705882352941176 1736
1737429618072 0.7906976744186046 1737
1737429618389 0.9122807017543859 1738
1737429618705 0.9333333333333333 1739
1737429619024 0.918918918918919 1740
1737429619342 0.9473684210526315 1741
1737429619657 0.8936170212765957 1742
1737429619974 0.9454545454545454 1743
1737429620292 0.8787878787878788 1744
1737429620614 0.9459459459459459 1745
1737429620931 0.9090909090909091 1746
1737429621249 0.8571428571428571 1747
1737429621564 0.88 1748
1737429621880 0.9152542372881356 1749
1737429622198 0.8888888888888888 1750
1737429622517 0.9206349206349206 1751
1737429622836 0.8421052631578947 1752
1737429623153 0.9565217391304348 1753
1737429623471 0.9565217391304348 1754
1737429623788 0.8253968253968254 1755
1737429624106 0.9230769230769231 1756
1737429624424 0.8461538461538461 1757
1737429624743 0.9032258064516129 1758
1737429625060 0.8888888888888888 1759
1737429625376 0.90625 1760
1737429625694 0.9180327868852459 1761
1737429626013 0.9152542372881356 1762
1737429626331 0.9333333333333333 1763
1737429626649 0.9090909090909091 1764
1737429626969 0.8955223880597015 1765
1737429627287 0.9130434782608695 1766
1737429627608 0.8253968253968254 1767
1737429627926 0.8076923076923077 1768
1737429628244 0.9090909090909091 1769
1737429628563 0.8823529411764706 1770
1737429628879 0.8831168831168831 1771
1737429629197 0.9 1772
1737429629516 0.9206349206349206 1773
1737429629834 0.8985507246376812 1774
1737429630153 0.8947368421052632 1775
1737429630470 0.8955223880597015 1776
1737429630788 0.927536231884058 1777
1737429631107 0.9152542372881356 1778
1737429631428 0.8888888888888888 1779
1737429631749 0.8923076923076924 1780
1737429632067 0.8831168831168831 1781
1737429632385 0.9615384615384616 1782
1737429632703 0.9090909090909091 1783
1737429633020 0.847457627118644 1784
1737429633339 0.8620689655172413 1785
1737429633656 0.9629629629629629 1786
1737429633976 0.9230769230769231 1787
1737429634294 0.9032258064516129 1788
1737429634611 0.8985507246376812 1789
1737429634929 0.9259259259259259 1790
1737429635247 0.8928571428571429 1791
1737429635565 0.9473684210526315 1792
1737429635885 0.9473684210526315 1793
1737429636203 0.9019607843137255 1794
1737429636519 0.9310344827586207 1795
1737429636837 0.8421052631578947 1796
1737429637155 0.8918918918918919 1797
1737429637473 0.9206349206349206 1798
1737429637790 0.9152542372881356 1799
1737429638110 1.0 1800
1737429638427 0.9538461538461539 1801
1737429638747 0.9032258064516129 1802
1737429639065 0.9552238805970149 1803
1737429639383 0.918918918918919 1804
1737429639701 0.8709677419354839 1805
1737429640020 0.9354838709677419 1806
1737429640339 0.9180327868852459 1807
1737429640656 0.8571428571428571 1808
1737429640974 0.8928571428571429 1809
1737429641291 0.9696969696969697 1810
1737429641611 0.8928571428571429 1811
1737429641927 0.8771929824561403 1812
1737429642248 0.896551724137931 1813
1737429642566 0.8846153846153846 1814
1737429642884 0.9019607843137255 1815
1737429643205 0.9180327868852459 1816
1737429643524 0.8823529411764706 1817
1737429643852 0.8620689655172413 1818
1737429644168 0.875 1819
1737429644486 0.9130434782608695 1820
1737429644805 0.9142857142857143 1821
1737429645124 0.9393939393939394 1822
1737429645442 0.9152542372881356 1823
1737429645760 0.927536231884058 1824
1737429646077 0.9230769230769231 1825
1737429646395 0.9 1826
1737429646712 0.9361702127659575 1827
1737429647030 0.8888888888888888 1828
1737429647349 0.9259259259259259 1829
1737429647663 0.9491525423728814 1830
1737429647990 0.9565217391304348 1831
1737429648307 0.9382716049382716 1832
1737429648626 0.8571428571428571 1833
1737429648941 1.0 1834
1737429649261 0.8571428571428571 1835
1737429649578 0.9142857142857143 1836
1737429649896 0.90625 1837
1737429650217 0.9655172413793104 1838
1737429650534 0.9142857142857143 1839
1737429650851 0.8363636363636363 1840
1737429651168 0.9830508474576272 1841
1737429651488 0.9736842105263158 1842
1737429651810 0.9411764705882353 1843
1737429652133 0.9444444444444444 1844
1737429652450 0.9855072463768116 1845
1737429652767 0.9206349206349206 1846
1737429653087 0.8846153846153846 1847
1737429653404 0.9411764705882353 1848
1737429653722 0.8709677419354839 1849
1737429654042 0.9666666666666667 1850
1737429654361 0.96 1851
1737429654679 0.9523809523809523 1852
1737429654998 0.8571428571428571 1853
1737429655317 0.9230769230769231 1854
1737429655636 0.8846153846153846 1855
1737429655957 0.9811320754716981 1856
1737429656273 0.9310344827586207 1857
1737429656590 0.9577464788732394 1858
1737429656907 0.8947368421052632 1859
1737429657225 0.9142857142857143 1860
1737429657544 0.9787234042553191 1861
1737429657863 0.9473684210526315 1862
1737429658184 0.8771929824561403 1863
1737429658500 0.9180327868852459 1864
1737429658819 0.8979591836734694 1865
1737429659138 0.9230769230769231 1866
1737429659458 0.927536231884058 1867
1737429659774 0.9259259259259259 1868
1737429660092 0.9090909090909091 1869
1737429660408 0.9 1870
1737429660726 0.9230769230769231 1871
1737429661045 0.9361702127659575 1872
1737429661364 0.9577464788732394 1873
1737429661682 0.9382716049382716 1874
1737429662000 0.9122807017543859 1875
1737429662318 0.9375 1876
1737429662636 0.9491525423728814 1877
1737429662954 0.9333333333333333 1878
1737429663272 0.9473684210526315 1879
1737429663590 1.0 1880
1737429663910 0.9285714285714286 1881
1737429664228 0.9428571428571428 1882
1737429664545 0.9666666666666667 1883
1737429664864 0.9180327868852459 1884
1737429665184 0.9538461538461539 1885
1737429665501 0.9743589743589743 1886
1737429665819 0.9824561403508771 1887
1737429666137 0.9142857142857143 1888
1737429666454 0.8695652173913043 1889
1737429666771 0.9375 1890
1737429667089 0.9117647058823529 1891
1737429667406 0.9041095890410958 1892
1737429667726 0.9230769230769231 1893
1737429668045 0.9393939393939394 1894
1737429668366 0.926829268292683 1895
1737429668683 0.9538461538461539 1896
1737429669003 0.961038961038961 1897
1737429669320 0.9666666666666667 1898
1737429669636 0.8648648648648649 1899
1737429669956 0.9538461538461539 1900
1737429670274 0.9696969696969697 1901
1737429670591 0.8918918918918919 1902
1737429670910 0.9473684210526315 1903
1737429671230 0.9090909090909091 1904
1737429671548 0.9787234042553191 1905
1737429671868 0.9122807017543859 1906
1737429672185 0.967741935483871 1907
1737429672504 0.9206349206349206 1908
1737429672822 0.9387755102040817 1909
1737429673137 0.9285714285714286 1910
1737429673455 0.9538461538461539 1911
1737429673776 0.9523809523809523 1912
1737429674094 0.9354838709677419 1913
1737429674411 0.9206349206349206 1914
1737429674729 0.9375 1915
1737429675050 0.9565217391304348 1916
1737429675368 0.9491525423728814 1917
1737429675685 0.9019607843137255 1918
1737429676004 0.9523809523809523 1919
1737429676322 0.9523809523809523 1920
1737429676642 0.9523809523809523 1921
1737429676959 0.9310344827586207 1922
1737429677278 0.935064935064935 1923
1737429677595 0.9491525423728814 1924
1737429677914 0.9705882352941176 1925
1737429678233 0.9122807017543859 1926
1737429678551 0.9259259259259259 1927
1737429678868 0.9841269841269841 1928
1737429679185 0.9655172413793104 1929
1737429679503 0.9642857142857143 1930
1737429679821 0.8928571428571429 1931
1737429680137 0.9696969696969697 1932
1737429680458 0.8923076923076924 1933
1737429680775 0.9538461538461539 1934
1737429681094 0.9166666666666666 1935
1737429681412 0.9230769230769231 1936
1737429681730 0.896551724137931 1937
1737429682049 0.935064935064935 1938
1737429682368 0.9454545454545454 1939
1737429682688 0.9642857142857143 1940
1737429683006 0.925 1941
1737429683322 0.9705882352941176 1942
1737429683641 0.9491525423728814 1943
1737429683959 0.9615384615384616 1944
1737429684276 0.9090909090909091 1945
1737429684594 0.90625 1946
1737429684913 0.9090909090909091 1947
1737429685232 0.9454545454545454 1948
1737429685549 0.9866666666666667 1949
1737429685868 0.9433962264150944 1950
1737429686188 0.9795918367346939 1951
1737429686505 0.9 1952
1737429686821 0.9411764705882353 1953
1737429687138 0.9523809523809523 1954
1737429687459 0.8857142857142857 1955
1737429687779 0.8524590163934426 1956
1737429688097 0.96 1957
1737429688416 0.9642857142857143 1958
1737429688735 0.9166666666666666 1959
1737429689055 0.9696969696969697 1960
1737429689373 0.9534883720930233 1961
1737429689695 0.9577464788732394 1962
1737429690016 0.9056603773584906 1963
1737429690335 0.8955223880597015 1964
1737429690654 0.8928571428571429 1965
1737429690972 0.9354838709677419 1966
1737429691290 0.9295774647887324 1967
1737429691607 0.8928571428571429 1968
1737429691927 0.9295774647887324 1969
1737429692243 0.8813559322033898 1970
1737429692560 0.8813559322033898 1971
1737429692879 0.9295774647887324 1972
1737429693198 0.9315068493150684 1973
1737429693517 0.8666666666666667 1974
1737429693837 0.8979591836734694 1975
1737429694156 0.9803921568627451 1976
1737429694473 0.9019607843137255 1977
1737429694793 0.8571428571428571 1978
1737429695109 0.9354838709677419 1979
1737429695429 0.9166666666666666 1980
1737429695747 0.9 1981
1737429696064 0.918918918918919 1982
1737429696385 1.0 1983
1737429696703 0.9285714285714286 1984
1737429697022 0.9491525423728814 1985
1737429697339 0.9411764705882353 1986
1737429697658 0.9523809523809523 1987
1737429697975 0.9666666666666667 1988
1737429698293 0.96875 1989
1737429698609 0.9811320754716981 1990
1737429698929 0.9 1991
1737429699247 0.9310344827586207 1992
1737429699565 0.9019607843137255 1993
1737429699885 0.9629629629629629 1994
1737429700203 0.9454545454545454 1995
1737429700522 0.9565217391304348 1996
1737429700841 0.8771929824561403 1997
1737429701160 0.9830508474576272 1998
1737429701477 0.8679245283018868 1999
1737429701796 0.9180327868852459 2000
1737429702114 0.9473684210526315 2001
1737429702432 0.958904109589041 2002
1737429702752 0.9824561403508771 2003
1737429703073 0.9333333333333333 2004
1737429703389 0.9863013698630136 2005
1737429703708 0.96 2006
1737429704027 0.9696969696969697 2007
1737429704342 0.9655172413793104 2008
1737429704660 0.9259259259259259 2009
1737429704980 0.9253731343283582 2010
1737429705300 0.9722222222222222 2011
1737429705620 0.9393939393939394 2012
1737429705939 0.961038961038961 2013
1737429706258 0.9428571428571428 2014
1737429706577 0.9666666666666667 2015
1737429706898 0.9714285714285714 2016
1737429707216 0.967741935483871 2017
1737429707534 0.9538461538461539 2018
1737429707853 0.9850746268656716 2019
1737429708170 0.9642857142857143 2020
1737429708490 0.9473684210526315 2021
1737429708808 0.8888888888888888 2022
1737429709126 0.9620253164556962 2023
1737429709442 0.8888888888888888 2024
1737429709761 0.8727272727272727 2025
1737429710081 0.9285714285714286 2026
1737429710398 0.9841269841269841 2027
1737429710716 0.9393939393939394 2028
1737429711035 0.9122807017543859 2029
1737429711354 0.9491525423728814 2030
1737429711679 0.9354838709677419 2031
1737429711997 0.9722222222222222 2032
1737429712317 0.9019607843137255 2033
1737429712636 0.9180327868852459 2034
