1737429032746 0.5741830468177795 1
1737429033062 0.23749999701976776 2
1737429033378 0.49583330750465393 3
1737429033692 0.23333333432674408 4
1737429034008 0.34124335646629333 5
1737429034338 0.3003374934196472 6
1737429034653 0.3993321657180786 7
1737429034968 0.46779683232307434 8
1737429035290 0.4440789520740509 9
1737429035605 0.4130125045776367 10
1737429035921 0.46608948707580566 11
1737429036238 0.5624338984489441 12
1737429036554 0.5329218506813049 13
1737429036870 0.5286596417427063 14
1737429037185 0.5210101008415222 15
1737429037500 0.3621659576892853 16
1737429037817 0.5573503971099854 17
1737429038134 0.395409494638443 18
1737429038450 0.6769374012947083 19
1737429038773 0.541269838809967 20
1737429039088 0.6378716826438904 21
1737429039403 0.7080979347229004 22
1737429039723 0.5985155701637268 23
1737429040040 0.6610839366912842 24
1737429040449 0.5944918990135193 25
1737429040815 0.5807943940162659 26
1737429041193 0.5526315569877625 27
1737429041544 0.5775926113128662 28
1737429041893 0.6055698394775391 29
1737429042220 0.6134589910507202 30
1737429042540 0.633367121219635 31
1737429042857 0.6828389763832092 32
1737429043173 0.5638461709022522 33
1737429043488 0.6040058732032776 34
1737429043804 0.6632996201515198 35
1737429044120 0.715756893157959 36
1737429044435 0.635002076625824 37
1737429044749 0.6939616203308105 38
1737429045067 0.708585798740387 39
1737429045382 0.6677606105804443 40
1737429045698 0.7461538314819336 41
1737429046019 0.6687902808189392 42
1737429046339 0.6062118411064148 43
1737429046653 0.6945601105690002 44
1737429046967 0.8036341071128845 45
1737429047281 0.6420932412147522 46
1737429047600 0.7116899490356445 47
1737429047919 0.7926713824272156 48
1737429048234 0.7165162563323975 49
1737429048550 0.6999373435974121 50
1737429048866 0.8117799758911133 51
1737429049184 0.7645986676216125 52
1737429049500 0.7366028428077698 53
1737429049817 0.7632247805595398 54
1737429050132 0.7284284234046936 55
1737429050448 0.7323232293128967 56
1737429050762 0.6689849495887756 57
1737429051079 0.7908213138580322 58
1737429051394 0.6618001461029053 59
1737429051716 0.7140267491340637 60
1737429052032 0.7681495547294617 61
1737429052349 0.6835098266601562 62
1737429052666 0.7634453177452087 63
1737429052982 0.8212962746620178 64
1737429053298 0.7277777791023254 65
1737429053616 0.7208619117736816 66
1737429053931 0.8095238208770752 67
1737429054245 0.7314354777336121 68
1737429054563 0.8189542293548584 69
1737429054877 0.8152777552604675 70
1737429055192 0.7621486186981201 71
1737429055506 0.7123076915740967 72
1737429055824 0.7803030014038086 73
1737429056139 0.7581949830055237 74
1737429056458 0.7357881665229797 75
1737429056774 0.8075130581855774 76
1737429057093 0.7784876227378845 77
1737429057408 0.7191358208656311 78
1737429057726 0.8090226054191589 79
1737429058063 0.7670885920524597 80
1737429058387 0.7504777908325195 81
1737429058702 0.7365079522132874 82
1737429059021 0.7068974375724792 83
1737429059340 0.6176190376281738 84
1737429059655 0.7695221304893494 85
1737429059971 0.7763363718986511 86
1737429060288 0.8366572260856628 87
1737429060606 0.7665205001831055 88
1737429060925 0.7589065432548523 89
1737429061242 0.802905797958374 90
1737429061560 0.747778594493866 91
1737429061876 0.7832092642784119 92
1737429062194 0.6879084706306458 93
1737429062511 0.7535460591316223 94
1737429062830 0.7461122870445251 95
1737429063148 0.7678571343421936 96
1737429063464 0.7675039172172546 97
1737429063780 0.7923280596733093 98
1737429064098 0.730135440826416 99
1737429064415 0.767734944820404 100
1737429064731 0.8154761791229248 101
1737429065049 0.8061904907226562 102
1737429065364 0.8468254208564758 103
1737429065683 0.6836199760437012 104
1737429065999 0.7679738998413086 105
1737429066316 0.8391203880310059 106
1737429066632 0.8119658827781677 107
1737429066949 0.7588677406311035 108
1737429067266 0.7696192264556885 109
1737429067587 0.6822822690010071 110
1737429067905 0.8026418089866638 111
1737429068222 0.6974790096282959 112
1737429068538 0.8003220558166504 113
1737429068855 0.8373563289642334 114
1737429069171 0.813845694065094 115
1737429069487 0.7986111044883728 116
1737429069804 0.8471035361289978 117
1737429070121 0.7429763674736023 118
1737429070439 0.7460317611694336 119
1737429070757 0.78725665807724 120
1737429071075 0.7122507095336914 121
1737429071392 0.8252785205841064 122
1737429071711 0.7369346022605896 123
1737429072027 0.7165384292602539 124
1737429072345 0.7871732115745544 125
1737429072660 0.8103823661804199 126
1737429072976 0.7702822089195251 127
1737429073293 0.7965847849845886 128
1737429073611 0.7607504725456238 129
1737429073929 0.7890260219573975 130
1737429074246 0.8072310090065002 131
1737429074560 0.8148148059844971 132
1737429074879 0.77341628074646 133
1737429075197 0.7760672569274902 134
1737429075516 0.7867007255554199 135
1737429075832 0.7882049083709717 136
1737429076149 0.8320024609565735 137
1737429076465 0.8044838309288025 138
1737429076783 0.8000574111938477 139
1737429077100 0.8116809725761414 140
1737429077415 0.7474968433380127 141
1737429077733 0.7910552024841309 142
1737429078051 0.748194694519043 143
1737429078366 0.793055534362793 144
1737429078683 0.7555780410766602 145
1737429079000 0.8371307253837585 146
1737429079316 0.7814593315124512 147
1737429079635 0.7665273547172546 148
1737429079954 0.789344310760498 149
1737429080270 0.7577900290489197 150
1737429080588 0.8083982467651367 151
1737429080906 0.7549982070922852 152
1737429081223 0.748833179473877 153
1737429081541 0.8123849034309387 154
1737429081858 0.8460648059844971 155
1737429082175 0.7693257331848145 156
1737429082493 0.7933091521263123 157
1737429082810 0.7549440264701843 158
1737429083126 0.8144071698188782 159
1737429083447 0.7306877970695496 160
1737429083764 0.7576380372047424 161
1737429084081 0.8203463554382324 162
1737429084398 0.8189614415168762 163
1737429084716 0.8489880561828613 164
1737429085032 0.6856815218925476 165
1737429085350 0.8143543601036072 166
1737429085666 0.8230524659156799 167
1737429085980 0.7498898506164551 168
1737429086298 0.7716090083122253 169
1737429086616 0.8102197647094727 170
1737429086932 0.7753869891166687 171
1737429087248 0.8649539351463318 172
1737429087566 0.7611989378929138 173
1737429087883 0.7823891043663025 174
1737429088200 0.7058081030845642 175
1737429088517 0.7487516403198242 176
1737429088835 0.822333812713623 177
1737429089156 0.735980212688446 178
1737429089474 0.7836580276489258 179
1737429089791 0.8262339234352112 180
1737429090108 0.8395276665687561 181
1737429090426 0.7902410626411438 182
1737429090742 0.7756614089012146 183
1737429091059 0.7650462985038757 184
1737429091375 0.8353875279426575 185
1737429091692 0.8249738812446594 186
1737429092010 0.7634708285331726 187
1737429092328 0.7146720886230469 188
1737429092646 0.7962834239006042 189
1737429092964 0.8088123202323914 190
1737429093282 0.8220329880714417 191
1737429093599 0.810582160949707 192
1737429093916 0.7108497023582458 193
1737429094234 0.7897372245788574 194
1737429094550 0.7939067482948303 195
1737429094868 0.7835453152656555 196
1737429095185 0.735938310623169 197
1737429095502 0.742879331111908 198
1737429095820 0.7430204749107361 199
1737429096141 0.7903311848640442 200
1737429096460 0.7247474789619446 201
1737429096776 0.6679365038871765 202
1737429097092 0.7807407379150391 203
1737429097410 0.7555555701255798 204
1737429097729 0.8102157115936279 205
1737429098045 0.7799758315086365 206
1737429098360 0.7623394131660461 207
1737429098678 0.8015551567077637 208
1737429098996 0.8291666507720947 209
1737429099313 0.8659234642982483 210
1737429099628 0.7573774456977844 211
1737429099944 0.7121288180351257 212
1737429100265 0.7814434170722961 213
1737429100584 0.8337027430534363 214
1737429100901 0.8190235495567322 215
1737429101218 0.8493221402168274 216
1737429101535 0.7568294405937195 217
1737429101851 0.8350574970245361 218
1737429102168 0.791547954082489 219
1737429102485 0.7876984477043152 220
1737429102803 0.8773689270019531 221
1737429103121 0.7687122821807861 222
1737429103440 0.8172534108161926 223
1737429103756 0.8348596096038818 224
1737429104073 0.8583333492279053 225
1737429104390 0.8337027430534363 226
1737429104707 0.8508529663085938 227
1737429105025 0.816964328289032 228
1737429105342 0.7764469981193542 229
1737429105660 0.7562365531921387 230
1737429105977 0.7445812821388245 231
1737429106295 0.7843320965766907 232
1737429106611 0.7811073660850525 233
1737429106927 0.8178804516792297 234
1737429107246 0.7475550770759583 235
1737429107566 0.8584656119346619 236
1737429107884 0.8495370745658875 237
1737429108202 0.8235806822776794 238
1737429108519 0.7614607810974121 239
1737429108837 0.7824322581291199 240
1737429109153 0.7853896021842957 241
1737429109469 0.8648520112037659 242
1737429109790 0.8799489140510559 243
1737429110107 0.7944443821907043 244
1737429110425 0.8335859179496765 245
1737429110740 0.7722188830375671 246
1737429111059 0.773833692073822 247
1737429111380 0.8167982697486877 248
1737429111703 0.7835775017738342 249
1737429112022 0.7573099136352539 250
1737429112339 0.8059536814689636 251
1737429112656 0.767200767993927 252
1737429112972 0.7919103503227234 253
1737429113292 0.7738094925880432 254
1737429113609 0.8200014233589172 255
1737429113928 0.7520220875740051 256
1737429114247 0.7715618014335632 257
1737429114564 0.7804166674613953 258
1737429114883 0.8179571032524109 259
1737429115200 0.7738916277885437 260
1737429115520 0.8636654019355774 261
1737429115838 0.7768628597259521 262
1737429116155 0.827046811580658 263
1737429116474 0.8556504845619202 264
1737429116791 0.8940913081169128 265
1737429117108 0.8334352374076843 266
1737429117426 0.7920634746551514 267
1737429117744 0.8023055195808411 268
1737429118061 0.810023307800293 269
1737429118378 0.8646194338798523 270
1737429118696 0.8236236572265625 271
1737429119013 0.8142014145851135 272
1737429119332 0.7316367626190186 273
1737429119650 0.7887056469917297 274
1737429119969 0.8059163093566895 275
1737429120288 0.7512974739074707 276
1737429120605 0.812899112701416 277
1737429120923 0.8464395999908447 278
1737429121242 0.8541666865348816 279
1737429121559 0.7475521564483643 280
1737429121876 0.8528845906257629 281
1737429122193 0.8475378155708313 282
1737429122510 0.8792035579681396 283
1737429122828 0.789458692073822 284
1737429123145 0.7528735995292664 285
1737429123462 0.834956705570221 286
1737429123780 0.9108796119689941 287
1737429124098 0.7819473147392273 288
1737429124418 0.8127025961875916 289
1737429124733 0.8215048909187317 290
1737429125050 0.8108615875244141 291
1737429125367 0.7571637034416199 292
1737429125686 0.8696178793907166 293
1737429126003 0.8522594571113586 294
1737429126320 0.8080349564552307 295
1737429126636 0.8542229533195496 296
1737429126955 0.8168652653694153 297
1737429127274 0.7992196083068848 298
1737429127593 0.8088744282722473 299
1737429127909 0.7700176239013672 300
1737429128227 0.7574473023414612 301
1737429128545 0.7660596966743469 302
1737429128865 0.8488505482673645 303
1737429129192 0.9000632762908936 304
1737429129524 0.7691598534584045 305
1737429129846 0.7651888728141785 306
1737429130167 0.8085706830024719 307
1737429130487 0.8757791519165039 308
1737429130803 0.795726478099823 309
1737429131121 0.7406831383705139 310
1737429131439 0.8505678772926331 311
1737429131755 0.8178570866584778 312
1737429132074 0.8635175228118896 313
1737429132394 0.8477954268455505 314
1737429132713 0.8441557884216309 315
1737429133027 0.804962158203125 316
1737429133344 0.8634259104728699 317
1737429133664 0.7834184765815735 318
1737429133982 0.825123131275177 319
1737429134300 0.8041572570800781 320
1737429134616 0.7832784652709961 321
1737429134936 0.8427518010139465 322
1737429135255 0.816964328289032 323
1737429135573 0.8281435370445251 324
1737429135891 0.8286922574043274 325
1737429136207 0.8896358609199524 326
1737429136526 0.7497625946998596 327
1737429136844 0.8302134871482849 328
1737429137163 0.8050233721733093 329
1737429137481 0.7774131298065186 330
1737429137797 0.7614760994911194 331
1737429138113 0.8551577925682068 332
1737429138434 0.7913436889648438 333
1737429138752 0.749518871307373 334
1737429139068 0.7986896634101868 335
1737429139386 0.7567526698112488 336
1737429139704 0.8201659321784973 337
1737429140025 0.799732506275177 338
1737429140346 0.8296949863433838 339
1737429140666 0.7710187435150146 340
1737429140984 0.82234787940979 341
1737429141301 0.8366572260856628 342
1737429141623 0.8258928656578064 343
1737429141941 0.8195701241493225 344
1737429142258 0.813098132610321 345
1737429142581 0.8473353981971741 346
1737429142898 0.8206985592842102 347
1737429143215 0.8391472697257996 348
1737429143532 0.7951388359069824 349
1737429143852 0.8532020449638367 350
1737429144175 0.8221139907836914 351
1737429144495 0.7356712222099304 352
1737429144813 0.8569462299346924 353
1737429145131 0.810023307800293 354
1737429145448 0.6428170800209045 355
1737429145763 0.758977472782135 356
1737429146079 0.7703703045845032 357
1737429146396 0.8696815967559814 358
1737429146713 0.8633072972297668 359
1737429147031 0.8491039276123047 360
1737429147348 0.8765873312950134 361
1737429147667 0.8510783314704895 362
1737429147985 0.8566871285438538 363
1737429148301 0.7749143242835999 364
1737429148618 0.7974547743797302 365
1737429148936 0.7883663773536682 366
1737429149254 0.8200343251228333 367
1737429149572 0.8171562552452087 368
1737429149889 0.80086749792099 369
1737429150206 0.7381238341331482 370
1737429150524 0.7920448780059814 371
1737429150842 0.823810875415802 372
1737429151160 0.7353262305259705 373
1737429151479 0.7617242932319641 374
1737429151795 0.8444187641143799 375
1737429152115 0.8467261791229248 376
1737429152433 0.7775047421455383 377
1737429152752 0.7657375335693359 378
1737429153072 0.8142953515052795 379
1737429153392 0.7158748507499695 380
1737429153709 0.8419098854064941 381
1737429154025 0.8728857040405273 382
1737429154344 0.8442544937133789 383
1737429154660 0.8472221493721008 384
1737429154979 0.8612897992134094 385
1737429155294 0.8041667342185974 386
1737429155615 0.8381533026695251 387
1737429155934 0.7229629158973694 388
1737429156253 0.787013053894043 389
1737429156570 0.8177258968353271 390
1737429156888 0.7965367436408997 391
1737429157204 0.8243021368980408 392
1737429157522 0.8466169238090515 393
1737429157840 0.785714328289032 394
1737429158157 0.8308506011962891 395
1737429158474 0.8079363703727722 396
1737429158791 0.8495370745658875 397
1737429159111 0.7803454399108887 398
1737429159427 0.8318861126899719 399
1737429159745 0.8025042414665222 400
1737429160062 0.7356563210487366 401
1737429160381 0.8854029774665833 402
1737429160699 0.8467311859130859 403
1737429161017 0.7706349492073059 404
1737429161334 0.7511396408081055 405
1737429161655 0.860471248626709 406
1737429161973 0.786992609500885 407
1737429162289 0.8193418979644775 408
1737429162606 0.9000974297523499 409
1737429162924 0.8292016983032227 410
1737429163243 0.8462281823158264 411
1737429163560 0.8054235577583313 412
1737429163877 0.8515151143074036 413
1737429164195 0.835784375667572 414
1737429164512 0.8385878205299377 415
1737429164830 0.8460209965705872 416
1737429165150 0.8400208950042725 417
1737429165469 0.8502480387687683 418
1737429165787 0.7953513264656067 419
1737429166106 0.837662398815155 420
1737429166423 0.8538011908531189 421
1737429166742 0.8158729672431946 422
1737429167059 0.8666374087333679 423
1737429167376 0.6955732703208923 424
1737429167694 0.7612903118133545 425
1737429168012 0.7855513691902161 426
1737429168330 0.8384237885475159 427
1737429168650 0.871345043182373 428
1737429168969 0.8699821829795837 429
1737429169289 0.9159544110298157 430
1737429169608 0.7894521355628967 431
1737429169927 0.84490966796875 432
1737429170245 0.8525453209877014 433
1737429170563 0.7839155197143555 434
1737429170882 0.9442041516304016 435
1737429171197 0.7907196879386902 436
1737429171518 0.8263288140296936 437
1737429171840 0.7728368639945984 438
1737429172158 0.814849853515625 439
1737429172477 0.8676705360412598 440
1737429172794 0.8366269469261169 441
1737429173113 0.6479925513267517 442
1737429173429 0.7784044146537781 443
1737429173748 0.80501788854599 444
1737429174067 0.8381779789924622 445
1737429174387 0.7703711986541748 446
1737429174706 0.8126508593559265 447
1737429175022 0.8276003003120422 448
1737429175339 0.8223304748535156 449
1737429175658 0.8174999356269836 450
1737429175975 0.8015872836112976 451
1737429176291 0.7860750555992126 452
1737429176609 0.7349582314491272 453
1737429176928 0.8433048129081726 454
1737429177246 0.8112781643867493 455
1737429177563 0.8406162261962891 456
1737429177880 0.7992792129516602 457
1737429178198 0.8718390464782715 458
1737429178515 0.8484127521514893 459
1737429178833 0.855257511138916 460
1737429179151 0.8257824778556824 461
1737429179467 0.6972222328186035 462
1737429179784 0.8159277439117432 463
1737429180103 0.8291542530059814 464
1737429180421 0.8241922855377197 465
1737429180738 0.7792792320251465 466
1737429181057 0.8809728026390076 467
1737429181376 0.754234254360199 468
1737429181692 0.8142856955528259 469
1737429182010 0.7688391804695129 470
1737429182328 0.8082621097564697 471
1737429182648 0.809502899646759 472
1737429182966 0.8812963366508484 473
1737429183283 0.7990078330039978 474
1737429183602 0.8634694218635559 475
1737429183920 0.8500130772590637 476
1737429184238 0.7911405563354492 477
1737429184554 0.7667271494865417 478
1737429184872 0.8107144236564636 479
1737429185188 0.880730390548706 480
1737429185506 0.8422648906707764 481
1737429185824 0.7974405288696289 482
1737429186143 0.7836375832557678 483
1737429186462 0.6960573196411133 484
1737429186778 0.791452944278717 485
1737429187096 0.7827485203742981 486
1737429187415 0.8186691403388977 487
1737429187734 0.8105518221855164 488
1737429188052 0.842377245426178 489
1737429188371 0.7455127835273743 490
1737429188687 0.7398257851600647 491
1737429189005 0.7937483191490173 492
1737429189322 0.8048174381256104 493
1737429189639 0.7760942578315735 494
1737429189956 0.7188200950622559 495
1737429190271 0.8078562617301941 496
1737429190587 0.8301281929016113 497
1737429190904 0.8436398506164551 498
1737429191223 0.777348518371582 499
1737429191542 0.8545875549316406 500
1737429191857 0.7322633266448975 501
1737429192175 0.8706293702125549 502
1737429192493 0.7691782116889954 503
1737429192811 0.8307359218597412 504
1737429193129 0.7619524002075195 505
1737429193446 0.7843034863471985 506
1737429193765 0.7870637774467468 507
1737429194079 0.7838624119758606 508
1737429194397 0.7851851582527161 509
1737429194715 0.8169934749603271 510
1737429195033 0.78874272108078 511
1737429195351 0.7881547808647156 512
1737429195666 0.7868330478668213 513
1737429195983 0.8234810829162598 514
1737429196299 0.8854166865348816 515
1737429196620 0.788095235824585 516
1737429196935 0.8271605372428894 517
1737429197250 0.8895490765571594 518
1737429197570 0.8369458317756653 519
1737429197886 0.7951318621635437 520
1737429198202 0.8831369280815125 521
1737429198521 0.9024147391319275 522
1737429198839 0.7401960492134094 523
1737429199156 0.7747986912727356 524
1737429199476 0.8379928469657898 525
1737429199794 0.8171296119689941 526
1737429200113 0.9132882952690125 527
1737429200429 0.7446673512458801 528
1737429200749 0.8653364181518555 529
1737429201065 0.8012612462043762 530
1737429201385 0.850410521030426 531
1737429201704 0.8596396446228027 532
1737429202024 0.8563024997711182 533
1737429202342 0.7700390815734863 534
1737429202661 0.8542735576629639 535
1737429202979 0.9019379019737244 536
1737429203297 0.8460660576820374 537
1737429203615 0.7608225345611572 538
1737429203931 0.886519730091095 539
1737429204249 0.8348348736763 540
1737429204566 0.8556172847747803 541
1737429204883 0.8480448722839355 542
1737429205200 0.874212920665741 543
1737429205518 0.8351073265075684 544
1737429205835 0.8582134246826172 545
1737429206154 0.779151439666748 546
1737429206472 0.8581526875495911 547
1737429206787 0.8580594658851624 548
1737429207107 0.8684303760528564 549
1737429207424 0.8765432238578796 550
1737429207743 0.8646265864372253 551
1737429208058 0.848783016204834 552
1737429208373 0.8021485209465027 553
1737429208690 0.7833035588264465 554
1737429209010 0.8394895195960999 555
1737429209330 0.8604432940483093 556
1737429209646 0.8409773707389832 557
1737429209963 0.7951388359069824 558
1737429210281 0.8098633289337158 559
1737429210598 0.7889476418495178 560
1737429210915 0.7836081385612488 561
1737429211233 0.77791428565979 562
1737429211550 0.7770457863807678 563
1737429211868 0.855022132396698 564
1737429212186 0.8476702570915222 565
1737429212501 0.8161375522613525 566
1737429212819 0.7909429669380188 567
1737429213138 0.8504683375358582 568
1737429213454 0.8447927832603455 569
1737429213773 0.7451446652412415 570
1737429214091 0.8518610000610352 571
1737429214409 0.875878095626831 572
1737429214727 0.8062677979469299 573
1737429215046 0.7232423424720764 574
1737429215363 0.8525209426879883 575
1737429215682 0.8836991190910339 576
1737429216002 0.8653683066368103 577
1737429216320 0.7827183604240417 578
1737429216636 0.8009259104728699 579
1737429216952 0.8263888955116272 580
1737429217271 0.8825328350067139 581
1737429217590 0.8945868611335754 582
1737429217907 0.8475320935249329 583
1737429218224 0.7955806851387024 584
1737429218542 0.7716845870018005 585
1737429218863 0.8352344036102295 586
1737429219182 0.8327444195747375 587
1737429219499 0.8169777393341064 588
1737429219817 0.8592759966850281 589
1737429220134 0.8040997982025146 590
1737429220452 0.7780812382698059 591
1737429220769 0.8456570506095886 592
1737429221087 0.8010210394859314 593
1737429221404 0.8262278437614441 594
1737429221722 0.8632755875587463 595
1737429222038 0.837725818157196 596
1737429222355 0.785714328289032 597
1737429222677 0.846308708190918 598
1737429222996 0.8125942349433899 599
1737429223313 0.8027670383453369 600
1737429223631 0.7988171577453613 601
1737429223949 0.7895963191986084 602
1737429224267 0.8344907164573669 603
1737429224586 0.7991900444030762 604
1737429224907 0.8080480694770813 605
1737429225223 0.8514790534973145 606
1737429225541 0.8247475028038025 607
1737429225860 0.8440437316894531 608
1737429226178 0.810023307800293 609
1737429226497 0.8087177276611328 610
1737429226815 0.8354166150093079 611
1737429227132 0.7742688059806824 612
1737429227449 0.8266382217407227 613
1737429227767 0.8927316665649414 614
1737429228085 0.8722109794616699 615
1737429228405 0.8220668435096741 616
1737429228721 0.7544860243797302 617
1737429229039 0.780402660369873 618
1737429229359 0.8570613861083984 619
1737429229678 0.8015872836112976 620
1737429229997 0.8641855716705322 621
1737429230312 0.7226333022117615 622
1737429230628 0.7897372841835022 623
1737429230947 0.8214756846427917 624
1737429231265 0.8937907814979553 625
1737429231589 0.879802942276001 626
1737429231909 0.8499999642372131 627
1737429232224 0.8668360710144043 628
1737429232542 0.7117758393287659 629
1737429232860 0.7882295250892639 630
1737429233178 0.7949199676513672 631
1737429233496 0.8667498230934143 632
1737429233811 0.8930438160896301 633
1737429234129 0.8201243281364441 634
1737429234448 0.884958028793335 635
1737429234764 0.8144324421882629 636
1737429235082 0.9121863842010498 637
1737429235399 0.8806255459785461 638
1737429235715 0.7948718070983887 639
1737429236035 0.9013888835906982 640
1737429236355 0.8119738698005676 641
1737429236674 0.8536481857299805 642
1737429236993 0.8324314951896667 643
1737429237311 0.7776663899421692 644
1737429237630 0.8584175109863281 645
1737429237947 0.8265233039855957 646
1737429238267 0.7609710693359375 647
1737429238584 0.8159721493721008 648
1737429238902 0.8566411137580872 649
1737429239222 0.8292272090911865 650
1737429239537 0.8591397404670715 651
1737429239854 0.8993365168571472 652
1737429240172 0.8535389304161072 653
1737429240490 0.8633964657783508 654
1737429240809 0.8460714221000671 655
1737429241127 0.8292483687400818 656
1737429241445 0.8020833134651184 657
1737429241763 0.7116773724555969 658
1737429242081 0.859734296798706 659
1737429242398 0.7518518567085266 660
1737429242715 0.795015275478363 661
1737429243033 0.7699506878852844 662
1737429243350 0.8042857050895691 663
1737429243668 0.8515087962150574 664
1737429243989 0.865079402923584 665
1737429244306 0.8252625465393066 666
1737429244622 0.8651067614555359 667
1737429244940 0.8376343846321106 668
1737429245256 0.8711807131767273 669
1737429245575 0.7634451985359192 670
1737429245893 0.7817317843437195 671
1737429246209 0.7399342656135559 672
1737429246529 0.8426173329353333 673
1737429246847 0.8727869391441345 674
1737429247164 0.7455763220787048 675
1737429247480 0.868903398513794 676
1737429247798 0.846346378326416 677
1737429248118 0.8395954966545105 678
1737429248438 0.7594696879386902 679
1737429248755 0.8236021995544434 680
1737429249073 0.8058781623840332 681
1737429249391 0.8185804486274719 682
1737429249708 0.8643246293067932 683
1737429250025 0.9087302088737488 684
1737429250342 0.7801321148872375 685
1737429250661 0.7928478121757507 686
1737429250979 0.7885897755622864 687
1737429251300 0.828048050403595 688
1737429251618 0.8305867314338684 689
1737429251936 0.7865710854530334 690
1737429252251 0.868055522441864 691
1737429252570 0.8021741509437561 692
1737429252888 0.8579638600349426 693
1737429253204 0.8464985489845276 694
1737429253519 0.7865079045295715 695
1737429253840 0.8622839450836182 696
1737429254159 0.8238463997840881 697
1737429254477 0.7645502090454102 698
1737429254794 0.7853512763977051 699
1737429255112 0.8297941088676453 700
1737429255432 0.824999988079071 701
1737429255749 0.780246913433075 702
1737429256069 0.8587813377380371 703
1737429256388 0.8798245787620544 704
1737429256704 0.8221583962440491 705
1737429257025 0.8790390491485596 706
1737429257340 0.8194444179534912 707
1737429257658 0.8773528933525085 708
1737429257976 0.770679771900177 709
1737429258293 0.9022658467292786 710
1737429258610 0.8505158424377441 711
1737429258928 0.8043010830879211 712
1737429259246 0.8093836903572083 713
1737429259567 0.8168566823005676 714
1737429259883 0.8184256553649902 715
1737429260203 0.8603086471557617 716
1737429260522 0.8025543093681335 717
1737429260839 0.8644444346427917 718
1737429261159 0.829982340335846 719
1737429261476 0.8553113341331482 720
1737429261794 0.8399810194969177 721
1737429262111 0.8504932522773743 722
1737429262429 0.7908734679222107 723
1737429262746 0.8271486163139343 724
1737429263078 0.7550277709960938 725
1737429263400 0.901724636554718 726
1737429263719 0.8064867854118347 727
1737429264036 0.9160003066062927 728
1737429264355 0.8731210827827454 729
1737429264672 0.8603746294975281 730
1737429264991 0.865079402923584 731
1737429265310 0.8487455248832703 732
1737429265627 0.8402089476585388 733
1737429265942 0.7926968932151794 734
1737429266261 0.8166961669921875 735
1737429266578 0.816964328289032 736
1737429266896 0.8332865834236145 737
1737429267215 0.8309668898582458 738
1737429267533 0.8399762511253357 739
1737429267850 0.8722451329231262 740
1737429268167 0.8150584697723389 741
1737429268484 0.8443968892097473 742
1737429268802 0.8593344688415527 743
1737429269122 0.8015550971031189 744
1737429269439 0.7962962985038757 745
1737429269759 0.8253967761993408 746
1737429270077 0.8489766716957092 747
1737429270396 0.8047385215759277 748
1737429270714 0.8437223434448242 749
1737429271032 0.811640202999115 750
1737429271350 0.8161476254463196 751
1737429271667 0.7603079676628113 752
1737429271986 0.8541666865348816 753
1737429272304 0.8694443702697754 754
1737429272622 0.828751802444458 755
1737429272939 0.8093228936195374 756
1737429273259 0.8185368180274963 757
1737429273577 0.8820619583129883 758
1737429273895 0.8498305678367615 759
1737429274214 0.8657296299934387 760
1737429274533 0.8171351552009583 761
1737429274850 0.8947038650512695 762
1737429275169 0.8726601600646973 763
1737429275486 0.8235147595405579 764
1737429275809 0.8517274260520935 765
1737429276127 0.825570285320282 766
1737429276447 0.8353801369667053 767
1737429276764 0.7838764786720276 768
1737429277084 0.9245921969413757 769
1737429277402 0.8101027607917786 770
1737429277721 0.8381463885307312 771
1737429278041 0.8575956225395203 772
1737429278359 0.8886486887931824 773
1737429278677 0.8050233721733093 774
1737429278994 0.8462184071540833 775
1737429279313 0.825984001159668 776
1737429279631 0.8407407402992249 777
1737429279950 0.7782110571861267 778
1737429280266 0.8713616728782654 779
1737429280585 0.7450177669525146 780
1737429280903 0.8590548038482666 781
1737429281220 0.7658562064170837 782
1737429281539 0.8547329902648926 783
1737429281858 0.8550369143486023 784
1737429282175 0.8864056468009949 785
1737429282492 0.850227415561676 786
1737429282811 0.7623973488807678 787
1737429283131 0.9784946441650391 788
1737429283449 0.801334798336029 789
1737429283766 0.8667493462562561 790
1737429284085 0.839121401309967 791
1737429284402 0.8625876307487488 792
1737429284718 0.8681928515434265 793
1737429285034 0.8351852297782898 794
1737429285352 0.8901554942131042 795
1737429285670 0.8523581624031067 796
1737429285989 0.833730161190033 797
1737429286305 0.8398475050926208 798
1737429286623 0.8277484774589539 799
1737429286940 0.8041792511940002 800
1737429287266 0.8162345886230469 801
1737429287584 0.8982906341552734 802
1737429287903 0.8999881148338318 803
1737429288221 0.808225154876709 804
1737429288540 0.8746228814125061 805
1737429288857 0.8624070286750793 806
1737429289173 0.8087849020957947 807
1737429289492 0.8377594947814941 808
1737429289811 0.8790206909179688 809
1737429290129 0.8564102649688721 810
1737429290447 0.788188636302948 811
1737429290763 0.8487721085548401 812
1737429291082 0.8046833872795105 813
1737429291401 0.7291666865348816 814
1737429291730 0.8186740875244141 815
1737429292050 0.8307017683982849 816
1737429292374 0.7835597395896912 817
1737429292693 0.8542008399963379 818
1737429293012 0.8796376585960388 819
1737429293329 0.8310185074806213 820
1737429293647 0.8824967741966248 821
1737429293969 0.8342830538749695 822
1737429294288 0.790123462677002 823
1737429294608 0.8041715025901794 824
1737429294925 0.9116823673248291 825
1737429295244 0.8398569226264954 826
1737429295562 0.8164300322532654 827
1737429295879 0.8927612900733948 828
1737429296196 0.8675263524055481 829
1737429296513 0.7826023101806641 830
1737429296832 0.8480332493782043 831
1737429297152 0.7549858093261719 832
1737429297471 0.8410329818725586 833
1737429297789 0.7024042010307312 834
1737429298106 0.8830049633979797 835
1737429298424 0.8918159604072571 836
1737429298744 0.8760161399841309 837
1737429299062 0.9354838728904724 838
1737429299378 0.7803024649620056 839
1737429299695 0.8377777934074402 840
1737429300019 0.7652192115783691 841
1737429300336 0.8364681601524353 842
1737429300653 0.8526585102081299 843
1737429300973 0.8613848686218262 844
1737429301291 0.8493556380271912 845
1737429301611 0.8180424571037292 846
1737429301929 0.7577200531959534 847
1737429302247 0.8602526783943176 848
1737429302565 0.8522791862487793 849
1737429302882 0.8177505135536194 850
1737429303202 0.767267644405365 851
1737429303518 0.810631275177002 852
1737429303836 0.8292326927185059 853
1737429304153 0.7973694205284119 854
1737429304468 0.8195840716362 855
1737429304784 0.8554595112800598 856
1737429305104 0.7929725050926208 857
1737429305424 0.8168931007385254 858
1737429305743 0.8660130500793457 859
1737429306060 0.8396232724189758 860
1737429306379 0.8220458030700684 861
1737429306594 0.7883839011192322 862
1737429324089 0.8772175312042236 863
1737429324410 0.8475320935249329 864
1737429324726 0.8079922199249268 865
1737429325043 0.8027939796447754 866
1737429325360 0.8313117027282715 867
1737429325677 0.8446207642555237 868
1737429325995 0.8474736213684082 869
1737429326309 0.9239533543586731 870
1737429326627 0.8090113997459412 871
1737429326944 0.8263288140296936 872
1737429327264 0.8598227500915527 873
1737429327581 0.8691902160644531 874
1737429327899 0.7859663367271423 875
1737429328215 0.8868326544761658 876
1737429328533 0.8410394191741943 877
1737429328848 0.8161093592643738 878
1737429329163 0.8982363343238831 879
1737429329480 0.8550203442573547 880
1737429329798 0.899404764175415 881
1737429330114 0.856249988079071 882
1737429330432 0.8300572037696838 883
1737429330750 0.8611693382263184 884
1737429331067 0.809553861618042 885
1737429331385 0.8521767258644104 886
1737429331703 0.8274253010749817 887
1737429332023 0.8068783283233643 888
1737429332341 0.7740740776062012 889
1737429332658 0.7810924649238586 890
1737429332976 0.882867157459259 891
1737429333294 0.9360365867614746 892
1737429333610 0.7921245694160461 893
1737429333929 0.8525640964508057 894
1737429334246 0.8043875694274902 895
1737429334565 0.8301994204521179 896
1737429334884 0.8060767650604248 897
1737429335201 0.8712803721427917 898
1737429335521 0.7553606033325195 899
1737429335837 0.8262339234352112 900
1737429336153 0.8688311576843262 901
1737429336471 0.7295470237731934 902
1737429336791 0.8449074625968933 903
1737429337109 0.825899600982666 904
1737429337424 0.7868547439575195 905
1737429337743 0.7853534817695618 906
1737429338063 0.8085858821868896 907
1737429338380 0.7979565262794495 908
1737429338697 0.7493443489074707 909
1737429339013 0.900028645992279 910
1737429339331 0.8311644196510315 911
1737429339650 0.8088645935058594 912
1737429339966 0.8421432375907898 913
1737429340284 0.843489408493042 914
1737429340601 0.8454311490058899 915
1737429340919 0.9138889312744141 916
1737429341237 0.8643791079521179 917
1737429341555 0.8358303904533386 918
1737429341872 0.8609923720359802 919
1737429342193 0.8791435360908508 920
1737429342515 0.8399048447608948 921
1737429342833 0.8159399032592773 922
1737429343153 0.8458693027496338 923
1737429343468 0.8720269203186035 924
1737429343786 0.8577130436897278 925
1737429344105 0.8779541850090027 926
1737429344423 0.7620448470115662 927
1737429344738 0.8275895118713379 928
1737429345058 0.855311393737793 929
1737429345379 0.8430458903312683 930
1737429345699 0.8858680725097656 931
1737429346014 0.8573360443115234 932
1737429346330 0.8506714701652527 933
1737429346650 0.8248677253723145 934
1737429346968 0.8833369612693787 935
1737429347284 0.8521711230278015 936
1737429347603 0.8379524350166321 937
1737429347921 0.9131169319152832 938
1737429348240 0.8812079429626465 939
1737429348558 0.8310591578483582 940
1737429348874 0.8612978458404541 941
1737429349194 0.8325901031494141 942
1737429349513 0.7865059971809387 943
1737429349831 0.8705105781555176 944
1737429350147 0.8478057384490967 945
1737429350466 0.7796537280082703 946
1737429350783 0.9151951670646667 947
1737429351107 0.8491842746734619 948
1737429351440 0.8553391098976135 949
1737429351762 0.8372759819030762 950
1737429352080 0.7869048118591309 951
1737429352400 0.8808879852294922 952
1737429352718 0.8154811859130859 953
1737429353036 0.8266013264656067 954
1737429353351 0.7515873312950134 955
1737429353669 0.8197367787361145 956
1737429353986 0.835841178894043 957
1737429354301 0.8878787159919739 958
1737429354622 0.8371480107307434 959
1737429354941 0.8927395939826965 960
1737429355259 0.8290625214576721 961
1737429355575 0.84832364320755 962
1737429355891 0.8801994323730469 963
1737429356209 0.8345397114753723 964
1737429356528 0.8664529323577881 965
1737429356848 0.7749461531639099 966
1737429357162 0.8469786047935486 967
1737429357479 0.9050033688545227 968
1737429357799 0.8334154486656189 969
1737429358118 0.8426900506019592 970
1737429358436 0.8296220898628235 971
1737429358754 0.8403110504150391 972
1737429359071 0.8262107968330383 973
1737429359389 0.7898533940315247 974
1737429359706 0.8956486582756042 975
1737429360028 0.9126901030540466 976
1737429360346 0.8154144287109375 977
1737429360663 0.7927029132843018 978
1737429360981 0.8757575154304504 979
1737429361299 0.8896880745887756 980
1737429361615 0.8259553909301758 981
1737429361936 0.8208479881286621 982
1737429362252 0.854433536529541 983
1737429362566 0.8880718350410461 984
1737429362883 0.874786376953125 985
1737429363201 0.785028874874115 986
1737429363520 0.8595938682556152 987
1737429363838 0.8850659728050232 988
1737429364158 0.8309668898582458 989
1737429364476 0.8446939587593079 990
1737429364793 0.8300518989562988 991
1737429365110 0.8780109286308289 992
1737429365427 0.8649002909660339 993
1737429365746 0.9105886816978455 994
1737429366063 0.9131944179534912 995
1737429366383 0.9468615055084229 996
1737429366699 0.8679558634757996 997
1737429367016 0.8191511034965515 998
1737429367333 0.9004273414611816 999
1737429367651 0.9120898246765137 1000
1737429367971 0.8720024228096008 1001
1737429368288 0.8273809552192688 1002
1737429368606 0.8657220005989075 1003
1737429368926 0.8554112315177917 1004
1737429369247 0.8449762463569641 1005
1737429369563 0.8587849140167236 1006
1737429369881 0.8427117466926575 1007
1737429370199 0.8865740895271301 1008
1737429370518 0.9030172228813171 1009
1737429370836 0.849265992641449 1010
1737429371153 0.8872587084770203 1011
1737429371469 0.845634937286377 1012
1737429371789 0.8754789233207703 1013
1737429372106 0.8620921969413757 1014
1737429372422 0.8412972092628479 1015
1737429372739 0.880851686000824 1016
1737429373057 0.9520833492279053 1017
1737429373409 0.8728465437889099 1018
1737429373730 0.8813713192939758 1019
1737429374047 0.8304843306541443 1020
1737429374367 0.879464328289032 1021
1737429374683 0.7960122227668762 1022
1737429375002 0.9028478264808655 1023
1737429375319 0.8929069638252258 1024
1737429375638 0.902867317199707 1025
1737429375954 0.9130480885505676 1026
1737429376273 0.8109684586524963 1027
1737429376589 0.8916246294975281 1028
1737429376906 0.9349784851074219 1029
1737429377230 0.8683087229728699 1030
1737429377553 0.8629629611968994 1031
1737429377870 0.9016731381416321 1032
1737429378185 0.817460298538208 1033
1737429378506 0.9137529730796814 1034
1737429378822 0.8648077845573425 1035
1737429379140 0.8595959544181824 1036
1737429379459 0.7980732917785645 1037
1737429379774 0.8603746294975281 1038
1737429380092 0.825925886631012 1039
1737429380411 0.8135753273963928 1040
1737429380730 0.8518518805503845 1041
1737429381049 0.878866970539093 1042
1737429381369 0.9057071805000305 1043
1737429381684 0.8792185187339783 1044
1737429382005 0.8090277314186096 1045
1737429382322 0.8262200355529785 1046
1737429382640 0.9118040204048157 1047
1737429382961 0.8584455847740173 1048
1737429383280 0.8856208920478821 1049
1737429383597 0.8386123776435852 1050
1737429383914 0.879772961139679 1051
1737429384232 0.8079638481140137 1052
1737429384550 0.8880718350410461 1053
1737429384867 0.8292592167854309 1054
1737429385183 0.8258928656578064 1055
1737429385501 0.9015733599662781 1056
1737429385821 0.8688302636146545 1057
1737429386139 0.9129554629325867 1058
1737429386456 0.899098813533783 1059
1737429386773 0.8683145046234131 1060
1737429387091 0.8213069438934326 1061
1737429387410 0.8864468932151794 1062
1737429387729 0.8022875785827637 1063
1737429388046 0.8481304049491882 1064
1737429388364 0.8943209648132324 1065
1737429388695 0.8464986681938171 1066
1737429389023 0.9034391045570374 1067
1737429389339 0.8754515647888184 1068
1737429389655 0.8544973731040955 1069
1737429389973 0.8655099868774414 1070
1737429390290 0.8667730689048767 1071
1737429390607 0.9143518805503845 1072
1737429390924 0.8787067532539368 1073
1737429391250 0.8222389221191406 1074
1737429391567 0.8611658215522766 1075
1737429391884 0.9247437119483948 1076
1737429392202 0.9030868411064148 1077
1737429392522 0.9025089740753174 1078
1737429392840 0.8632448315620422 1079
1737429393158 0.9156954288482666 1080
1737429393475 0.8928571343421936 1081
1737429393793 0.8855650424957275 1082
1737429394112 0.9057738184928894 1083
1737429394428 0.819174587726593 1084
1737429394746 0.8651180863380432 1085
1737429395063 0.8774929046630859 1086
1737429395383 0.8883168697357178 1087
1737429395702 0.8994709849357605 1088
1737429396020 0.9411680698394775 1089
1737429396336 0.8499579429626465 1090
1737429396656 0.8730015754699707 1091
1737429396974 0.8416106104850769 1092
1737429397296 0.8634689450263977 1093
1737429397615 0.8404669165611267 1094
1737429397933 0.8752430081367493 1095
1737429398251 0.9462365508079529 1096
1737429398569 0.9088698029518127 1097
1737429398887 0.9463878273963928 1098
1737429399203 0.9540229439735413 1099
1737429399519 0.9139785170555115 1100
1737429399836 0.8456850051879883 1101
1737429400153 0.7886989712715149 1102
1737429400468 0.8566701412200928 1103
1737429400784 0.8702793121337891 1104
1737429401102 0.8524853587150574 1105
1737429401419 0.8507326245307922 1106
1737429401738 0.8862963318824768 1107
1737429402054 0.831950843334198 1108
1737429402370 0.8588650822639465 1109
1737429402688 0.9066188931465149 1110
1737429403006 0.8888888359069824 1111
1737429403323 0.8409008979797363 1112
1737429403643 0.8623188138008118 1113
1737429403962 0.9114219546318054 1114
1737429404279 0.9010581970214844 1115
1737429404597 0.8483193516731262 1116
1737429404912 0.8905149102210999 1117
1737429405231 0.8843206763267517 1118
1737429405549 0.8663880228996277 1119
1737429405868 0.8690335154533386 1120
1737429406185 0.8495945930480957 1121
1737429406503 0.8799282908439636 1122
1737429406819 0.9261012673377991 1123
1737429407138 0.8983182311058044 1124
1737429407453 0.9236111640930176 1125
1737429407773 0.9259845614433289 1126
1737429408091 0.8985890746116638 1127
1737429408409 0.9028642773628235 1128
1737429408726 0.8434440493583679 1129
1737429409051 0.8499361872673035 1130
1737429409378 0.910714328289032 1131
1737429409694 0.8901284337043762 1132
1737429410013 0.8411088585853577 1133
1737429410330 0.8853086829185486 1134
1737429410648 0.8330927491188049 1135
1737429410966 0.8878884315490723 1136
1737429411285 0.8667049407958984 1137
1737429411605 0.8419547080993652 1138
1737429411926 0.851499080657959 1139
1737429412241 0.8922514915466309 1140
1737429412561 0.9232492446899414 1141
1737429412879 0.8529239296913147 1142
1737429413196 0.910897433757782 1143
1737429413512 0.9180988669395447 1144
1737429413832 0.9248824119567871 1145
1737429414149 0.8902116417884827 1146
1737429414466 0.826265275478363 1147
1737429414785 0.8444805145263672 1148
1737429415101 0.9430505633354187 1149
1737429415420 0.8631243109703064 1150
1737429415744 0.8932539820671082 1151
1737429416063 0.9157363772392273 1152
1737429416382 0.8943452835083008 1153
1737429416701 0.8441707491874695 1154
1737429417017 0.9467754364013672 1155
1737429417334 0.8754166960716248 1156
1737429417653 0.9084054827690125 1157
1737429417973 0.9054916501045227 1158
1737429418290 0.891707718372345 1159
1737429418609 0.8295051455497742 1160
1737429418928 0.8846296668052673 1161
1737429419247 0.8884381651878357 1162
1737429419566 0.9010451436042786 1163
1737429419883 0.8375000357627869 1164
1737429420204 0.9339826703071594 1165
1737429420539 0.9286412596702576 1166
1737429420864 0.8313606381416321 1167
1737429421182 0.844397783279419 1168
1737429421498 0.8490028381347656 1169
1737429421816 0.9033579230308533 1170
1737429422132 0.8860399127006531 1171
1737429422451 0.846846878528595 1172
1737429422771 0.89548259973526 1173
1737429423097 0.8392577171325684 1174
1737429423415 0.9066151976585388 1175
1737429423735 0.9355973601341248 1176
1737429424053 0.9135119318962097 1177
1737429424371 0.8421404957771301 1178
1737429424690 0.9531745910644531 1179
1737429425009 0.8514184951782227 1180
1737429425329 0.9095599055290222 1181
1737429425649 0.8659277558326721 1182
1737429425968 0.8733488917350769 1183
1737429426286 0.8826729655265808 1184
1737429426603 0.8910393714904785 1185
1737429426924 0.8826889991760254 1186
1737429427241 0.8481388092041016 1187
1737429427560 0.9327139854431152 1188
1737429427881 0.8566415905952454 1189
1737429428199 0.8497023582458496 1190
1737429428517 0.8677248954772949 1191
1737429428835 0.8664488792419434 1192
1737429429153 0.8117663264274597 1193
1737429429471 0.9241030812263489 1194
1737429429789 0.9113298058509827 1195
1737429430107 0.8250711560249329 1196
1737429430426 0.913031280040741 1197
1737429430744 0.8374782204627991 1198
1737429431061 0.8762731552124023 1199
1737429431379 0.8415678143501282 1200
1737429431696 0.863910436630249 1201
1737429432015 0.8731698393821716 1202
1737429432335 0.9365384578704834 1203
1737429432652 0.8971043229103088 1204
1737429432971 0.9106929302215576 1205
1737429433290 0.8689307570457458 1206
1737429433608 0.8305141925811768 1207
1737429433925 0.869617760181427 1208
1737429434243 0.9551820158958435 1209
1737429434563 0.9275131821632385 1210
1737429434882 0.8684946894645691 1211
1737429435200 0.886282205581665 1212
1737429435519 0.8610695004463196 1213
1737429435838 0.8547254204750061 1214
1737429436156 0.9290726780891418 1215
1737429436474 0.8777777552604675 1216
1737429436792 0.8161376118659973 1217
1737429437111 0.8256008625030518 1218
1737429437431 0.9195489287376404 1219
1737429437749 0.9238565564155579 1220
1737429438069 0.917518138885498 1221
1737429438388 0.8800680041313171 1222
1737429438705 0.9021367430686951 1223
1737429439026 0.8569902777671814 1224
1737429439343 0.8754596710205078 1225
1737429439660 0.8499162197113037 1226
1737429439976 0.9088094830513 1227
1737429440293 0.8125798106193542 1228
1737429440610 0.8724462985992432 1229
1737429440928 0.8942707180976868 1230
1737429441247 0.8897733688354492 1231
1737429441566 0.8511905074119568 1232
1737429441884 0.879464328289032 1233
1737429442202 0.8599031567573547 1234
1737429442519 0.8157796859741211 1235
1737429442836 0.8675408959388733 1236
1737429443154 0.8754515647888184 1237
1737429443474 0.903869092464447 1238
1737429443790 0.7939619421958923 1239
1737429444107 0.8197878003120422 1240
1737429444426 0.8836727142333984 1241
1737429444743 0.8021776080131531 1242
1737429445060 0.89682537317276 1243
1737429445380 0.9114616513252258 1244
1737429445697 0.8773214221000671 1245
1737429446020 0.880374014377594 1246
1737429446336 0.8597883582115173 1247
1737429446654 0.9185065627098083 1248
1737429446973 0.9063714146614075 1249
1737429447294 0.8594048619270325 1250
1737429447610 0.9158781170845032 1251
1737429447928 0.8922752737998962 1252
1737429448245 0.888359785079956 1253
1737429448564 0.8857550024986267 1254
1737429448882 0.8652222752571106 1255
1737429449198 0.8285353183746338 1256
1737429449516 0.8443756103515625 1257
1737429449834 0.9230172038078308 1258
1737429450153 0.8909352421760559 1259
1737429450471 0.8928571343421936 1260
1737429450787 0.8294980525970459 1261
1737429451105 0.838598906993866 1262
1737429451422 0.8258928656578064 1263
1737429451741 0.9326391220092773 1264
1737429452058 0.932692289352417 1265
1737429452377 0.9039881229400635 1266
1737429452698 0.8386745452880859 1267
1737429453016 0.9070208668708801 1268
1737429453334 0.8630116581916809 1269
1737429453651 0.8385565280914307 1270
1737429453970 0.8729729652404785 1271
1737429454287 0.8905773758888245 1272
1737429454606 0.8969907760620117 1273
1737429454923 0.846367359161377 1274
1737429455242 0.8714807629585266 1275
1737429455561 0.8736111521720886 1276
1737429455880 0.8684303760528564 1277
1737429456196 0.8696797490119934 1278
1737429456516 0.9025447964668274 1279
1737429456834 0.882821261882782 1280
1737429457152 0.8985118865966797 1281
1737429457472 0.8935953974723816 1282
1737429457789 0.8716063499450684 1283
1737429458107 0.884033739566803 1284
1737429458425 0.916951596736908 1285
1737429458742 0.8285620808601379 1286
1737429459061 0.857609748840332 1287
1737429459380 0.8583928942680359 1288
1737429459698 0.8924140334129333 1289
1737429460019 0.9221176505088806 1290
1737429460337 0.9037628173828125 1291
1737429460654 0.9458260536193848 1292
1737429460974 0.8650953769683838 1293
1737429461293 0.8598566055297852 1294
1737429461613 0.8806560635566711 1295
1737429461929 0.8782935738563538 1296
1737429462247 0.9761905074119568 1297
1737429462565 0.86543208360672 1298
1737429462885 0.9278087615966797 1299
1737429463202 0.9022889137268066 1300
1737429463520 0.8593344688415527 1301
1737429463840 0.9535256028175354 1302
1737429464159 0.8990476131439209 1303
1737429464478 0.8311644196510315 1304
1737429464798 0.9353070259094238 1305
1737429465115 0.902641236782074 1306
1737429465433 0.8518518805503845 1307
1737429465751 0.8283686637878418 1308
1737429466068 0.8637636303901672 1309
1737429466385 0.8712704181671143 1310
1737429466704 0.8302792906761169 1311
1737429467023 0.8850659728050232 1312
1737429467342 0.8756542205810547 1313
1737429467660 0.8870258331298828 1314
1737429467976 0.840167760848999 1315
1737429468298 0.8628795742988586 1316
1737429468615 0.8573204874992371 1317
1737429468933 0.8659277558326721 1318
1737429469249 0.9111658930778503 1319
1737429469567 0.9122023582458496 1320
1737429469886 0.889124870300293 1321
1737429470206 0.9304812550544739 1322
1737429470523 0.887499988079071 1323
1737429470842 0.8210784792900085 1324
1737429471161 0.8667848706245422 1325
1737429471482 0.8825259208679199 1326
1737429471803 0.8584045767784119 1327
1737429472122 0.8329010009765625 1328
1737429472438 0.9366104006767273 1329
1737429472756 0.8598759770393372 1330
1737429473073 0.8528528809547424 1331
1737429473391 0.8196248412132263 1332
1737429473710 0.852801501750946 1333
1737429474029 0.8969206213951111 1334
1737429474347 0.9479166865348816 1335
1737429474663 0.8927900195121765 1336
1737429474982 0.9201058745384216 1337
1737429475301 0.9241071343421936 1338
1737429475619 0.8785714507102966 1339
1737429475935 0.8520030379295349 1340
1737429476253 0.8600148558616638 1341
1737429476571 0.9282822012901306 1342
1737429476888 0.8971583843231201 1343
1737429477208 0.8551724553108215 1344
1737429477523 0.874423086643219 1345
1737429477842 0.7975027561187744 1346
1737429478160 0.8893162608146667 1347
1737429478477 0.8796296119689941 1348
1737429478796 0.8420745730400085 1349
1737429479114 0.8845124244689941 1350
1737429479431 0.883190929889679 1351
1737429479750 0.8502252697944641 1352
1737429480067 0.828408420085907 1353
1737429480384 0.8641975522041321 1354
1737429480701 0.8682309985160828 1355
1737429481018 0.8449073433876038 1356
1737429481337 0.8739811778068542 1357
1737429481657 0.9076055884361267 1358
1737429481975 0.8277338147163391 1359
1737429482294 0.8337461352348328 1360
1737429482615 0.8265233039855957 1361
1737429482933 0.9233954548835754 1362
1737429483251 0.8561253547668457 1363
1737429483570 0.9175180792808533 1364
1737429483889 0.8329004645347595 1365
1737429484209 0.8930479884147644 1366
1737429484529 0.8128851056098938 1367
1737429484849 0.8154228329658508 1368
1737429485167 0.8463570475578308 1369
1737429485486 0.8315696716308594 1370
1737429485802 0.8743386268615723 1371
1737429486122 0.8921146392822266 1372
1737429486442 0.8146016597747803 1373
1737429486763 0.8610274791717529 1374
1737429487081 0.8903086185455322 1375
1737429487398 0.8458333015441895 1376
1737429487718 0.9523282051086426 1377
1737429488037 0.8883500099182129 1378
1737429488356 0.9060847163200378 1379
1737429488672 0.9298631548881531 1380
1737429488991 0.8965865969657898 1381
1737429489310 0.8538665175437927 1382
1737429489627 0.9279895424842834 1383
1737429489945 0.9571405053138733 1384
1737429490262 0.866493284702301 1385
1737429490579 0.882014811038971 1386
1737429490898 0.9335771203041077 1387
1737429491218 0.8900462985038757 1388
1737429491535 0.9506493210792542 1389
1737429491854 0.8456075191497803 1390
1737429492172 0.8574925065040588 1391
1737429492492 0.9044790863990784 1392
1737429492809 0.9567901492118835 1393
1737429493129 0.8941176533699036 1394
1737429493447 0.891707718372345 1395
1737429493767 0.8610482215881348 1396
1737429494085 0.9118165969848633 1397
1737429494404 0.9358866810798645 1398
1737429494723 0.8936429023742676 1399
1737429495039 0.8987179398536682 1400
1737429495359 0.9523809552192688 1401
1737429495676 0.8654296398162842 1402
1737429495995 0.8866049647331238 1403
1737429496314 0.891269862651825 1404
1737429496632 0.8852143883705139 1405
1737429496950 0.903127908706665 1406
1737429497271 0.880892276763916 1407
1737429497589 0.8826445937156677 1408
1737429497906 0.8665081858634949 1409
1737429498225 0.9085419178009033 1410
1737429498545 0.9013888835906982 1411
1737429498865 0.9160597324371338 1412
1737429499183 0.9362868666648865 1413
1737429499503 0.9146959185600281 1414
1737429499822 0.837681233882904 1415
1737429500140 0.8572973608970642 1416
1737429500460 0.890709638595581 1417
1737429500777 0.8785247206687927 1418
1737429501095 0.8846542835235596 1419
1737429501413 0.8495898246765137 1420
1737429501730 0.918181836605072 1421
1737429502049 0.8127304911613464 1422
1737429502368 0.8121888041496277 1423
1737429502687 0.8417587280273438 1424
1737429503008 0.8782746195793152 1425
1737429503327 0.8639573454856873 1426
1737429503644 0.8725879788398743 1427
1737429503962 0.872568666934967 1428
1737429504279 0.8701574802398682 1429
1737429504596 0.8948773741722107 1430
1737429504915 0.8898809552192688 1431
1737429505233 0.8354580402374268 1432
1737429505549 0.8834498524665833 1433
1737429505868 0.9194889664649963 1434
1737429506185 0.8803803324699402 1435
1737429506507 0.8377976417541504 1436
1737429506823 0.8664687275886536 1437
1737429507142 0.9109718203544617 1438
1737429507462 0.890845000743866 1439
1737429507780 0.8649538159370422 1440
1737429508098 0.8869457840919495 1441
1737429508415 0.8882301449775696 1442
1737429508731 0.927628755569458 1443
1737429509048 0.9017255902290344 1444
1737429509371 0.9106066823005676 1445
1737429509685 0.9245921969413757 1446
1737429510005 0.850273609161377 1447
1737429510322 0.9093136787414551 1448
1737429510641 0.9098009467124939 1449
1737429510960 0.9126865267753601 1450
1737429511279 0.9217100143432617 1451
1737429511597 0.9036414623260498 1452
1737429511914 0.848366916179657 1453
1737429512232 0.9344086050987244 1454
1737429512551 0.8516666293144226 1455
1737429512867 0.8445038795471191 1456
1737429513185 0.9206896424293518 1457
1737429513504 0.8675594925880432 1458
1737429513821 0.846491277217865 1459
1737429514138 0.9147525429725647 1460
1737429514455 0.8792755007743835 1461
1737429514772 0.8766381740570068 1462
1737429515089 0.8969459533691406 1463
1737429515407 0.874308168888092 1464
1737429515726 0.8893194198608398 1465
1737429516042 0.9130082130432129 1466
1737429516362 0.8839181065559387 1467
1737429516679 0.9096047282218933 1468
1737429516997 0.8790206909179688 1469
1737429517314 0.9113445281982422 1470
1737429517631 0.8810519576072693 1471
1737429517948 0.902405321598053 1472
1737429518266 0.8827738761901855 1473
1737429518584 0.8309668898582458 1474
1737429518903 0.8705467581748962 1475
1737429519222 0.9007936120033264 1476
1737429519538 0.9060735106468201 1477
1737429519858 0.8736419677734375 1478
1737429520179 0.8590278029441833 1479
1737429520498 0.8135152459144592 1480
1737429520814 0.9178130626678467 1481
1737429521133 0.8950750827789307 1482
1737429521450 0.8963832259178162 1483
1737429521769 0.8452274203300476 1484
1737429522088 0.8409672379493713 1485
1737429522405 0.8752356171607971 1486
1737429522722 0.9238539338111877 1487
1737429523040 0.9450895190238953 1488
1737429523358 0.9282496571540833 1489
1737429523675 0.9203049540519714 1490
1737429523992 0.8826754093170166 1491
1737429524311 0.8373389840126038 1492
1737429524627 0.8551480174064636 1493
1737429524944 0.927230179309845 1494
1737429525263 0.9411764740943909 1495
1737429525581 0.8732253909111023 1496
1737429525901 0.9162843227386475 1497
1737429526220 0.9020833373069763 1498
1737429526537 0.9553368091583252 1499
1737429526855 0.9136199951171875 1500
1737429527174 0.8625313639640808 1501
1737429527493 0.9119298458099365 1502
1737429527810 0.8616636395454407 1503
1737429528128 0.8940790295600891 1504
1737429528447 0.9317381381988525 1505
1737429528767 0.8721863627433777 1506
1737429529085 0.8854743838310242 1507
1737429529403 0.8902776837348938 1508
1737429529721 0.844730794429779 1509
1737429530039 0.9171293377876282 1510
1737429530357 0.8934116363525391 1511
1737429530675 0.8437363505363464 1512
1737429530993 0.8785668015480042 1513
1737429531314 0.9145509600639343 1514
1737429531633 0.867139995098114 1515
1737429531954 0.9023868441581726 1516
1737429532271 0.87203049659729 1517
1737429532588 0.8704231381416321 1518
1737429532907 0.8482937812805176 1519
1737429533226 0.8429152369499207 1520
1737429533544 0.9081962704658508 1521
1737429533860 0.8510777950286865 1522
1737429534179 0.8384418487548828 1523
1737429534497 0.8595840930938721 1524
1737429534814 0.8328148722648621 1525
1737429535132 0.8853923678398132 1526
1737429535450 0.901785671710968 1527
1737429535767 0.8378205299377441 1528
1737429536086 0.8850395679473877 1529
1737429536403 0.8731698393821716 1530
1737429536721 0.8791208863258362 1531
1737429537039 0.8744588494300842 1532
1737429537358 0.8735119700431824 1533
1737429537676 0.8809523582458496 1534
1737429537995 0.8450292944908142 1535
1737429538314 0.9154917597770691 1536
1737429538632 0.8781091570854187 1537
1737429538951 0.9126088619232178 1538
1737429539268 0.8722184300422668 1539
1737429539587 0.908907949924469 1540
1737429539906 0.7920289635658264 1541
1737429540224 0.8987621665000916 1542
1737429540543 0.8893162608146667 1543
1737429540861 0.8690094947814941 1544
1737429541177 0.8928571343421936 1545
1737429541497 0.9115764498710632 1546
1737429541816 0.8133484721183777 1547
1737429542133 0.8561253547668457 1548
1737429542453 0.8689286112785339 1549
1737429542772 0.90328049659729 1550
1737429543090 0.8768654465675354 1551
1737429543407 0.8486111164093018 1552
1737429543727 0.8809523582458496 1553
1737429544046 0.8779677748680115 1554
1737429544365 0.9563050270080566 1555
1737429544683 0.9151785969734192 1556
1737429545004 0.8910727500915527 1557
1737429545322 0.9206773638725281 1558
1737429545640 0.8857808709144592 1559
1737429545957 0.8354926109313965 1560
1737429546274 0.8722527623176575 1561
1737429546593 0.8747909069061279 1562
1737429546912 0.8725879788398743 1563
1737429547233 0.8708893656730652 1564
1737429547551 0.8819444179534912 1565
1737429547870 0.8930525779724121 1566
1737429548190 0.9191918969154358 1567
1737429548508 0.8880719542503357 1568
1737429548826 0.8788374066352844 1569
1737429549142 0.9112933278083801 1570
1737429549459 0.8238978385925293 1571
1737429549777 0.9616227746009827 1572
1737429550097 0.907916247844696 1573
1737429550414 0.8593344688415527 1574
1737429550732 0.8752806186676025 1575
1737429551049 0.8843567371368408 1576
1737429551365 0.8658928871154785 1577
1737429551685 0.9083242416381836 1578
1737429552003 0.8670995235443115 1579
1737429552323 0.9288994669914246 1580
1737429552639 0.8826341032981873 1581
1737429552957 0.9041040539741516 1582
1737429553274 0.8861415982246399 1583
1737429553593 0.908189058303833 1584
1737429553911 0.898087203502655 1585
1737429554229 0.8824227452278137 1586
1737429554547 0.8410329818725586 1587
1737429554865 0.8913690447807312 1588
1737429555185 0.8746592998504639 1589
1737429555503 0.9465029835700989 1590
1737429555819 0.897646427154541 1591
1737429556137 0.8480288982391357 1592
1737429556457 0.8891013264656067 1593
1737429556778 0.8773946166038513 1594
1737429557096 0.9307554364204407 1595
1737429557412 0.809246301651001 1596
1737429557732 0.8581873774528503 1597
1737429558050 0.8940107226371765 1598
1737429558369 0.9107553362846375 1599
1737429558686 0.8648360371589661 1600
1737429559004 0.8896686434745789 1601
1737429559329 0.889915943145752 1602
1737429559652 0.9020833373069763 1603
1737429559973 0.8845937848091125 1604
1737429560290 0.8816852569580078 1605
1737429560608 0.8843567371368408 1606
1737429560927 0.8734137415885925 1607
1737429561244 0.9118266105651855 1608
1737429561561 0.9041854739189148 1609
1737429561879 0.8095238208770752 1610
1737429562197 0.9190475940704346 1611
1737429562516 0.8722696900367737 1612
1737429562835 0.8772973418235779 1613
1737429563152 0.8682072758674622 1614
1737429563470 0.8579240441322327 1615
1737429563788 0.8932378888130188 1616
1737429564107 0.9132446646690369 1617
1737429564428 0.8906354904174805 1618
1737429564745 0.8837237358093262 1619
1737429565065 0.9569197297096252 1620
1737429565384 0.9175522923469543 1621
1737429565701 0.9112501740455627 1622
1737429566019 0.9003739356994629 1623
1737429566338 0.9219819903373718 1624
1737429566657 0.9351254105567932 1625
1737429566977 0.8916666507720947 1626
1737429567294 0.9124773144721985 1627
1737429567614 0.8857970237731934 1628
1737429567933 0.8934165835380554 1629
1737429568251 0.8195274472236633 1630
1737429568571 0.9039702415466309 1631
1737429568888 0.8588760495185852 1632
1737429569208 0.876965343952179 1633
1737429569528 0.8854341506958008 1634
1737429569843 0.8876035809516907 1635
1737429570162 0.8873544335365295 1636
1737429570481 0.8886678218841553 1637
1737429570802 0.8913318514823914 1638
1737429571122 0.9003584384918213 1639
1737429571440 0.8618599772453308 1640
1737429571760 0.9032935500144958 1641
1737429572081 0.8135327696800232 1642
1737429572400 0.9371795058250427 1643
1737429572716 0.8488943576812744 1644
1737429573034 0.9040382504463196 1645
1737429573354 0.8765235543251038 1646
1737429573674 0.9106805920600891 1647
1737429573993 0.9009259343147278 1648
1737429574308 0.81830233335495 1649
1737429574625 0.9582026600837708 1650
1737429574943 0.8410934805870056 1651
1737429575261 0.8913978934288025 1652
1737429575580 0.9141749739646912 1653
1737429575898 0.857654333114624 1654
1737429576215 0.8926543593406677 1655
1737429576536 0.8421428799629211 1656
1737429576852 0.9585366249084473 1657
1737429577169 0.9061968922615051 1658
1737429577488 0.9303133487701416 1659
1737429577810 0.9037197232246399 1660
1737429578129 0.8636247515678406 1661
1737429578448 0.9021367430686951 1662
1737429578768 0.8750893473625183 1663
1737429579085 0.9147525429725647 1664
1737429579403 0.9366857409477234 1665
1737429579719 0.826208770275116 1666
1737429580038 0.8653679490089417 1667
1737429580355 0.9033389687538147 1668
1737429580677 0.8512443900108337 1669
1737429580996 0.9254963397979736 1670
1737429581314 0.9236111044883728 1671
1737429581633 0.9126984477043152 1672
1737429581951 0.8538281917572021 1673
1737429582269 0.8538011908531189 1674
1737429582588 0.8959064483642578 1675
1737429582906 0.8999881744384766 1676
1737429583224 0.9008210301399231 1677
1737429583543 0.8839181065559387 1678
1737429583860 0.9042842388153076 1679
1737429584178 0.9136293530464172 1680
1737429584498 0.8930501937866211 1681
1737429584814 0.9110333919525146 1682
1737429585131 0.9304232597351074 1683
1737429585449 0.891223132610321 1684
1737429585767 0.8770001530647278 1685
1737429586084 0.8444749712944031 1686
1737429586402 0.9099617004394531 1687
1737429586721 0.8650997281074524 1688
1737429587038 0.923178493976593 1689
1737429587357 0.9282035827636719 1690
1737429587675 0.9032019972801208 1691
1737429587992 0.8702988624572754 1692
1737429588310 0.8747830986976624 1693
1737429588629 0.8528138995170593 1694
1737429588949 0.9371795058250427 1695
1737429589267 0.8739506602287292 1696
1737429589584 0.8484399914741516 1697
1737429589904 0.9622222781181335 1698
1737429590223 0.9278996586799622 1699
1737429590543 0.9422799944877625 1700
1737429590859 0.8616071343421936 1701
1737429591178 0.8963537216186523 1702
1737429591501 0.8559467196464539 1703
1737429591822 0.9033129811286926 1704
1737429592141 0.9003703594207764 1705
1737429592459 0.9317460060119629 1706
1737429592778 0.9142449498176575 1707
1737429593097 0.8832399845123291 1708
1737429593415 0.8216931223869324 1709
1737429593734 0.9138057827949524 1710
1737429594053 0.916578471660614 1711
1737429594371 0.9038348197937012 1712
1737429594689 0.8332865834236145 1713
1737429595010 0.8579328060150146 1714
1737429595326 0.8780112266540527 1715
1737429595645 0.8829574584960938 1716
1737429595964 0.893143355846405 1717
1737429596282 0.9079639315605164 1718
1737429596598 0.868945837020874 1719
1737429596919 0.8812957406044006 1720
1737429597239 0.9436244964599609 1721
1737429597556 0.883705198764801 1722
1737429597872 0.8878759741783142 1723
1737429598078 0.9259259104728699 1724
1737429614278 0.8873562812805176 1725
1737429614595 0.9036545753479004 1726
1737429614912 0.8663449287414551 1727
1737429615228 0.8233709335327148 1728
1737429615545 0.8402149677276611 1729
1737429615865 0.8799489140510559 1730
1737429616182 0.9277146458625793 1731
1737429616499 0.9592261910438538 1732
1737429616816 0.8770401477813721 1733
1737429617134 0.8824405074119568 1734
1737429617450 0.9025447964668274 1735
1737429617768 0.9316536784172058 1736
1737429618087 0.8416706919670105 1737
1737429618404 0.9346530437469482 1738
1737429618720 0.8999641537666321 1739
1737429619039 0.9178842902183533 1740
1737429619357 0.9307151436805725 1741
1737429619672 0.8948968052864075 1742
1737429619990 0.929894208908081 1743
1737429620308 0.9114181399345398 1744
1737429620630 0.9018518328666687 1745
1737429620946 0.9259049892425537 1746
1737429621263 0.8706186413764954 1747
1737429621580 0.8890652656555176 1748
1737429621896 0.9190475940704346 1749
1737429622213 0.8970041275024414 1750
1737429622533 0.8680250644683838 1751
1737429622851 0.8429476618766785 1752
1737429623168 0.9202515482902527 1753
1737429623486 0.957379162311554 1754
1737429623803 0.8714225888252258 1755
1737429624121 0.890845000743866 1756
1737429624439 0.8397436141967773 1757
1737429624758 0.9132616519927979 1758
1737429625076 0.8610482811927795 1759
1737429625391 0.907797634601593 1760
1737429625709 0.8559093475341797 1761
1737429626028 0.9219576716423035 1762
1737429626347 0.9092233777046204 1763
1737429626664 0.8394184708595276 1764
1737429626985 0.8671335577964783 1765
1737429627303 0.8719752430915833 1766
1737429627624 0.8395833373069763 1767
1737429627942 0.8203379511833191 1768
1737429628260 0.851651668548584 1769
1737429628578 0.8336707949638367 1770
1737429628894 0.8752381801605225 1771
1737429629212 0.9027767777442932 1772
1737429629532 0.8809523582458496 1773
1737429629850 0.8706929087638855 1774
1737429630168 0.8923632502555847 1775
1737429630485 0.9094017148017883 1776
1737429630804 0.9030952453613281 1777
1737429631124 0.9248693585395813 1778
1737429631443 0.893145740032196 1779
1737429631765 0.8548265099525452 1780
1737429632082 0.9038737416267395 1781
1737429632400 0.9520917534828186 1782
1737429632718 0.893548309803009 1783
1737429633035 0.8610405325889587 1784
1737429633354 0.8884360790252686 1785
1737429633671 0.9462962746620178 1786
1737429633991 0.8943001627922058 1787
1737429634308 0.8998236656188965 1788
1737429634627 0.8564814925193787 1789
1737429634944 0.898141622543335 1790
1737429635262 0.8891223073005676 1791
1737429635581 0.9099342823028564 1792
1737429635901 0.9512061476707458 1793
1737429636218 0.8928267359733582 1794
1737429636534 0.8693051338195801 1795
1737429636851 0.8744344115257263 1796
1737429637171 0.8878841400146484 1797
1737429637488 0.891779899597168 1798
1737429637806 0.8902462124824524 1799
1737429638124 0.9603174328804016 1800
1737429638442 0.951226532459259 1801
1737429638762 0.8647310137748718 1802
1737429639081 0.9109347462654114 1803
1737429639398 0.9201220870018005 1804
1737429639716 0.8826889991760254 1805
1737429640035 0.9144213795661926 1806
1737429640354 0.9345872402191162 1807
1737429640672 0.8515151143074036 1808
1737429640989 0.9264264106750488 1809
1737429641306 0.9113445281982422 1810
1737429641626 0.9021644592285156 1811
1737429641943 0.8794270157814026 1812
1737429642263 0.8787878155708313 1813
1737429642581 0.8946296572685242 1814
1737429642900 0.9008767008781433 1815
1737429643220 0.8856304287910461 1816
1737429643544 0.8130343556404114 1817
1737429643867 0.8295509815216064 1818
1737429644184 0.8922514915466309 1819
1737429644501 0.8882954716682434 1820
1737429644820 0.8730001449584961 1821
1737429645139 0.8912972807884216 1822
1737429645457 0.9111111164093018 1823
1737429645775 0.9122102856636047 1824
1737429646092 0.9323442578315735 1825
1737429646410 0.903225839138031 1826
1737429646726 0.9292352795600891 1827
1737429647045 0.8607166409492493 1828
1737429647363 0.9047836661338806 1829
1737429647678 0.9461670517921448 1830
1737429648005 0.909243643283844 1831
1737429648322 0.9153035283088684 1832
1737429648641 0.8896176815032959 1833
1737429648958 0.9351932406425476 1834
1737429649276 0.882984459400177 1835
1737429649594 0.8831095099449158 1836
1737429649911 0.9005725383758545 1837
1737429650232 0.9562724232673645 1838
1737429650549 0.8652556538581848 1839
1737429650866 0.8513197898864746 1840
1737429651183 0.966809093952179 1841
1737429651503 0.9545979499816895 1842
1737429651828 0.9235410094261169 1843
1737429652148 0.8763120770454407 1844
1737429652466 0.946284294128418 1845
1737429652783 0.9279918670654297 1846
1737429653103 0.9079639315605164 1847
1737429653419 0.8801587224006653 1848
1737429653737 0.9161381721496582 1849
1737429654057 0.9384479522705078 1850
1737429654376 0.8954598307609558 1851
1737429654694 0.9245921969413757 1852
1737429655013 0.8784562945365906 1853
1737429655332 0.9005725383758545 1854
1737429655651 0.9235517382621765 1855
1737429655972 0.9554064869880676 1856
1737429656288 0.9266573786735535 1857
1737429656605 0.9511784911155701 1858
1737429656922 0.8989418148994446 1859
1737429657241 0.8536796569824219 1860
1737429657560 0.9436782002449036 1861
1737429657878 0.9235840439796448 1862
1737429658199 0.8911816477775574 1863
1737429658516 0.8915925025939941 1864
1737429658835 0.901098906993866 1865
1737429659153 0.9118266105651855 1866
1737429659472 0.9098572134971619 1867
1737429659789 0.9076516628265381 1868
1737429660106 0.9202792048454285 1869
1737429660423 0.9034721851348877 1870
1737429660741 0.9339549541473389 1871
1737429661061 0.9395481944084167 1872
1737429661379 0.9466165900230408 1873
1737429661697 0.9045454859733582 1874
1737429662015 0.8969772458076477 1875
1737429662333 0.9309012293815613 1876
1737429662651 0.931816041469574 1877
1737429662969 0.9121692776679993 1878
1737429663287 0.9261791110038757 1879
1737429663606 0.9535472989082336 1880
1737429663925 0.9321839213371277 1881
1737429664243 0.8738390803337097 1882
1737429664560 0.9131944179534912 1883
1737429664879 0.8707143664360046 1884
1737429665199 0.9230930209159851 1885
1737429665517 0.9539411067962646 1886
1737429665834 0.9358376860618591 1887
1737429666152 0.926349937915802 1888
1737429666469 0.8915644288063049 1889
1737429666786 0.9347670078277588 1890
1737429667104 0.9191176295280457 1891
1737429667422 0.9035583138465881 1892
1737429667742 0.9258636832237244 1893
1737429668061 0.9259845614433289 1894
1737429668381 0.8905308842658997 1895
1737429668698 0.9351441860198975 1896
1737429669017 0.8819535374641418 1897
1737429669334 0.9174602627754211 1898
1737429669651 0.8527327179908752 1899
1737429669972 0.9497548937797546 1900
1737429670289 0.8953752517700195 1901
1737429670606 0.878866970539093 1902
1737429670925 0.8783068656921387 1903
1737429671245 0.901785671710968 1904
1737429671564 0.9563853144645691 1905
1737429671882 0.9139785170555115 1906
1737429672200 0.9347670078277588 1907
1737429672519 0.8802266716957092 1908
1737429672838 0.9463450312614441 1909
1737429673152 0.9443051218986511 1910
1737429673471 0.9362637400627136 1911
1737429673791 0.8962321281433105 1912
1737429674110 0.9092121720314026 1913
1737429674426 0.8858025074005127 1914
1737429674745 0.9360119700431824 1915
1737429675065 0.9577295184135437 1916
1737429675383 0.9038283228874207 1917
1737429675700 0.9399999976158142 1918
1737429676019 0.8947307467460632 1919
1737429676338 0.9454255104064941 1920
1737429676657 0.9595959782600403 1921
1737429676975 0.8903865814208984 1922
1737429677293 0.9181817173957825 1923
1737429677610 0.9222874045372009 1924
1737429677929 0.9341543316841125 1925
1737429678248 0.9124258160591125 1926
1737429678566 0.9192406535148621 1927
1737429678883 0.9136905074119568 1928
1737429679200 0.9599342942237854 1929
1737429679518 0.9409754872322083 1930
1737429679836 0.9023763537406921 1931
1737429680153 0.9304973483085632 1932
1737429680473 0.8997965455055237 1933
1737429680790 0.9323442578315735 1934
1737429681109 0.8895899653434753 1935
1737429681427 0.8907364010810852 1936
1737429681745 0.9131363034248352 1937
1737429682064 0.9348316192626953 1938
1737429682383 0.9160003066062927 1939
1737429682703 0.9346728324890137 1940
1737429683021 0.9273562431335449 1941
1737429683337 0.9650793671607971 1942
1737429683656 0.9034562110900879 1943
1737429683974 0.957379162311554 1944
1737429684291 0.9311110973358154 1945
1737429684609 0.9142857193946838 1946
1737429684928 0.8985385298728943 1947
1737429685247 0.9545979499816895 1948
1737429685564 0.9408617615699768 1949
1737429685883 0.9212749600410461 1950
1737429686203 0.9776576161384583 1951
1737429686520 0.8931730389595032 1952
1737429686836 0.9466428160667419 1953
1737429687154 0.9370629787445068 1954
1737429687476 0.8773087859153748 1955
1737429687795 0.8605790138244629 1956
1737429688112 0.9341413974761963 1957
1737429688432 0.977011501789093 1958
1737429688751 0.9105952382087708 1959
1737429689069 0.9690656661987305 1960
1737429689388 0.9253968596458435 1961
1737429689710 0.9606272578239441 1962
1737429690031 0.9112787246704102 1963
1737429690350 0.8984065055847168 1964
1737429690669 0.9105886816978455 1965
1737429690987 0.9076118469238281 1966
1737429691305 0.905119001865387 1967
1737429691622 0.8946912884712219 1968
1737429691942 0.9341543316841125 1969
1737429692258 0.9018619060516357 1970
1737429692576 0.8951447010040283 1971
1737429692894 0.9345648884773254 1972
1737429693213 0.9548112750053406 1973
1737429693532 0.8743209838867188 1974
1737429693851 0.9220151901245117 1975
1737429694171 0.941325843334198 1976
1737429694488 0.9211344122886658 1977
1737429694808 0.8844783902168274 1978
1737429695124 0.9342041015625 1979
1737429695444 0.9249083995819092 1980
1737429695762 0.9152571558952332 1981
1737429696079 0.9316611289978027 1982
1737429696400 0.9716930985450745 1983
1737429696718 0.9474255442619324 1984
1737429697037 0.9357503056526184 1985
1737429697354 0.9211008548736572 1986
1737429697673 0.9440620541572571 1987
1737429697991 0.9773946404457092 1988
1737429698308 0.9533929228782654 1989
1737429698624 0.9555556178092957 1990
1737429698944 0.901785671710968 1991
1737429699262 0.9353448748588562 1992
1737429699580 0.9510233998298645 1993
1737429699900 0.9564043879508972 1994
1737429700219 0.9022250175476074 1995
1737429700538 0.9097363352775574 1996
1737429700857 0.9019010663032532 1997
1737429701174 0.9357142448425293 1998
1737429701493 0.8538740277290344 1999
1737429701812 0.9235410094261169 2000
1737429702129 0.9335772395133972 2001
1737429702448 0.9603508114814758 2002
1737429702767 0.9809524416923523 2003
1737429703088 0.9212095737457275 2004
1737429703404 0.9548611044883728 2005
1737429703723 0.937283992767334 2006
1737429704041 0.9494950175285339 2007
1737429704358 0.957192599773407 2008
1737429704676 0.9417417645454407 2009
1737429704996 0.884608805179596 2010
1737429705317 0.9799880385398865 2011
1737429705635 0.9115987420082092 2012
1737429705954 0.9359877109527588 2013
1737429706273 0.9318181872367859 2014
1737429706593 0.9462366104125977 2015
1737429706912 0.9400594830513 2016
1737429707231 0.966821014881134 2017
1737429707549 0.9594771265983582 2018
1737429707868 0.9561403393745422 2019
1737429708186 0.9607513546943665 2020
1737429708505 0.9198185801506042 2021
1737429708823 0.8915925025939941 2022
1737429709141 0.9658119678497314 2023
1737429709458 0.9033579230308533 2024
1737429709776 0.8732439875602722 2025
1737429710096 0.919865071773529 2026
1737429710413 0.9547910094261169 2027
1737429710732 0.9246112704277039 2028
1737429711050 0.921072781085968 2029
1737429711370 0.9234426617622375 2030
1737429711694 0.9444444179534912 2031
1737429712014 0.9666547179222107 2032
1737429712332 0.911206066608429 2033
1737429712651 0.9147147536277771 2034
