1737429032738 0.15 1
1737429033054 0.05405405405405406 2
1737429033370 0.2608695652173913 3
1737429033685 0.14285714285714285 4
1737429034001 0.3673469387755102 5
1737429034324 0.3333333333333333 6
1737429034646 0.47761194029850745 7
1737429034960 0.5813953488372093 8
1737429035282 0.6451612903225806 9
1737429035597 0.4444444444444444 10
1737429035914 0.5961538461538461 11
1737429036231 0.5714285714285714 12
1737429036546 0.5833333333333334 13
1737429036863 0.5689655172413793 14
1737429037178 0.5765765765765766 15
1737429037493 0.4 16
1737429037809 0.46464646464646464 17
1737429038127 0.5471698113207547 18
1737429038443 0.5656565656565656 19
1737429038766 0.5981308411214953 20
1737429039080 0.54 21
1737429039396 0.6206896551724138 22
1737429039716 0.6666666666666666 23
1737429040033 0.6987951807228916 24
1737429040440 0.5714285714285714 25
1737429040803 0.5783132530120482 26
1737429041185 0.6 27
1737429041536 0.6590909090909091 28
1737429041885 0.6534653465346535 29
1737429042212 0.5633802816901409 30
1737429042532 0.6506024096385542 31
1737429042849 0.6153846153846154 32
1737429043165 0.5925925925925926 33
1737429043481 0.55 34
1737429043797 0.6575342465753424 35
1737429044112 0.6666666666666666 36
1737429044427 0.647887323943662 37
1737429044742 0.75 38
1737429045060 0.6296296296296297 39
1737429045375 0.7272727272727273 40
1737429045690 0.7671232876712328 41
1737429046011 0.7222222222222222 42
1737429046332 0.6666666666666666 43
1737429046646 0.7415730337078652 44
1737429046959 0.8674698795180723 45
1737429047274 0.717948717948718 46
1737429047593 0.6666666666666666 47
1737429047912 0.8536585365853658 48
1737429048227 0.7088607594936709 49
1737429048542 0.782608695652174 50
1737429048858 0.7887323943661971 51
1737429049176 0.7777777777777778 52
1737429049492 0.6865671641791045 53
1737429049808 0.7246376811594203 54
1737429050125 0.7605633802816901 55
1737429050440 0.6486486486486487 56
1737429050755 0.7837837837837838 57
1737429051072 0.7323943661971831 58
1737429051387 0.6538461538461539 59
1737429051708 0.8108108108108109 60
1737429052024 0.8888888888888888 61
1737429052341 0.810126582278481 62
1737429052658 0.7666666666666667 63
1737429052974 0.9142857142857143 64
1737429053291 0.7111111111111111 65
1737429053609 0.7384615384615385 66
1737429053924 0.8055555555555556 67
1737429054238 0.6896551724137931 68
1737429054556 0.847457627118644 69
1737429054870 0.7848101265822784 70
1737429055185 0.75 71
1737429055499 0.6976744186046512 72
1737429055816 0.7428571428571429 73
1737429056132 0.7666666666666667 74
1737429056450 0.8095238095238095 75
1737429056766 0.7887323943661971 76
1737429057085 0.7719298245614035 77
1737429057401 0.7692307692307693 78
1737429057719 0.7647058823529411 79
1737429058047 0.7636363636363637 80
1737429058379 0.7575757575757576 81
1737429058695 0.7142857142857143 82
1737429059013 0.7142857142857143 83
1737429059332 0.5384615384615384 84
1737429059648 0.8 85
1737429059964 0.7586206896551724 86
1737429060281 0.8354430379746836 87
1737429060599 0.746268656716418 88
1737429060915 0.6984126984126984 89
1737429061235 0.868421052631579 90
1737429061552 0.7777777777777778 91
1737429061869 0.7796610169491526 92
1737429062186 0.7333333333333333 93
1737429062504 0.7636363636363637 94
1737429062823 0.7666666666666667 95
1737429063140 0.7540983606557377 96
1737429063457 0.7878787878787878 97
1737429063773 0.7419354838709677 98
1737429064090 0.7457627118644068 99
1737429064407 0.7692307692307693 100
1737429064723 0.782608695652174 101
1737429065041 0.8405797101449275 102
1737429065357 0.8493150684931506 103
1737429065675 0.7419354838709677 104
1737429065991 0.8 105
1737429066309 0.835820895522388 106
1737429066624 0.7692307692307693 107
1737429066941 0.7906976744186046 108
1737429067259 0.8307692307692308 109
1737429067579 0.7096774193548387 110
1737429067896 0.8985507246376812 111
1737429068214 0.7619047619047619 112
1737429068531 0.8148148148148148 113
1737429068847 0.847457627118644 114
1737429069164 0.8064516129032258 115
1737429069479 0.8181818181818182 116
1737429069796 0.868421052631579 117
1737429070114 0.78125 118
1737429070431 0.7619047619047619 119
1737429070749 0.8732394366197183 120
1737429071067 0.6923076923076923 121
1737429071384 0.7796610169491526 122
1737429071703 0.7719298245614035 123
1737429072019 0.5405405405405406 124
1737429072337 0.7878787878787878 125
1737429072653 0.7924528301886793 126
1737429072969 0.72 127
1737429073286 0.7037037037037037 128
1737429073604 0.7457627118644068 129
1737429073921 0.7450980392156863 130
1737429074239 0.8888888888888888 131
1737429074553 0.8421052631578947 132
1737429074872 0.8235294117647058 133
1737429075190 0.7692307692307693 134
1737429075509 0.8311688311688312 135
1737429075825 0.7733333333333333 136
1737429076142 0.88 137
1737429076457 0.8181818181818182 138
1737429076775 0.8732394366197183 139
1737429077093 0.8813559322033898 140
1737429077408 0.7647058823529411 141
1737429077725 0.8571428571428571 142
1737429078043 0.8 143
1737429078359 0.7878787878787878 144
1737429078675 0.8285714285714286 145
1737429078992 0.875 146
1737429079308 0.8266666666666667 147
1737429079628 0.7666666666666667 148
1737429079945 0.8055555555555556 149
1737429080262 0.8620689655172413 150
1737429080580 0.7857142857142857 151
1737429080898 0.8529411764705882 152
1737429081215 0.7636363636363637 153
1737429081534 0.8450704225352113 154
1737429081850 0.8852459016393442 155
1737429082167 0.8169014084507042 156
1737429082486 0.8493150684931506 157
1737429082802 0.75 158
1737429083119 0.8615384615384616 159
1737429083439 0.7636363636363637 160
1737429083757 0.75 161
1737429084074 0.8 162
1737429084390 0.819672131147541 163
1737429084707 0.8627450980392157 164
1737429085024 0.78125 165
1737429085343 0.847457627118644 166
1737429085658 0.8 167
1737429085972 0.72 168
1737429086290 0.8076923076923077 169
1737429086609 0.7924528301886793 170
1737429086925 0.7857142857142857 171
1737429087241 0.8695652173913043 172
1737429087558 0.7346938775510204 173
1737429087876 0.8 174
1737429088192 0.6818181818181818 175
1737429088509 0.78125 176
1737429088827 0.8378378378378378 177
1737429089148 0.6885245901639344 178
1737429089467 0.8059701492537313 179
1737429089784 0.8 180
1737429090101 0.8311688311688312 181
1737429090418 0.8787878787878788 182
1737429090735 0.7536231884057971 183
1737429091052 0.7916666666666666 184
1737429091368 0.8450704225352113 185
1737429091684 0.875 186
1737429092003 0.7887323943661971 187
1737429092321 0.7761194029850746 188
1737429092639 0.8108108108108109 189
1737429092956 0.7586206896551724 190
1737429093274 0.8529411764705882 191
1737429093593 0.8705882352941177 192
1737429093909 0.6984126984126984 193
1737429094226 0.8620689655172413 194
1737429094543 0.819672131147541 195
1737429094861 0.8771929824561403 196
1737429095177 0.7666666666666667 197
1737429095494 0.7307692307692307 198
1737429095813 0.8064516129032258 199
1737429096133 0.8674698795180723 200
1737429096453 0.7868852459016393 201
1737429096768 0.6285714285714286 202
1737429097085 0.7560975609756098 203
1737429097402 0.7671232876712328 204
1737429097721 0.8051948051948052 205
1737429098037 0.8611111111111112 206
1737429098352 0.8135593220338984 207
1737429098671 0.8125 208
1737429098988 0.8620689655172413 209
1737429099306 0.9032258064516129 210
1737429099621 0.7391304347826086 211
1737429099938 0.7567567567567568 212
1737429100257 0.7777777777777778 213
1737429100577 0.88 214
1737429100893 0.8307692307692308 215
1737429101211 0.8450704225352113 216
1737429101528 0.7719298245614035 217
1737429101844 0.7450980392156863 218
1737429102161 0.8395061728395061 219
1737429102477 0.8108108108108109 220
1737429102796 0.9565217391304348 221
1737429103113 0.7692307692307693 222
1737429103432 0.8888888888888888 223
1737429103749 0.9210526315789473 224
1737429104066 0.8571428571428571 225
1737429104383 0.8070175438596491 226
1737429104699 0.8918918918918919 227
1737429105018 0.8666666666666667 228
1737429105335 0.7636363636363637 229
1737429105653 0.7605633802816901 230
1737429105970 0.7777777777777778 231
1737429106288 0.847457627118644 232
1737429106603 0.7450980392156863 233
1737429106919 0.84375 234
1737429107239 0.8615384615384616 235
1737429107558 0.8571428571428571 236
1737429107877 0.9361702127659575 237
1737429108194 0.7857142857142857 238
1737429108512 0.8115942028985508 239
1737429108829 0.8115942028985508 240
1737429109145 0.8656716417910447 241
1737429109462 0.8529411764705882 242
1737429109783 0.9090909090909091 243
1737429110099 0.875 244
1737429110417 0.8214285714285714 245
1737429110733 0.723404255319149 246
1737429111052 0.847457627118644 247
1737429111373 0.84 248
1737429111695 0.8571428571428571 249
1737429112015 0.7857142857142857 250
1737429112331 0.7719298245614035 251
1737429112649 0.7936507936507936 252
1737429112965 0.7777777777777778 253
1737429113285 0.8307692307692308 254
1737429113601 0.8421052631578947 255
1737429113921 0.8214285714285714 256
1737429114239 0.8 257
1737429114557 0.8064516129032258 258
1737429114875 0.8857142857142857 259
1737429115193 0.8157894736842105 260
1737429115511 0.896551724137931 261
1737429115830 0.8333333333333334 262
1737429116148 0.821917808219178 263
1737429116466 0.835820895522388 264
1737429116783 0.9041095890410958 265
1737429117101 0.9 266
1737429117419 0.8333333333333334 267
1737429117736 0.8169014084507042 268
1737429118053 0.8571428571428571 269
1737429118371 0.8767123287671232 270
1737429118689 0.8666666666666667 271
1737429119005 0.8076923076923077 272
1737429119325 0.8266666666666667 273
1737429119643 0.8253968253968254 274
1737429119961 0.8450704225352113 275
1737429120281 0.7719298245614035 276
1737429120597 0.8125 277
1737429120916 0.875 278
1737429121235 0.8767123287671232 279
1737429121551 0.7272727272727273 280
1737429121868 0.8518518518518519 281
1737429122186 0.896551724137931 282
1737429122502 0.8666666666666667 283
1737429122821 0.7741935483870968 284
1737429123137 0.7636363636363637 285
1737429123455 0.8611111111111112 286
1737429123773 0.92 287
1737429124091 0.8148148148148148 288
1737429124410 0.7843137254901961 289
1737429124726 0.8387096774193549 290
1737429125043 0.8387096774193549 291
1737429125360 0.7307692307692307 292
1737429125678 0.8727272727272727 293
1737429125996 0.9 294
1737429126313 0.8529411764705882 295
1737429126629 0.9113924050632911 296
1737429126947 0.8450704225352113 297
1737429127267 0.8070175438596491 298
1737429127585 0.7857142857142857 299
1737429127902 0.8285714285714286 300
1737429128219 0.8533333333333334 301
1737429128538 0.7450980392156863 302
1737429128857 0.8709677419354839 303
1737429129180 0.9152542372881356 304
1737429129515 0.8055555555555556 305
1737429129839 0.8571428571428571 306
1737429130160 0.8717948717948718 307
1737429130479 0.8823529411764706 308
1737429130796 0.8421052631578947 309
1737429131114 0.78125 310
1737429131431 0.9 311
1737429131748 0.8666666666666667 312
1737429132066 0.8656716417910447 313
1737429132387 0.9 314
1737429132706 0.8529411764705882 315
1737429133020 0.8181818181818182 316
1737429133337 0.9090909090909091 317
1737429133656 0.76 318
1737429133975 0.8823529411764706 319
1737429134292 0.8064516129032258 320
1737429134608 0.8405797101449275 321
1737429134928 0.8571428571428571 322
1737429135247 0.8333333333333334 323
1737429135566 0.8666666666666667 324
1737429135884 0.7916666666666666 325
1737429136200 0.9152542372881356 326
1737429136519 0.7301587301587301 327
1737429136837 0.8421052631578947 328
1737429137156 0.8666666666666667 329
1737429137473 0.8059701492537313 330
1737429137789 0.8 331
1737429138105 0.84375 332
1737429138426 0.85 333
1737429138745 0.7076923076923077 334
1737429139061 0.76 335
1737429139377 0.71875 336
1737429139696 0.8125 337
1737429140018 0.8125 338
1737429140338 0.8378378378378378 339
1737429140658 0.8 340
1737429140977 0.8611111111111112 341
1737429141294 0.8 342
1737429141616 0.8214285714285714 343
1737429141933 0.835820895522388 344
1737429142251 0.8 345
1737429142573 0.8923076923076924 346
1737429142891 0.8771929824561403 347
1737429143207 0.825 348
1737429143525 0.8620689655172413 349
1737429143844 0.8571428571428571 350
1737429144167 0.8 351
1737429144487 0.7058823529411765 352
1737429144806 0.875 353
1737429145124 0.835820895522388 354
1737429145440 0.7164179104477612 355
1737429145755 0.7555555555555555 356
1737429146071 0.8571428571428571 357
1737429146389 0.8709677419354839 358
1737429146706 0.8767123287671232 359
1737429147023 0.8518518518518519 360
1737429147340 0.8363636363636363 361
1737429147660 0.8936170212765957 362
1737429147978 0.9 363
1737429148294 0.8253968253968254 364
1737429148611 0.7916666666666666 365
1737429148928 0.819672131147541 366
1737429149247 0.8253968253968254 367
1737429149565 0.896551724137931 368
1737429149882 0.7037037037037037 369
1737429150198 0.8070175438596491 370
1737429150517 0.7931034482758621 371
1737429150835 0.8405797101449275 372
1737429151152 0.78125 373
1737429151471 0.8333333333333334 374
1737429151788 0.8421052631578947 375
1737429152108 0.8656716417910447 376
1737429152426 0.7936507936507936 377
1737429152745 0.8307692307692308 378
1737429153065 0.8115942028985508 379
1737429153385 0.6779661016949152 380
1737429153702 0.8709677419354839 381
1737429154017 0.8888888888888888 382
1737429154336 0.88 383
1737429154652 0.8615384615384616 384
1737429154972 0.8421052631578947 385
1737429155287 0.835820895522388 386
1737429155608 0.90625 387
1737429155926 0.8135593220338984 388
1737429156245 0.8405797101449275 389
1737429156561 0.819672131147541 390
1737429156880 0.7272727272727273 391
1737429157197 0.8292682926829268 392
1737429157515 0.90625 393
1737429157832 0.7671232876712328 394
1737429158149 0.8235294117647058 395
1737429158467 0.8266666666666667 396
1737429158784 0.7936507936507936 397
1737429159104 0.8405797101449275 398
1737429159420 0.8214285714285714 399
1737429159738 0.7887323943661971 400
1737429160055 0.72 401
1737429160373 0.85 402
1737429160691 0.8955223880597015 403
1737429161009 0.7037037037037037 404
1737429161325 0.8125 405
1737429161647 0.8620689655172413 406
1737429161965 0.7368421052631579 407
1737429162281 0.8333333333333334 408
1737429162599 0.9315068493150684 409
1737429162917 0.8571428571428571 410
1737429163235 0.8059701492537313 411
1737429163553 0.8266666666666667 412
1737429163870 0.85 413
1737429164187 0.88 414
1737429164505 0.8923076923076924 415
1737429164822 0.8787878787878788 416
1737429165142 0.875 417
1737429165462 0.9056603773584906 418
1737429165780 0.7741935483870968 419
1737429166098 0.896551724137931 420
1737429166415 0.8163265306122449 421
1737429166734 0.8115942028985508 422
1737429167052 0.9090909090909091 423
1737429167368 0.7272727272727273 424
1737429167686 0.7619047619047619 425
1737429168005 0.8275862068965517 426
1737429168323 0.8484848484848485 427
1737429168642 0.8846153846153846 428
1737429168960 0.8852459016393442 429
1737429169282 0.9333333333333333 430
1737429169600 0.847457627118644 431
1737429169920 0.8888888888888888 432
1737429170238 0.8076923076923077 433
1737429170556 0.8181818181818182 434
1737429170874 0.9830508474576272 435
1737429171190 0.8705882352941177 436
1737429171510 0.8363636363636363 437
1737429171832 0.8539325842696629 438
1737429172150 0.8333333333333334 439
1737429172469 0.9315068493150684 440
1737429172786 0.896551724137931 441
1737429173106 0.7164179104477612 442
1737429173422 0.8387096774193549 443
1737429173740 0.8666666666666667 444
1737429174059 0.8928571428571429 445
1737429174379 0.78125 446
1737429174697 0.8301886792452831 447
1737429175014 0.8918918918918919 448
1737429175331 0.8444444444444444 449
1737429175651 0.875 450
1737429175967 0.7931034482758621 451
1737429176284 0.75 452
1737429176602 0.8333333333333334 453
1737429176920 0.8533333333333334 454
1737429177238 0.8787878787878788 455
1737429177556 0.8387096774193549 456
1737429177872 0.8732394366197183 457
1737429178190 0.8787878787878788 458
1737429178508 0.868421052631579 459
1737429178826 0.835820895522388 460
1737429179143 0.8636363636363636 461
1737429179460 0.6792452830188679 462
1737429179777 0.8301886792452831 463
1737429180096 0.7931034482758621 464
1737429180414 0.7906976744186046 465
1737429180731 0.782608695652174 466
1737429181049 0.8571428571428571 467
1737429181368 0.8275862068965517 468
1737429181684 0.821917808219178 469
1737429182002 0.8604651162790697 470
1737429182320 0.8214285714285714 471
1737429182641 0.8235294117647058 472
1737429182959 0.8974358974358975 473
1737429183275 0.782608695652174 474
1737429183594 0.8888888888888888 475
1737429183912 0.8732394366197183 476
1737429184230 0.711864406779661 477
1737429184547 0.7391304347826086 478
1737429184865 0.8571428571428571 479
1737429185181 0.8955223880597015 480
1737429185498 0.9122807017543859 481
1737429185815 0.75 482
1737429186135 0.8 483
1737429186455 0.746268656716418 484
1737429186771 0.821917808219178 485
1737429187089 0.8301886792452831 486
1737429187407 0.8461538461538461 487
1737429187726 0.8 488
1737429188044 0.891566265060241 489
1737429188363 0.6956521739130435 490
1737429188679 0.6909090909090909 491
1737429188998 0.8524590163934426 492
1737429189315 0.8571428571428571 493
1737429189632 0.85 494
1737429189949 0.8070175438596491 495
1737429190264 0.8169014084507042 496
1737429190580 0.84 497
1737429190897 0.8695652173913043 498
1737429191215 0.7692307692307693 499
1737429191533 0.8823529411764706 500
1737429191850 0.7368421052631579 501
1737429192168 0.8518518518518519 502
1737429192486 0.7647058823529411 503
1737429192803 0.8484848484848485 504
1737429193121 0.7777777777777778 505
1737429193439 0.8115942028985508 506
1737429193757 0.78125 507
1737429194072 0.78125 508
1737429194390 0.8125 509
1737429194708 0.8253968253968254 510
1737429195025 0.746268656716418 511
1737429195343 0.76 512
1737429195658 0.8115942028985508 513
1737429195975 0.8627450980392157 514
1737429196292 0.8857142857142857 515
1737429196612 0.8076923076923077 516
1737429196928 0.8524590163934426 517
1737429197243 0.8421052631578947 518
1737429197562 0.896551724137931 519
1737429197878 0.819672131147541 520
1737429198195 0.875 521
1737429198513 0.8813559322033898 522
1737429198831 0.8 523
1737429199149 0.7457627118644068 524
1737429199467 0.8333333333333334 525
1737429199786 0.8529411764705882 526
1737429200105 0.9032258064516129 527
1737429200422 0.8378378378378378 528
1737429200742 0.9056603773584906 529
1737429201058 0.7368421052631579 530
1737429201377 0.875 531
1737429201696 0.8571428571428571 532
1737429202016 0.9117647058823529 533
1737429202335 0.8709677419354839 534
1737429202654 0.9428571428571428 535
1737429202972 0.9508196721311475 536
1737429203289 0.9014084507042254 537
1737429203607 0.7924528301886793 538
1737429203923 0.8936170212765957 539
1737429204241 0.835820895522388 540
1737429204558 0.875 541
1737429204876 0.875 542
1737429205193 0.9 543
1737429205511 0.8405797101449275 544
1737429205828 0.8666666666666667 545
1737429206147 0.8266666666666667 546
1737429206464 0.85 547
1737429206780 0.8421052631578947 548
1737429207099 0.8955223880597015 549
1737429207417 0.896551724137931 550
1737429207735 0.8695652173913043 551
1737429208051 0.8709677419354839 552
1737429208366 0.898876404494382 553
1737429208682 0.8169014084507042 554
1737429209001 0.8857142857142857 555
1737429209322 0.9117647058823529 556
1737429209638 0.8571428571428571 557
1737429209955 0.847457627118644 558
1737429210274 0.8484848484848485 559
1737429210590 0.8764044943820225 560
1737429210908 0.782608695652174 561
1737429211226 0.7419354838709677 562
1737429211542 0.7755102040816326 563
1737429211860 0.9315068493150684 564
1737429212178 0.8813559322033898 565
1737429212494 0.8169014084507042 566
1737429212811 0.8695652173913043 567
1737429213130 0.8627450980392157 568
1737429213447 0.8148148148148148 569
1737429213766 0.7586206896551724 570
1737429214083 0.8852459016393442 571
1737429214402 0.8571428571428571 572
1737429214720 0.8064516129032258 573
1737429215039 0.711864406779661 574
1737429215356 0.84375 575
1737429215675 0.90625 576
1737429215995 0.8275862068965517 577
1737429216312 0.8307692307692308 578
1737429216628 0.8615384615384616 579
1737429216945 0.8275862068965517 580
1737429217264 0.9142857142857143 581
1737429217581 0.9014084507042254 582
1737429217900 0.8787878787878788 583
1737429218217 0.875 584
1737429218534 0.8 585
1737429218855 0.8695652173913043 586
1737429219174 0.9066666666666666 587
1737429219491 0.875 588
1737429219809 0.8235294117647058 589
1737429220127 0.8307692307692308 590
1737429220444 0.7567567567567568 591
1737429220762 0.8070175438596491 592
1737429221079 0.8235294117647058 593
1737429221397 0.8923076923076924 594
1737429221714 0.875 595
1737429222031 0.8823529411764706 596
1737429222348 0.8135593220338984 597
1737429222668 0.8524590163934426 598
1737429222989 0.8253968253968254 599
1737429223305 0.8059701492537313 600
1737429223623 0.8307692307692308 601
1737429223941 0.76 602
1737429224260 0.8333333333333334 603
1737429224578 0.8695652173913043 604
1737429224899 0.8148148148148148 605
1737429225215 0.9014084507042254 606
1737429225534 0.8301886792452831 607
1737429225852 0.8076923076923077 608
1737429226171 0.7931034482758621 609
1737429226490 0.8611111111111112 610
1737429226808 0.90625 611
1737429227125 0.782608695652174 612
1737429227442 0.8666666666666667 613
1737429227760 0.875 614
1737429228077 0.8615384615384616 615
1737429228397 0.7419354838709677 616
1737429228714 0.7619047619047619 617
1737429229031 0.7941176470588235 618
1737429229350 0.90625 619
1737429229671 0.7636363636363637 620
1737429229989 0.8727272727272727 621
1737429230304 0.6666666666666666 622
1737429230621 0.7931034482758621 623
1737429230940 0.782608695652174 624
1737429231257 0.9117647058823529 625
1737429231582 0.8135593220338984 626
1737429231901 0.7804878048780488 627
1737429232216 0.9152542372881356 628
1737429232534 0.6666666666666666 629
1737429232853 0.8387096774193549 630
1737429233170 0.875 631
1737429233488 0.84 632
1737429233804 0.9090909090909091 633
1737429234121 0.84375 634
1737429234441 0.9056603773584906 635
1737429234757 0.8135593220338984 636
1737429235074 0.967741935483871 637
1737429235392 0.8620689655172413 638
1737429235708 0.8292682926829268 639
1737429236027 0.9523809523809523 640
1737429236347 0.7931034482758621 641
1737429236667 0.8852459016393442 642
1737429236986 0.8484848484848485 643
1737429237303 0.847457627118644 644
1737429237622 0.9069767441860465 645
1737429237939 0.8387096774193549 646
1737429238259 0.8163265306122449 647
1737429238577 0.84375 648
1737429238895 0.8709677419354839 649
1737429239214 0.85 650
1737429239529 0.8571428571428571 651
1737429239846 0.9130434782608695 652
1737429240164 0.8333333333333334 653
1737429240483 0.9122807017543859 654
1737429240801 0.8666666666666667 655
1737429241120 0.8 656
1737429241437 0.8157894736842105 657
1737429241755 0.7619047619047619 658
1737429242073 0.847457627118644 659
1737429242391 0.75 660
1737429242708 0.8 661
1737429243026 0.7636363636363637 662
1737429243343 0.8135593220338984 663
1737429243661 0.8085106382978723 664
1737429243981 0.8627450980392157 665
1737429244298 0.8941176470588236 666
1737429244613 0.9142857142857143 667
1737429244932 0.8571428571428571 668
1737429245248 0.9014084507042254 669
1737429245567 0.8181818181818182 670
1737429245885 0.8656716417910447 671
1737429246201 0.7419354838709677 672
1737429246521 0.8974358974358975 673
1737429246840 0.8666666666666667 674
1737429247156 0.75 675
1737429247472 0.9285714285714286 676
1737429247790 0.8823529411764706 677
1737429248110 0.9180327868852459 678
1737429248431 0.7755102040816326 679
1737429248748 0.9090909090909091 680
1737429249065 0.8059701492537313 681
1737429249384 0.8405797101449275 682
1737429249701 0.8484848484848485 683
1737429250017 0.9090909090909091 684
1737429250335 0.7857142857142857 685
1737429250654 0.819672131147541 686
1737429250972 0.8533333333333334 687
1737429251292 0.8450704225352113 688
1737429251610 0.7692307692307693 689
1737429251929 0.8070175438596491 690
1737429252244 0.8846153846153846 691
1737429252562 0.88 692
1737429252881 0.8571428571428571 693
1737429253196 0.8275862068965517 694
1737429253512 0.6938775510204082 695
1737429253833 0.8888888888888888 696
1737429254151 0.8301886792452831 697
1737429254470 0.78125 698
1737429254786 0.8064516129032258 699
1737429255104 0.8529411764705882 700
1737429255424 0.8615384615384616 701
1737429255741 0.7547169811320755 702
1737429256060 0.8888888888888888 703
1737429256381 0.9180327868852459 704
1737429256697 0.8611111111111112 705
1737429257018 0.8656716417910447 706
1737429257333 0.8615384615384616 707
1737429257650 0.8493150684931506 708
1737429257968 0.78125 709
1737429258286 0.9206349206349206 710
1737429258602 0.8524590163934426 711
1737429258920 0.847457627118644 712
1737429259238 0.819672131147541 713
1737429259559 0.8 714
1737429259876 0.8852459016393442 715
1737429260195 0.9259259259259259 716
1737429260514 0.8125 717
1737429260832 0.8627450980392157 718
1737429261151 0.8214285714285714 719
1737429261469 0.8571428571428571 720
1737429261786 0.8214285714285714 721
1737429262104 0.8979591836734694 722
1737429262422 0.8 723
1737429262739 0.7924528301886793 724
1737429263066 0.7419354838709677 725
1737429263393 0.9090909090909091 726
1737429263711 0.85 727
1737429264028 0.9206349206349206 728
1737429264347 0.8648648648648649 729
1737429264665 0.8852459016393442 730
1737429264984 0.8518518518518519 731
1737429265302 0.8484848484848485 732
1737429265619 0.9014084507042254 733
1737429265935 0.7272727272727273 734
1737429266253 0.8076923076923077 735
1737429266571 0.8615384615384616 736
1737429266888 0.8985507246376812 737
1737429267208 0.8 738
1737429267525 0.8571428571428571 739
1737429267843 0.8974358974358975 740
1737429268159 0.8235294117647058 741
1737429268477 0.8518518518518519 742
1737429268794 0.8333333333333334 743
1737429269114 0.7931034482758621 744
1737429269431 0.8275862068965517 745
1737429269752 0.8695652173913043 746
1737429270069 0.9014084507042254 747
1737429270388 0.7727272727272727 748
1737429270707 0.8524590163934426 749
1737429271023 0.8615384615384616 750
1737429271342 0.9090909090909091 751
1737429271660 0.8253968253968254 752
1737429271978 0.8923076923076924 753
1737429272296 0.8709677419354839 754
1737429272614 0.8235294117647058 755
1737429272932 0.7924528301886793 756
1737429273252 0.8333333333333334 757
1737429273570 0.8813559322033898 758
1737429273887 0.8636363636363636 759
1737429274206 0.9459459459459459 760
1737429274525 0.7659574468085106 761
1737429274842 0.8947368421052632 762
1737429275161 0.8787878787878788 763
1737429275479 0.8529411764705882 764
1737429275802 0.9333333333333333 765
1737429276120 0.8450704225352113 766
1737429276439 0.8 767
1737429276756 0.8387096774193549 768
1737429277077 0.9180327868852459 769
1737429277395 0.8571428571428571 770
1737429277714 0.7916666666666666 771
1737429278033 0.8260869565217391 772
1737429278351 0.8679245283018868 773
1737429278669 0.8253968253968254 774
1737429278987 0.8709677419354839 775
1737429279306 0.8666666666666667 776
1737429279623 0.9014084507042254 777
1737429279943 0.8135593220338984 778
1737429280259 0.9 779
1737429280578 0.8 780
1737429280895 0.8387096774193549 781
1737429281213 0.8421052631578947 782
1737429281531 0.88 783
1737429281851 0.8732394366197183 784
1737429282168 0.9180327868852459 785
1737429282485 0.9090909090909091 786
1737429282803 0.6792452830188679 787
1737429283124 0.967741935483871 788
1737429283441 0.7924528301886793 789
1737429283758 0.847457627118644 790
1737429284078 0.8148148148148148 791
1737429284395 0.9152542372881356 792
1737429284711 0.8636363636363636 793
1737429285027 0.835820895522388 794
1737429285345 0.9152542372881356 795
1737429285663 0.8947368421052632 796
1737429285982 0.8333333333333334 797
1737429286297 0.8301886792452831 798
1737429286616 0.8524590163934426 799
1737429286933 0.8148148148148148 800
1737429287259 0.868421052631579 801
1737429287577 0.8771929824561403 802
1737429287895 0.9014084507042254 803
1737429288213 0.8857142857142857 804
1737429288532 0.9032258064516129 805
1737429288850 0.9285714285714286 806
1737429289166 0.7878787878787878 807
1737429289485 0.8387096774193549 808
1737429289804 0.9206349206349206 809
1737429290121 0.8888888888888888 810
1737429290439 0.8253968253968254 811
1737429290756 0.8767123287671232 812
1737429291074 0.8767123287671232 813
1737429291394 0.6909090909090909 814
1737429291723 0.8 815
1737429292042 0.8148148148148148 816
1737429292366 0.8275862068965517 817
1737429292685 0.835820895522388 818
1737429293004 0.8888888888888888 819
1737429293322 0.8823529411764706 820
1737429293639 0.9066666666666666 821
1737429293962 0.8620689655172413 822
1737429294280 0.76 823
1737429294600 0.8135593220338984 824
1737429294917 0.9130434782608695 825
1737429295236 0.8125 826
1737429295555 0.8307692307692308 827
1737429295871 0.8888888888888888 828
1737429296188 0.8214285714285714 829
1737429296506 0.8214285714285714 830
1737429296825 0.8936170212765957 831
1737429297144 0.7924528301886793 832
1737429297464 0.8235294117647058 833
1737429297781 0.7466666666666667 834
1737429298099 0.9090909090909091 835
1737429298416 0.9459459459459459 836
1737429298737 0.8709677419354839 837
1737429299054 0.967741935483871 838
1737429299371 0.8253968253968254 839
1737429299688 0.8461538461538461 840
1737429300010 0.7857142857142857 841
1737429300329 0.8620689655172413 842
1737429300646 0.9393939393939394 843
1737429300965 0.8518518518518519 844
1737429301283 0.8620689655172413 845
1737429301603 0.8387096774193549 846
1737429301922 0.7407407407407407 847
1737429302239 0.8571428571428571 848
1737429302557 0.8363636363636363 849
1737429302875 0.8125 850
1737429303194 0.7017543859649122 851
1737429303511 0.8163265306122449 852
1737429303828 0.8 853
1737429304145 0.8533333333333334 854
1737429304460 0.78125 855
1737429304777 0.8813559322033898 856
1737429305096 0.8148148148148148 857
1737429305416 0.8709677419354839 858
1737429305736 0.8695652173913043 859
1737429306053 0.8275862068965517 860
1737429306371 0.8064516129032258 861
1737429306586 0.8108108108108109 862
1737429324082 0.9142857142857143 863
1737429324402 0.8620689655172413 864
1737429324718 0.868421052631579 865
1737429325035 0.8378378378378378 866
1737429325352 0.8787878787878788 867
1737429325669 0.847457627118644 868
1737429325987 0.8620689655172413 869
1737429326302 0.9444444444444444 870
1737429326619 0.8767123287671232 871
1737429326936 0.8421052631578947 872
1737429327256 0.8333333333333334 873
1737429327574 0.8666666666666667 874
1737429327892 0.8780487804878049 875
1737429328208 0.9142857142857143 876
1737429328526 0.9166666666666666 877
1737429328841 0.8636363636363636 878
1737429329155 0.9019607843137255 879
1737429329473 0.8461538461538461 880
1737429329790 0.9393939393939394 881
1737429330106 0.8985507246376812 882
1737429330424 0.8253968253968254 883
1737429330742 0.9180327868852459 884
1737429331059 0.8 885
1737429331378 0.8387096774193549 886
1737429331696 0.8620689655172413 887
1737429332013 0.7666666666666667 888
1737429332334 0.8235294117647058 889
1737429332651 0.7945205479452054 890
1737429332968 0.9318181818181818 891
1737429333286 0.9615384615384616 892
1737429333602 0.8450704225352113 893
1737429333921 0.8059701492537313 894
1737429334239 0.8108108108108109 895
1737429334557 0.8813559322033898 896
1737429334877 0.8253968253968254 897
1737429335194 0.875 898
1737429335514 0.7301587301587301 899
1737429335830 0.8181818181818182 900
1737429336146 0.8260869565217391 901
1737429336463 0.7333333333333333 902
1737429336783 0.9230769230769231 903
1737429337101 0.9090909090909091 904
1737429337417 0.8135593220338984 905
1737429337734 0.85 906
1737429338056 0.8450704225352113 907
1737429338373 0.8387096774193549 908
1737429338690 0.7666666666666667 909
1737429339006 0.9444444444444444 910
1737429339323 0.8181818181818182 911
1737429339642 0.8235294117647058 912
1737429339959 0.8615384615384616 913
1737429340276 0.8679245283018868 914
1737429340594 0.84375 915
1737429340912 0.9333333333333333 916
1737429341230 0.8823529411764706 917
1737429341547 0.8070175438596491 918
1737429341864 0.9393939393939394 919
1737429342185 0.8823529411764706 920
1737429342508 0.8571428571428571 921
1737429342825 0.9166666666666666 922
1737429343145 0.9090909090909091 923
1737429343461 0.8974358974358975 924
1737429343779 0.8363636363636363 925
1737429344097 0.8985507246376812 926
1737429344416 0.7636363636363637 927
1737429344731 0.8 928
1737429345051 0.8607594936708861 929
1737429345372 0.8064516129032258 930
1737429345691 0.896551724137931 931
1737429346007 0.9230769230769231 932
1737429346323 0.835820895522388 933
1737429346643 0.84375 934
1737429346960 0.9090909090909091 935
1737429347277 0.8275862068965517 936
1737429347595 0.88 937
1737429347913 0.9117647058823529 938
1737429348232 0.8727272727272727 939
1737429348551 0.8076923076923077 940
1737429348867 0.8656716417910447 941
1737429349187 0.8928571428571429 942
1737429349505 0.7941176470588235 943
1737429349823 0.8627450980392157 944
1737429350140 0.8620689655172413 945
1737429350458 0.7419354838709677 946
1737429350775 0.9444444444444444 947
1737429351097 0.8 948
1737429351430 0.9024390243902439 949
1737429351755 0.8813559322033898 950
1737429352073 0.7857142857142857 951
1737429352392 0.935064935064935 952
1737429352711 0.8181818181818182 953
1737429353029 0.8421052631578947 954
1737429353343 0.8518518518518519 955
1737429353661 0.8235294117647058 956
1737429353978 0.8333333333333334 957
1737429354294 0.9152542372881356 958
1737429354615 0.8823529411764706 959
1737429354933 0.8888888888888888 960
1737429355251 0.847457627118644 961
1737429355567 0.8823529411764706 962
1737429355884 0.8857142857142857 963
1737429356201 0.8823529411764706 964
1737429356521 0.875 965
1737429356840 0.8253968253968254 966
1737429357155 0.8405797101449275 967
1737429357472 0.8923076923076924 968
1737429357791 0.8363636363636363 969
1737429358111 0.8888888888888888 970
1737429358429 0.8857142857142857 971
1737429358747 0.8 972
1737429359063 0.8311688311688312 973
1737429359382 0.7941176470588235 974
1737429359697 0.9333333333333333 975
1737429360018 0.8771929824561403 976
1737429360339 0.8 977
1737429360656 0.7857142857142857 978
1737429360973 0.8787878787878788 979
1737429361291 0.88 980
1737429361608 0.8727272727272727 981
1737429361928 0.835820895522388 982
1737429362244 0.8518518518518519 983
1737429362559 0.9090909090909091 984
1737429362876 0.9310344827586207 985
1737429363193 0.7555555555555555 986
1737429363512 0.8823529411764706 987
1737429363831 0.8709677419354839 988
1737429364151 0.8275862068965517 989
1737429364468 0.8214285714285714 990
1737429364785 0.8 991
1737429365102 0.8461538461538461 992
1737429365420 0.9014084507042254 993
1737429365739 0.9142857142857143 994
1737429366056 0.9180327868852459 995
1737429366374 0.96875 996
1737429366691 0.8974358974358975 997
1737429367009 0.8405797101449275 998
1737429367326 0.9041095890410958 999
1737429367644 0.9253731343283582 1000
1737429367963 0.9166666666666666 1001
1737429368280 0.8852459016393442 1002
1737429368599 0.8695652173913043 1003
1737429368918 0.8656716417910447 1004
1737429369239 0.9166666666666666 1005
1737429369556 0.8695652173913043 1006
1737429369874 0.9041095890410958 1007
1737429370192 0.9523809523809523 1008
1737429370511 0.9393939393939394 1009
1737429370828 0.8070175438596491 1010
1737429371145 0.9444444444444444 1011
1737429371462 0.896551724137931 1012
1737429371782 0.8518518518518519 1013
1737429372098 0.9090909090909091 1014
1737429372415 0.8679245283018868 1015
1737429372732 0.9295774647887324 1016
1737429373049 0.9508196721311475 1017
1737429373402 0.8732394366197183 1018
1737429373722 0.8823529411764706 1019
1737429374039 0.7843137254901961 1020
1737429374359 0.90625 1021
1737429374676 0.76 1022
1737429374995 0.9032258064516129 1023
1737429375311 0.8846153846153846 1024
1737429375631 0.8813559322033898 1025
1737429375947 0.9454545454545454 1026
1737429376266 0.84375 1027
1737429376581 0.9032258064516129 1028
1737429376899 0.9552238805970149 1029
1737429377221 0.8928571428571429 1030
1737429377546 0.9310344827586207 1031
1737429377862 0.9122807017543859 1032
1737429378178 0.8679245283018868 1033
1737429378498 0.9090909090909091 1034
1737429378815 0.7916666666666666 1035
1737429379133 0.8529411764705882 1036
1737429379452 0.7619047619047619 1037
1737429379767 0.8852459016393442 1038
1737429380085 0.8947368421052632 1039
1737429380404 0.8 1040
1737429380723 0.8135593220338984 1041
1737429381041 0.9041095890410958 1042
1737429381361 0.88 1043
1737429381677 0.9375 1044
1737429381997 0.8181818181818182 1045
1737429382314 0.84 1046
1737429382633 0.9315068493150684 1047
1737429382953 0.8888888888888888 1048
1737429383272 0.9090909090909091 1049
1737429383589 0.8571428571428571 1050
1737429383907 0.8732394366197183 1051
1737429384224 0.7924528301886793 1052
1737429384542 0.90625 1053
1737429384860 0.8941176470588236 1054
1737429385176 0.8709677419354839 1055
1737429385494 0.9122807017543859 1056
1737429385813 0.9 1057
1737429386132 0.9491525423728814 1058
1737429386448 0.8955223880597015 1059
1737429386765 0.8727272727272727 1060
1737429387084 0.847457627118644 1061
1737429387403 0.926829268292683 1062
1737429387722 0.847457627118644 1063
1737429388039 0.8615384615384616 1064
1737429388357 0.8888888888888888 1065
1737429388684 0.8135593220338984 1066
1737429389016 0.9411764705882353 1067
1737429389331 0.9565217391304348 1068
1737429389647 0.8484848484848485 1069
1737429389966 0.8529411764705882 1070
1737429390283 0.90625 1071
1737429390600 0.9375 1072
1737429390916 0.875 1073
1737429391242 0.8648648648648649 1074
1737429391559 0.9259259259259259 1075
1737429391877 0.9333333333333333 1076
1737429392194 0.8888888888888888 1077
1737429392513 0.9032258064516129 1078
1737429392833 0.9056603773584906 1079
1737429393150 0.875 1080
1737429393467 0.9285714285714286 1081
1737429393785 0.9041095890410958 1082
1737429394103 0.9253731343283582 1083
1737429394420 0.8285714285714286 1084
1737429394739 0.88 1085
1737429395056 0.9210526315789473 1086
1737429395376 0.9230769230769231 1087
1737429395694 0.8813559322033898 1088
1737429396012 0.9722222222222222 1089
1737429396328 0.8727272727272727 1090
1737429396647 0.8813559322033898 1091
1737429396966 0.8823529411764706 1092
1737429397289 0.88 1093
1737429397608 0.8620689655172413 1094
1737429397926 0.8444444444444444 1095
1737429398243 0.9836065573770492 1096
1737429398560 0.9552238805970149 1097
1737429398879 0.9642857142857143 1098
1737429399196 0.9777777777777777 1099
1737429399511 0.896551724137931 1100
1737429399828 0.8823529411764706 1101
1737429400145 0.8055555555555556 1102
1737429400460 0.8955223880597015 1103
1737429400776 0.8823529411764706 1104
1737429401094 0.9285714285714286 1105
1737429401411 0.9090909090909091 1106
1737429401731 0.9019607843137255 1107
1737429402046 0.8 1108
1737429402363 0.8888888888888888 1109
1737429402681 0.9230769230769231 1110
1737429402999 0.975609756097561 1111
1737429403316 0.8518518518518519 1112
1737429403636 0.8518518518518519 1113
1737429403954 0.9090909090909091 1114
1737429404271 0.927536231884058 1115
1737429404590 0.9152542372881356 1116
1737429404905 0.9090909090909091 1117
1737429405224 0.9285714285714286 1118
1737429405542 0.8679245283018868 1119
1737429405861 0.9375 1120
1737429406178 0.9117647058823529 1121
1737429406496 0.9487179487179487 1122
1737429406811 0.9508196721311475 1123
1737429407131 0.935064935064935 1124
1737429407446 0.9295774647887324 1125
1737429407765 0.9491525423728814 1126
1737429408083 0.8923076923076924 1127
1737429408401 0.925 1128
1737429408718 0.8615384615384616 1129
1737429409040 0.8695652173913043 1130
1737429409370 0.967741935483871 1131
1737429409687 0.8985507246376812 1132
1737429410006 0.8771929824561403 1133
1737429410322 0.8928571428571429 1134
1737429410641 0.9 1135
1737429410959 0.927536231884058 1136
1737429411277 0.9041095890410958 1137
1737429411596 0.8363636363636363 1138
1737429411919 0.8275862068965517 1139
1737429412234 0.9333333333333333 1140
1737429412553 0.9552238805970149 1141
1737429412871 0.8 1142
1737429413188 0.9019607843137255 1143
1737429413505 0.9285714285714286 1144
1737429413824 0.9473684210526315 1145
1737429414141 0.8666666666666667 1146
1737429414459 0.8421052631578947 1147
1737429414777 0.8611111111111112 1148
1737429415094 0.9433962264150944 1149
1737429415412 0.8620689655172413 1150
1737429415737 0.8363636363636363 1151
1737429416055 0.9206349206349206 1152
1737429416374 0.8852459016393442 1153
1737429416693 0.7843137254901961 1154
1737429417009 0.9433962264150944 1155
1737429417327 0.8518518518518519 1156
1737429417645 0.8787878787878788 1157
1737429417965 0.96 1158
1737429418283 0.8985507246376812 1159
1737429418601 0.8727272727272727 1160
1737429418920 0.8727272727272727 1161
1737429419240 0.927536231884058 1162
1737429419558 0.9113924050632911 1163
1737429419875 0.8301886792452831 1164
1737429420196 0.9538461538461539 1165
1737429420526 0.9333333333333333 1166
1737429420855 0.8285714285714286 1167
1737429421174 0.8985507246376812 1168
1737429421490 0.918918918918919 1169
1737429421808 0.9375 1170
1737429422125 0.9473684210526315 1171
1737429422443 0.8529411764705882 1172
1737429422764 0.9032258064516129 1173
1737429423090 0.875 1174
1737429423407 0.9117647058823529 1175
1737429423728 0.9666666666666667 1176
1737429424045 0.8923076923076924 1177
1737429424362 0.8615384615384616 1178
1737429424683 0.9850746268656716 1179
1737429425002 0.782608695652174 1180
1737429425321 0.9411764705882353 1181
1737429425641 0.847457627118644 1182
1737429425960 0.8823529411764706 1183
1737429426279 0.9206349206349206 1184
1737429426596 0.896551724137931 1185
1737429426916 0.9180327868852459 1186
1737429427234 0.8301886792452831 1187
1737429427552 0.9508196721311475 1188
1737429427873 0.8732394366197183 1189
1737429428191 0.8852459016393442 1190
1737429428508 0.8813559322033898 1191
1737429428827 0.8888888888888888 1192
1737429429146 0.8 1193
1737429429463 0.896551724137931 1194
1737429429781 0.9459459459459459 1195
1737429430100 0.8275862068965517 1196
1737429430419 0.9333333333333333 1197
1737429430736 0.8135593220338984 1198
1737429431054 0.8787878787878788 1199
1737429431371 0.8571428571428571 1200
1737429431689 0.8860759493670886 1201
1737429432007 0.8421052631578947 1202
1737429432327 0.9367088607594937 1203
1737429432645 0.8461538461538461 1204
1737429432963 0.9433962264150944 1205
1737429433282 0.84375 1206
1737429433601 0.8064516129032258 1207
1737429433918 0.8888888888888888 1208
1737429434235 0.9642857142857143 1209
1737429434555 0.9315068493150684 1210
1737429434875 0.8679245283018868 1211
1737429435192 0.8524590163934426 1212
1737429435511 0.84375 1213
1737429435830 0.8148148148148148 1214
1737429436148 0.9714285714285714 1215
1737429436467 0.8648648648648649 1216
1737429436784 0.8571428571428571 1217
1737429437103 0.8301886792452831 1218
1737429437424 0.9166666666666666 1219
1737429437741 0.9354838709677419 1220
1737429438061 0.9333333333333333 1221
1737429438381 0.8518518518518519 1222
1737429438697 0.9056603773584906 1223
1737429439018 0.8695652173913043 1224
1737429439335 0.9310344827586207 1225
1737429439652 0.8928571428571429 1226
1737429439969 0.8979591836734694 1227
1737429440286 0.9180327868852459 1228
1737429440603 0.9117647058823529 1229
1737429440920 0.9333333333333333 1230
1737429441239 0.8275862068965517 1231
1737429441558 0.8813559322033898 1232
1737429441876 0.8727272727272727 1233
1737429442194 0.8405797101449275 1234
1737429442511 0.8615384615384616 1235
1737429442828 0.8857142857142857 1236
1737429443146 0.8620689655172413 1237
1737429443467 0.9253731343283582 1238
1737429443782 0.7868852459016393 1239
1737429444100 0.8656716417910447 1240
1737429444419 0.8923076923076924 1241
1737429444736 0.7796610169491526 1242
1737429445053 0.9090909090909091 1243
1737429445372 0.927536231884058 1244
1737429445690 0.875 1245
1737429446012 0.8450704225352113 1246
1737429446328 0.8333333333333334 1247
1737429446646 0.9444444444444444 1248
1737429446966 0.9206349206349206 1249
1737429447286 0.9538461538461539 1250
1737429447602 0.9428571428571428 1251
1737429447920 0.8928571428571429 1252
1737429448237 0.8275862068965517 1253
1737429448556 0.8947368421052632 1254
1737429448874 0.9508196721311475 1255
1737429449191 0.8235294117647058 1256
1737429449508 0.8253968253968254 1257
1737429449827 0.9577464788732394 1258
1737429450146 0.896551724137931 1259
1737429450463 0.9333333333333333 1260
1737429450780 0.7931034482758621 1261
1737429451097 0.8571428571428571 1262
1737429451414 0.7857142857142857 1263
1737429451734 0.9333333333333333 1264
1737429452051 0.9855072463768116 1265
1737429452370 0.8923076923076924 1266
1737429452690 0.8529411764705882 1267
1737429453009 0.9310344827586207 1268
1737429453326 0.84 1269
1737429453644 0.8064516129032258 1270
1737429453962 0.9444444444444444 1271
1737429454279 0.9473684210526315 1272
1737429454598 0.9 1273
1737429454916 0.8695652173913043 1274
1737429455234 0.8674698795180723 1275
1737429455554 0.9066666666666666 1276
1737429455873 0.9230769230769231 1277
1737429456188 0.8985507246376812 1278
1737429456508 0.9295774647887324 1279
1737429456826 0.9090909090909091 1280
1737429457145 0.9411764705882353 1281
1737429457465 0.9310344827586207 1282
1737429457782 0.8333333333333334 1283
1737429458100 0.90625 1284
1737429458417 0.9206349206349206 1285
1737429458734 0.8727272727272727 1286
1737429459053 0.8955223880597015 1287
1737429459373 0.8727272727272727 1288
1737429459691 0.8923076923076924 1289
1737429460011 0.9411764705882353 1290
1737429460328 0.9122807017543859 1291
1737429460647 0.972972972972973 1292
1737429460967 0.8928571428571429 1293
1737429461286 0.8214285714285714 1294
1737429461605 0.8679245283018868 1295
1737429461921 0.8857142857142857 1296
1737429462239 0.9824561403508771 1297
1737429462558 0.8837209302325582 1298
1737429462877 0.9454545454545454 1299
1737429463194 0.9090909090909091 1300
1737429463512 0.9122807017543859 1301
1737429463832 0.9855072463768116 1302
1737429464152 0.9230769230769231 1303
1737429464470 0.847457627118644 1304
1737429464791 0.9523809523809523 1305
1737429465107 0.9122807017543859 1306
1737429465425 0.9285714285714286 1307
1737429465743 0.8125 1308
1737429466060 0.8627450980392157 1309
1737429466378 0.918918918918919 1310
1737429466696 0.8260869565217391 1311
1737429467015 0.8852459016393442 1312
1737429467335 0.8928571428571429 1313
1737429467653 0.8787878787878788 1314
1737429467969 0.9142857142857143 1315
1737429468290 0.9090909090909091 1316
1737429468608 0.9230769230769231 1317
1737429468925 0.8571428571428571 1318
1737429469241 0.9565217391304348 1319
1737429469560 0.8888888888888888 1320
1737429469876 0.9090909090909091 1321
1737429470197 0.9375 1322
1737429470516 0.926829268292683 1323
1737429470835 0.84 1324
1737429471154 0.8148148148148148 1325
1737429471474 0.8571428571428571 1326
1737429471795 0.8260869565217391 1327
1737429472114 0.8648648648648649 1328
1737429472430 0.9230769230769231 1329
1737429472749 0.90625 1330
1737429473065 0.8918918918918919 1331
1737429473384 0.8809523809523809 1332
1737429473703 0.8301886792452831 1333
1737429474021 0.9354838709677419 1334
1737429474340 0.9444444444444444 1335
1737429474655 0.9122807017543859 1336
1737429474974 0.9714285714285714 1337
1737429475293 0.9393939393939394 1338
1737429475611 0.8387096774193549 1339
1737429475928 0.7906976744186046 1340
1737429476246 0.8372093023255814 1341
1737429476563 0.9444444444444444 1342
1737429476881 0.9354838709677419 1343
1737429477200 0.7843137254901961 1344
1737429477516 0.9032258064516129 1345
1737429477834 0.8571428571428571 1346
1737429478153 0.9041095890410958 1347
1737429478470 0.8163265306122449 1348
1737429478789 0.8571428571428571 1349
1737429479106 0.851063829787234 1350
1737429479424 0.9367088607594937 1351
1737429479742 0.8372093023255814 1352
1737429480059 0.8085106382978723 1353
1737429480377 0.896551724137931 1354
1737429480694 0.8852459016393442 1355
1737429481010 0.8974358974358975 1356
1737429481329 0.8620689655172413 1357
1737429481649 0.9166666666666666 1358
1737429481967 0.851063829787234 1359
1737429482287 0.8571428571428571 1360
1737429482608 0.8285714285714286 1361
1737429482926 0.9714285714285714 1362
1737429483243 0.8275862068965517 1363
1737429483562 0.9090909090909091 1364
1737429483881 0.8571428571428571 1365
1737429484201 0.9206349206349206 1366
1737429484522 0.8405797101449275 1367
1737429484841 0.819672131147541 1368
1737429485159 0.8363636363636363 1369
1737429485479 0.8253968253968254 1370
1737429485795 0.8928571428571429 1371
1737429486114 0.9333333333333333 1372
1737429486434 0.7777777777777778 1373
1737429486756 0.8571428571428571 1374
1737429487073 0.88 1375
1737429487390 0.8301886792452831 1376
1737429487710 0.9367088607594937 1377
1737429488029 0.8813559322033898 1378
1737429488349 0.9152542372881356 1379
1737429488665 0.8947368421052632 1380
1737429488984 0.9491525423728814 1381
1737429489303 0.847457627118644 1382
1737429489620 0.9333333333333333 1383
1737429489937 0.9642857142857143 1384
1737429490254 0.9142857142857143 1385
1737429490572 0.8771929824561403 1386
1737429490891 0.9310344827586207 1387
1737429491210 0.9411764705882353 1388
1737429491527 0.9523809523809523 1389
1737429491846 0.8888888888888888 1390
1737429492165 0.8461538461538461 1391
1737429492485 0.896551724137931 1392
1737429492802 0.9577464788732394 1393
1737429493121 0.9230769230769231 1394
1737429493440 0.8985507246376812 1395
1737429493760 0.9180327868852459 1396
1737429494078 0.9565217391304348 1397
1737429494396 0.9122807017543859 1398
1737429494716 0.9230769230769231 1399
1737429495032 0.9019607843137255 1400
1737429495352 0.9565217391304348 1401
1737429495669 0.8955223880597015 1402
1737429495988 0.88 1403
1737429496307 0.8888888888888888 1404
1737429496625 0.9230769230769231 1405
1737429496941 0.8985507246376812 1406
1737429497262 0.9180327868852459 1407
1737429497582 0.9142857142857143 1408
1737429497899 0.8095238095238095 1409
1737429498218 0.9041095890410958 1410
1737429498538 0.9354838709677419 1411
1737429498857 0.9285714285714286 1412
1737429499175 0.9230769230769231 1413
1737429499496 0.9206349206349206 1414
1737429499813 0.9333333333333333 1415
1737429500132 0.8918918918918919 1416
1737429500453 0.927536231884058 1417
1737429500770 0.9117647058823529 1418
1737429501088 0.9090909090909091 1419
1737429501406 0.896551724137931 1420
1737429501723 0.9253731343283582 1421
1737429502041 0.8888888888888888 1422
1737429502361 0.7727272727272727 1423
1737429502678 0.8135593220338984 1424
1737429503001 0.88 1425
1737429503320 0.9428571428571428 1426
1737429503637 0.9122807017543859 1427
1737429503954 0.8787878787878788 1428
1737429504271 0.9014084507042254 1429
1737429504589 0.9166666666666666 1430
1737429504908 0.9056603773584906 1431
1737429505226 0.8421052631578947 1432
1737429505542 0.9206349206349206 1433
1737429505861 0.9130434782608695 1434
1737429506178 0.8923076923076924 1435
1737429506500 0.8571428571428571 1436
1737429506816 0.8333333333333334 1437
1737429507133 0.9552238805970149 1438
1737429507453 0.8214285714285714 1439
1737429507772 0.8888888888888888 1440
1737429508091 0.875 1441
1737429508407 0.8518518518518519 1442
1737429508724 0.9142857142857143 1443
1737429509040 0.8955223880597015 1444
1737429509363 0.96875 1445
1737429509678 0.9375 1446
1737429509997 0.8852459016393442 1447
1737429510315 0.9393939393939394 1448
1737429510633 0.9444444444444444 1449
1737429510952 0.8955223880597015 1450
1737429511270 0.9387755102040817 1451
1737429511588 0.8787878787878788 1452
1737429511907 0.8292682926829268 1453
1737429512225 0.9152542372881356 1454
1737429512543 0.8627450980392157 1455
1737429512860 0.9117647058823529 1456
1737429513177 0.9295774647887324 1457
1737429513496 0.8787878787878788 1458
1737429513814 0.8 1459
1737429514130 0.9333333333333333 1460
1737429514448 0.8620689655172413 1461
1737429514765 0.9333333333333333 1462
1737429515082 0.9032258064516129 1463
1737429515399 0.8 1464
1737429515718 0.8846153846153846 1465
1737429516035 0.9315068493150684 1466
1737429516355 0.8813559322033898 1467
1737429516672 0.9333333333333333 1468
1737429516989 0.9333333333333333 1469
1737429517307 0.9152542372881356 1470
1737429517623 0.8852459016393442 1471
1737429517941 0.9295774647887324 1472
1737429518259 0.9206349206349206 1473
1737429518577 0.8135593220338984 1474
1737429518896 0.8771929824561403 1475
1737429519214 0.8813559322033898 1476
1737429519531 0.8771929824561403 1477
1737429519850 0.8518518518518519 1478
1737429520171 0.8813559322033898 1479
1737429520490 0.8235294117647058 1480
1737429520807 0.9090909090909091 1481
1737429521125 0.8771929824561403 1482
1737429521443 0.8852459016393442 1483
1737429521762 0.7906976744186046 1484
1737429522080 0.819672131147541 1485
1737429522398 0.8571428571428571 1486
1737429522714 0.9253731343283582 1487
1737429523032 0.9354838709677419 1488
1737429523351 0.926829268292683 1489
1737429523667 0.9830508474576272 1490
1737429523985 0.8571428571428571 1491
1737429524303 0.8571428571428571 1492
1737429524620 0.9047619047619048 1493
1737429524937 0.9166666666666666 1494
1737429525256 0.9411764705882353 1495
1737429525574 0.8813559322033898 1496
1737429525893 0.8846153846153846 1497
1737429526212 0.9523809523809523 1498
1737429526530 0.967741935483871 1499
1737429526848 0.9180327868852459 1500
1737429527166 0.8674698795180723 1501
1737429527486 0.8985507246376812 1502
1737429527802 0.8333333333333334 1503
1737429528121 0.9 1504
1737429528440 0.9375 1505
1737429528760 0.9180327868852459 1506
1737429529077 0.9411764705882353 1507
1737429529395 0.8852459016393442 1508
1737429529714 0.9130434782608695 1509
1737429530031 0.8923076923076924 1510
1737429530350 0.9032258064516129 1511
1737429530667 0.85 1512
1737429530985 0.90625 1513
1737429531306 0.9565217391304348 1514
1737429531625 0.8732394366197183 1515
1737429531947 0.9433962264150944 1516
1737429532264 0.8888888888888888 1517
1737429532580 0.8709677419354839 1518
1737429532899 0.9090909090909091 1519
1737429533219 0.9 1520
1737429533536 0.9090909090909091 1521
1737429533852 0.8571428571428571 1522
1737429534172 0.8571428571428571 1523
1737429534489 0.847457627118644 1524
1737429534806 0.8852459016393442 1525
1737429535124 0.8571428571428571 1526
1737429535442 0.9090909090909091 1527
1737429535759 0.9069767441860465 1528
1737429536078 0.927536231884058 1529
1737429536395 0.8813559322033898 1530
1737429536713 0.8 1531
1737429537032 0.9122807017543859 1532
1737429537351 0.9 1533
1737429537669 0.847457627118644 1534
1737429537988 0.88 1535
1737429538307 0.9491525423728814 1536
1737429538625 0.8656716417910447 1537
1737429538944 0.9523809523809523 1538
1737429539261 0.8985507246376812 1539
1737429539579 0.9523809523809523 1540
1737429539898 0.7692307692307693 1541
1737429540217 0.9655172413793104 1542
1737429540535 0.9166666666666666 1543
1737429540853 0.90625 1544
1737429541169 0.8666666666666667 1545
1737429541490 0.9152542372881356 1546
1737429541808 0.8235294117647058 1547
1737429542126 0.8727272727272727 1548
1737429542446 0.9411764705882353 1549
1737429542763 0.9117647058823529 1550
1737429543082 0.8461538461538461 1551
1737429543399 0.8571428571428571 1552
1737429543719 0.8928571428571429 1553
1737429544039 0.92 1554
1737429544357 0.9705882352941176 1555
1737429544676 0.9 1556
1737429544996 0.8518518518518519 1557
1737429545314 0.9259259259259259 1558
1737429545632 0.92 1559
1737429545950 0.8387096774193549 1560
1737429546267 0.896551724137931 1561
1737429546586 0.90625 1562
1737429546905 0.8888888888888888 1563
1737429547226 0.851063829787234 1564
1737429547544 0.9032258064516129 1565
1737429547862 0.9152542372881356 1566
1737429548182 0.927536231884058 1567
1737429548500 0.875 1568
1737429548818 0.8985507246376812 1569
1737429549135 0.8767123287671232 1570
1737429549452 0.8333333333333334 1571
1737429549769 0.967741935483871 1572
1737429550090 0.90625 1573
1737429550406 0.847457627118644 1574
1737429550725 0.8666666666666667 1575
1737429551042 0.8444444444444444 1576
1737429551357 0.90625 1577
1737429551677 0.9285714285714286 1578
1737429551995 0.9142857142857143 1579
1737429552315 0.9433962264150944 1580
1737429552632 0.8571428571428571 1581
1737429552949 0.9491525423728814 1582
1737429553267 0.8148148148148148 1583
1737429553586 0.92 1584
1737429553903 0.8857142857142857 1585
1737429554222 0.88 1586
1737429554539 0.8571428571428571 1587
1737429554857 0.8923076923076924 1588
1737429555178 0.9135802469135802 1589
1737429555496 0.9354838709677419 1590
1737429555812 0.8831168831168831 1591
1737429556130 0.8852459016393442 1592
1737429556450 0.8727272727272727 1593
1737429556770 0.9014084507042254 1594
1737429557089 0.972972972972973 1595
1737429557405 0.7755102040816326 1596
1737429557724 0.8727272727272727 1597
1737429558043 0.9090909090909091 1598
1737429558361 0.9428571428571428 1599
1737429558678 0.84 1600
1737429558996 0.927536231884058 1601
1737429559322 0.9014084507042254 1602
1737429559645 0.9 1603
1737429559965 0.8846153846153846 1604
1737429560283 0.8571428571428571 1605
1737429560600 0.8679245283018868 1606
1737429560919 0.88 1607
1737429561237 0.9090909090909091 1608
1737429561554 0.8918918918918919 1609
1737429561871 0.7659574468085106 1610
1737429562190 0.8955223880597015 1611
1737429562509 0.8695652173913043 1612
1737429562828 0.9428571428571428 1613
1737429563144 0.8985507246376812 1614
1737429563462 0.8484848484848485 1615
1737429563780 0.8923076923076924 1616
1737429564100 0.9433962264150944 1617
1737429564419 0.88 1618
1737429564738 0.875 1619
1737429565058 0.9655172413793104 1620
1737429565376 0.9090909090909091 1621
1737429565694 0.9722222222222222 1622
1737429566012 0.9130434782608695 1623
1737429566331 0.9459459459459459 1624
1737429566649 0.9508196721311475 1625
1737429566969 0.9032258064516129 1626
1737429567287 0.9523809523809523 1627
1737429567606 0.8823529411764706 1628
1737429567925 0.8888888888888888 1629
1737429568244 0.8571428571428571 1630
1737429568563 0.9032258064516129 1631
1737429568881 0.8823529411764706 1632
1737429569200 0.8620689655172413 1633
1737429569521 0.8461538461538461 1634
1737429569836 0.8518518518518519 1635
1737429570154 0.8923076923076924 1636
1737429570474 0.9206349206349206 1637
1737429570794 0.8771929824561403 1638
1737429571115 0.9393939393939394 1639
1737429571433 0.896551724137931 1640
1737429571753 0.9473684210526315 1641
1737429572073 0.8378378378378378 1642
1737429572392 0.9491525423728814 1643
1737429572709 0.8888888888888888 1644
1737429573027 0.9387755102040817 1645
1737429573347 0.9014084507042254 1646
1737429573666 0.9354838709677419 1647
1737429573985 0.9367088607594937 1648
1737429574301 0.7777777777777778 1649
1737429574617 0.9836065573770492 1650
1737429574936 0.8214285714285714 1651
1737429575254 0.90625 1652
1737429575573 0.8235294117647058 1653
1737429575890 0.896551724137931 1654
1737429576208 0.8936170212765957 1655
1737429576528 0.8181818181818182 1656
1737429576844 0.9310344827586207 1657
1737429577162 0.9230769230769231 1658
1737429577480 0.9583333333333334 1659
1737429577802 0.8846153846153846 1660
1737429578121 0.8666666666666667 1661
1737429578441 0.9056603773584906 1662
1737429578760 0.9315068493150684 1663
1737429579077 0.9180327868852459 1664
1737429579395 0.9315068493150684 1665
1737429579711 0.8695652173913043 1666
1737429580030 0.8888888888888888 1667
1737429580347 0.9259259259259259 1668
1737429580669 0.8307692307692308 1669
1737429580989 0.9206349206349206 1670
1737429581307 0.9523809523809523 1671
1737429581626 0.9285714285714286 1672
1737429581943 0.8888888888888888 1673
1737429582261 0.918918918918919 1674
1737429582581 0.9333333333333333 1675
1737429582898 0.88 1676
1737429583216 0.9056603773584906 1677
1737429583536 0.9166666666666666 1678
1737429583853 0.9180327868852459 1679
1737429584171 0.8955223880597015 1680
1737429584489 0.8780487804878049 1681
1737429584806 0.927536231884058 1682
1737429585124 0.9459459459459459 1683
1737429585441 0.8813559322033898 1684
1737429585759 0.8571428571428571 1685
1737429586076 0.8214285714285714 1686
1737429586395 0.9090909090909091 1687
1737429586714 0.8387096774193549 1688
1737429587030 0.9354838709677419 1689
1737429587349 0.927536231884058 1690
1737429587668 0.9090909090909091 1691
1737429587984 0.9056603773584906 1692
1737429588303 0.9166666666666666 1693
1737429588622 0.8888888888888888 1694
1737429588941 0.9433962264150944 1695
1737429589260 0.8831168831168831 1696
1737429589577 0.8787878787878788 1697
1737429589896 0.9866666666666667 1698
1737429590215 0.8852459016393442 1699
1737429590535 0.9841269841269841 1700
1737429590852 0.8666666666666667 1701
1737429591171 0.8979591836734694 1702
1737429591492 0.8461538461538461 1703
1737429591815 0.9122807017543859 1704
1737429592134 0.9538461538461539 1705
1737429592451 0.9818181818181818 1706
1737429592771 0.9152542372881356 1707
1737429593089 0.8888888888888888 1708
1737429593407 0.8421052631578947 1709
1737429593726 0.9135802469135802 1710
1737429594045 0.8928571428571429 1711
1737429594364 0.9375 1712
1737429594682 0.8214285714285714 1713
1737429595003 0.8888888888888888 1714
1737429595319 0.8771929824561403 1715
1737429595638 0.9367088607594937 1716
1737429595956 0.8615384615384616 1717
1737429596275 0.9 1718
1737429596589 0.9056603773584906 1719
1737429596911 0.9032258064516129 1720
1737429597232 0.9411764705882353 1721
1737429597549 0.9 1722
1737429597865 0.8518518518518519 1723
1737429598071 0.9090909090909091 1724
1737429614270 0.9295774647887324 1725
1737429614588 0.8928571428571429 1726
1737429614905 0.88 1727
1737429615220 0.8493150684931506 1728
1737429615538 0.8484848484848485 1729
1737429615857 0.8620689655172413 1730
1737429616175 0.9152542372881356 1731
1737429616492 0.9714285714285714 1732
1737429616809 0.9315068493150684 1733
1737429617126 0.8620689655172413 1734
1737429617442 0.8918918918918919 1735
1737429617761 0.9354838709677419 1736
1737429618079 0.9156626506024096 1737
1737429618397 0.9577464788732394 1738
1737429618713 0.9166666666666666 1739
1737429619031 0.9523809523809523 1740
1737429619349 0.9411764705882353 1741
1737429619664 0.9041095890410958 1742
1737429619982 0.9253731343283582 1743
1737429620300 0.958904109589041 1744
1737429620621 0.90625 1745
1737429620938 0.9333333333333333 1746
1737429621256 0.9090909090909091 1747
1737429621572 0.8923076923076924 1748
1737429621888 0.9152542372881356 1749
1737429622206 0.9 1750
1737429622525 0.8787878787878788 1751
1737429622844 0.8285714285714286 1752
1737429623160 0.9302325581395349 1753
1737429623479 0.9803921568627451 1754
1737429623796 0.9375 1755
1737429624114 0.8923076923076924 1756
1737429624431 0.8450704225352113 1757
1737429624750 0.9491525423728814 1758
1737429625067 0.8888888888888888 1759
1737429625384 0.9090909090909091 1760
1737429625701 0.8405797101449275 1761
1737429626021 0.9315068493150684 1762
1737429626339 0.8979591836734694 1763
1737429626656 0.8307692307692308 1764
1737429626978 0.8888888888888888 1765
1737429627295 0.8831168831168831 1766
1737429627616 0.9180327868852459 1767
1737429627934 0.8918918918918919 1768
1737429628252 0.8235294117647058 1769
1737429628570 0.8333333333333334 1770
1737429628887 0.8928571428571429 1771
1737429629204 0.9142857142857143 1772
1737429629524 0.9 1773
1737429629842 0.8709677419354839 1774
1737429630160 0.9090909090909091 1775
1737429630478 0.9433962264150944 1776
1737429630796 0.9180327868852459 1777
1737429631115 0.9491525423728814 1778
1737429631436 0.927536231884058 1779
1737429631757 0.8275862068965517 1780
1737429632075 1.0 1781
1737429632392 0.9444444444444444 1782
1737429632711 0.88 1783
1737429633028 0.9333333333333333 1784
1737429633347 0.9454545454545454 1785
1737429633663 0.958904109589041 1786
1737429633984 0.8627450980392157 1787
1737429634301 0.927536231884058 1788
1737429634620 0.8163265306122449 1789
1737429634937 0.84 1790
1737429635255 0.9014084507042254 1791
1737429635573 0.875 1792
1737429635893 0.9508196721311475 1793
1737429636210 0.9253731343283582 1794
1737429636526 0.8611111111111112 1795
1737429636843 0.9117647058823529 1796
1737429637163 0.9122807017543859 1797
1737429637480 0.8666666666666667 1798
1737429637798 0.9367088607594937 1799
1737429638117 0.9428571428571428 1800
1737429638435 0.9230769230769231 1801
1737429638754 0.8260869565217391 1802
1737429639073 0.9206349206349206 1803
1737429639391 0.9411764705882353 1804
1737429639709 0.8888888888888888 1805
1737429640027 0.8571428571428571 1806
1737429640347 0.9473684210526315 1807
1737429640664 0.8387096774193549 1808
1737429640982 0.9722222222222222 1809
1737429641299 0.8928571428571429 1810
1737429641619 0.9047619047619048 1811
1737429641936 0.8787878787878788 1812
1737429642255 0.819672131147541 1813
1737429642574 0.9210526315789473 1814
1737429642892 0.9117647058823529 1815
1737429643212 0.8813559322033898 1816
1737429643536 0.8301886792452831 1817
1737429643860 0.8 1818
1737429644176 0.9180327868852459 1819
1737429644494 0.9 1820
1737429644813 0.8923076923076924 1821
1737429645132 0.8571428571428571 1822
1737429645450 0.9122807017543859 1823
1737429645767 0.9230769230769231 1824
1737429646085 0.9393939393939394 1825
1737429646403 0.9375 1826
1737429646719 0.9459459459459459 1827
1737429647038 0.8666666666666667 1828
1737429647356 0.8923076923076924 1829
1737429647670 0.9354838709677419 1830
1737429647997 0.8888888888888888 1831
1737429648314 0.9333333333333333 1832
1737429648633 0.9117647058823529 1833
1737429648949 0.8985507246376812 1834
1737429649268 0.8641975308641975 1835
1737429649586 0.8918918918918919 1836
1737429649904 0.9375 1837
1737429650225 0.9508196721311475 1838
1737429650542 0.8666666666666667 1839
1737429650859 0.8813559322033898 1840
1737429651175 0.958904109589041 1841
1737429651495 0.9615384615384616 1842
1737429651819 0.9259259259259259 1843
1737429652140 0.8985507246376812 1844
1737429652458 0.92 1845
1737429652775 0.9508196721311475 1846
1737429653095 0.9473684210526315 1847
1737429653412 0.8095238095238095 1848
1737429653730 0.9696969696969697 1849
1737429654049 0.9122807017543859 1850
1737429654369 0.8771929824561403 1851
1737429654687 0.9 1852
1737429655006 0.875 1853
1737429655324 0.8888888888888888 1854
1737429655644 0.9473684210526315 1855
1737429655965 0.958904109589041 1856
1737429656280 0.9230769230769231 1857
1737429656598 0.9375 1858
1737429656914 0.9041095890410958 1859
1737429657233 0.8656716417910447 1860
1737429657552 0.935064935064935 1861
1737429657871 0.9253731343283582 1862
1737429658191 0.927536231884058 1863
1737429658508 0.896551724137931 1864
1737429658826 0.9090909090909091 1865
1737429659145 0.9375 1866
1737429659465 0.9459459459459459 1867
1737429659781 0.9014084507042254 1868
1737429660099 0.9577464788732394 1869
1737429660415 0.9508196721311475 1870
1737429660734 0.9705882352941176 1871
1737429661053 0.9310344827586207 1872
1737429661372 0.958904109589041 1873
1737429661690 0.9 1874
1737429662007 0.88 1875
1737429662325 0.9565217391304348 1876
1737429662644 0.92 1877
1737429662962 0.927536231884058 1878
1737429663279 0.9354838709677419 1879
1737429663597 0.9295774647887324 1880
1737429663918 0.9714285714285714 1881
1737429664236 0.8235294117647058 1882
1737429664554 0.90625 1883
1737429664872 0.8301886792452831 1884
1737429665192 0.9032258064516129 1885
1737429665509 0.9433962264150944 1886
1737429665826 0.8888888888888888 1887
1737429666144 0.9615384615384616 1888
1737429666462 0.9333333333333333 1889
1737429666779 0.9333333333333333 1890
1737429667097 0.9565217391304348 1891
1737429667415 0.9259259259259259 1892
1737429667734 0.9285714285714286 1893
1737429668053 0.9454545454545454 1894
1737429668373 0.9259259259259259 1895
1737429668690 0.9375 1896
1737429669010 0.84 1897
1737429669327 0.9315068493150684 1898
1737429669644 0.8444444444444444 1899
1737429669964 0.9454545454545454 1900
1737429670281 0.9210526315789473 1901
1737429670599 0.8679245283018868 1902
1737429670917 0.8333333333333334 1903
1737429671238 0.9117647058823529 1904
1737429671557 0.9577464788732394 1905
1737429671875 0.9523809523809523 1906
1737429672193 0.9180327868852459 1907
1737429672511 0.851063829787234 1908
1737429672830 0.96 1909
1737429673145 0.9508196721311475 1910
1737429673463 0.9253731343283582 1911
1737429673784 0.9014084507042254 1912
1737429674102 0.9142857142857143 1913
1737429674419 0.8846153846153846 1914
1737429674737 0.9354838709677419 1915
1737429675057 0.967032967032967 1916
1737429675375 0.8852459016393442 1917
1737429675692 0.9642857142857143 1918
1737429676012 0.8813559322033898 1919
1737429676330 0.967741935483871 1920
1737429676649 0.9846153846153847 1921
1737429676967 0.8928571428571429 1922
1737429677285 0.9 1923
1737429677603 0.9397590361445783 1924
1737429677922 0.9310344827586207 1925
1737429678241 0.9491525423728814 1926
1737429678559 0.927536231884058 1927
1737429678876 0.8813559322033898 1928
1737429679192 0.9552238805970149 1929
1737429679511 0.9295774647887324 1930
1737429679829 0.9206349206349206 1931
1737429680144 0.918918918918919 1932
1737429680465 0.9538461538461539 1933
1737429680783 0.9538461538461539 1934
1737429681101 0.88 1935
1737429681420 0.9 1936
1737429681738 0.9454545454545454 1937
1737429682056 0.9565217391304348 1938
1737429682376 0.90625 1939
1737429682695 0.9375 1940
1737429683013 0.9811320754716981 1941
1737429683330 0.9302325581395349 1942
1737429683649 0.926829268292683 1943
1737429683967 0.9565217391304348 1944
1737429684284 0.9393939393939394 1945
1737429684601 0.9411764705882353 1946
1737429684920 0.927536231884058 1947
1737429685239 0.9866666666666667 1948
1737429685557 0.92 1949
1737429685876 0.9 1950
1737429686196 0.9863013698630136 1951
1737429686513 0.9310344827586207 1952
1737429686829 0.9508196721311475 1953
1737429687146 0.9117647058823529 1954
1737429687467 0.92 1955
1737429687787 0.8813559322033898 1956
1737429688104 0.9090909090909091 1957
1737429688424 1.0 1958
1737429688743 0.927536231884058 1959
1737429689062 0.9818181818181818 1960
1737429689381 0.9302325581395349 1961
1737429689702 0.9629629629629629 1962
1737429690023 0.9253731343283582 1963
1737429690343 0.9375 1964
1737429690662 0.9552238805970149 1965
1737429690980 0.8985507246376812 1966
1737429691297 0.896551724137931 1967
1737429691615 0.935064935064935 1968
1737429691935 0.9629629629629629 1969
1737429692251 0.9387755102040817 1970
1737429692568 0.9333333333333333 1971
1737429692886 0.9285714285714286 1972
1737429693205 1.0 1973
1737429693525 0.8888888888888888 1974
1737429693844 0.9310344827586207 1975
1737429694163 0.8888888888888888 1976
1737429694480 0.9253731343283582 1977
1737429694800 0.9473684210526315 1978
1737429695117 0.9454545454545454 1979
1737429695436 0.9454545454545454 1980
1737429695755 0.9387755102040817 1981
1737429696072 0.9666666666666667 1982
1737429696392 0.9565217391304348 1983
1737429696710 0.975609756097561 1984
1737429697029 0.9508196721311475 1985
1737429697347 0.935064935064935 1986
1737429697666 0.9577464788732394 1987
1737429697983 0.9824561403508771 1988
1737429698300 0.9714285714285714 1989
1737429698616 0.96 1990
1737429698937 0.9117647058823529 1991
1737429699254 0.96875 1992
1737429699573 1.0 1993
1737429699893 0.9705882352941176 1994
1737429700210 0.8813559322033898 1995
1737429700530 0.896551724137931 1996
1737429700849 0.925 1997
1737429701167 0.927536231884058 1998
1737429701485 0.9166666666666666 1999
1737429701804 0.9615384615384616 2000
1737429702121 0.9310344827586207 2001
1737429702440 0.9830508474576272 2002
1737429702760 0.9705882352941176 2003
1737429703081 0.9152542372881356 2004
1737429703397 0.9387755102040817 2005
1737429703716 0.963855421686747 2006
1737429704034 0.9454545454545454 2007
1737429704351 0.9354838709677419 2008
1737429704668 0.9655172413793104 2009
1737429704988 0.9210526315789473 2010
1737429705310 0.9803921568627451 2011
1737429705628 0.9259259259259259 2012
1737429705946 0.8846153846153846 2013
1737429706266 0.9206349206349206 2014
1737429706585 0.9333333333333333 2015
1737429706905 0.9361702127659575 2016
1737429707224 0.9629629629629629 2017
1737429707542 0.9830508474576272 2018
1737429707860 0.9295774647887324 2019
1737429708179 0.975 2020
1737429708497 0.9166666666666666 2021
1737429708816 0.9285714285714286 2022
1737429709134 0.9818181818181818 2023
1737429709451 0.9166666666666666 2024
1737429709769 0.9210526315789473 2025
1737429710089 0.9130434782608695 2026
1737429710405 0.9552238805970149 2027
1737429710724 0.9508196721311475 2028
1737429711042 0.9428571428571428 2029
1737429711361 0.927536231884058 2030
1737429711687 0.9866666666666667 2031
1737429712005 0.967741935483871 2032
1737429712324 0.9473684210526315 2033
1737429712643 0.8823529411764706 2034
