1737429032736 0.3058823529411765 1
1737429033052 0.3375 2
1737429033367 0.2375 3
1737429033682 0.25 4
1737429033999 0.3125 5
1737429034321 0.3684210526315789 6
1737429034643 0.36585365853658536 7
1737429034958 0.46875 8
1737429035280 0.3684210526315789 9
1737429035595 0.5 10
1737429035911 0.42857142857142855 11
1737429036228 0.6428571428571429 12
1737429036544 0.6666666666666666 13
1737429036860 0.75 14
1737429037176 0.5 15
1737429037490 0.3333333333333333 16
1737429037806 0.75 17
1737429038124 0.3333333333333333 18
1737429038440 1.0 19
1737429038763 0.5 20
1737429039078 0.6666666666666666 21
1737429039393 1.0 22
1737429039713 0.7692307692307693 23
1737429040031 0.8235294117647058 24
1737429040438 0.6923076923076923 25
1737429040798 0.7333333333333333 26
1737429041183 0.5 27
1737429041534 0.7777777777777778 28
1737429041882 0.6923076923076923 29
1737429042210 0.7692307692307693 30
1737429042530 0.75 31
1737429042847 0.75 32
1737429043163 0.75 33
1737429043479 0.8 34
1737429043794 0.7777777777777778 35
1737429044110 0.7619047619047619 36
1737429044424 0.5555555555555556 37
1737429044739 0.6842105263157895 38
1737429045057 0.9090909090909091 39
1737429045374 0.75 40
1737429045688 0.8461538461538461 41
1737429046008 0.75 42
1737429046329 0.5263157894736842 43
1737429046644 0.8181818181818182 44
1737429046957 0.7894736842105263 45
1737429047271 0.6428571428571429 46
1737429047589 0.8888888888888888 47
1737429047909 0.8666666666666667 48
1737429048224 0.7857142857142857 49
1737429048540 0.7142857142857143 50
1737429048856 1.0 51
1737429049173 0.8421052631578947 52
1737429049490 0.9 53
1737429049806 1.0 54
1737429050123 0.9 55
1737429050438 0.9090909090909091 56
1737429050753 0.5714285714285714 57
1737429051070 0.8620689655172413 58
1737429051385 0.7741935483870968 59
1737429051706 0.6470588235294118 60
1737429052021 0.7058823529411765 61
1737429052339 0.5789473684210527 62
1737429052655 0.8636363636363636 63
1737429052972 0.875 64
1737429053289 0.8333333333333334 65
1737429053607 0.9285714285714286 66
1737429053922 1.0 67
1737429054236 0.9 68
1737429054552 0.8235294117647058 69
1737429054867 1.0 70
1737429055182 0.8333333333333334 71
1737429055497 0.8 72
1737429055814 0.7916666666666666 73
1737429056129 0.6666666666666666 74
1737429056447 0.6666666666666666 75
1737429056764 0.7692307692307693 76
1737429057083 0.84 77
1737429057398 0.75 78
1737429057717 0.8947368421052632 79
1737429058045 0.875 80
1737429058377 0.8181818181818182 81
1737429058692 0.9 82
1737429059011 0.7037037037037037 83
1737429059330 0.5428571428571428 84
1737429059645 0.6388888888888888 85
1737429059961 0.6756756756756757 86
1737429060278 0.7407407407407407 87
1737429060596 0.7666666666666667 88
1737429060912 0.8148148148148148 89
1737429061233 0.8095238095238095 90
1737429061550 0.8095238095238095 91
1737429061866 0.8076923076923077 92
1737429062184 0.75 93
1737429062501 1.0 94
1737429062820 0.8275862068965517 95
1737429063137 0.90625 96
1737429063454 0.6521739130434783 97
1737429063771 0.75 98
1737429064088 0.6774193548387096 99
1737429064405 0.6785714285714286 100
1737429064721 0.875 101
1737429065039 0.75 102
1737429065354 0.75 103
1737429065673 0.5263157894736842 104
1737429065989 0.7058823529411765 105
1737429066306 0.78125 106
1737429066622 0.7575757575757576 107
1737429066938 0.6666666666666666 108
1737429067257 0.8846153846153846 109
1737429067576 0.8 110
1737429067893 0.8181818181818182 111
1737429068211 0.7352941176470589 112
1737429068528 0.6666666666666666 113
1737429068844 0.8285714285714286 114
1737429069161 0.8181818181818182 115
1737429069477 0.8125 116
1737429069794 0.7692307692307693 117
1737429070111 0.64 118
1737429070429 0.7142857142857143 119
1737429070746 0.6521739130434783 120
1737429071065 0.6666666666666666 121
1737429071382 0.9166666666666666 122
1737429071701 0.8846153846153846 123
1737429072017 0.8846153846153846 124
1737429072334 0.8823529411764706 125
1737429072651 0.7931034482758621 126
1737429072967 0.7037037037037037 127
1737429073284 0.7741935483870968 128
1737429073601 0.7560975609756098 129
1737429073919 0.7105263157894737 130
1737429074237 0.7666666666666667 131
1737429074551 0.8461538461538461 132
1737429074869 0.7857142857142857 133
1737429075187 0.8461538461538461 134
1737429075506 0.9032258064516129 135
1737429075822 0.8666666666666667 136
1737429076139 0.8275862068965517 137
1737429076454 0.7777777777777778 138
1737429076772 0.7692307692307693 139
1737429077090 0.7222222222222222 140
1737429077406 0.8846153846153846 141
1737429077723 0.7307692307692307 142
1737429078041 0.6086956521739131 143
1737429078357 0.7666666666666667 144
1737429078672 0.6896551724137931 145
1737429078990 0.9523809523809523 146
1737429079306 0.8421052631578947 147
1737429079625 0.896551724137931 148
1737429079943 0.8461538461538461 149
1737429080260 0.56 150
1737429080578 0.9655172413793104 151
1737429080896 0.5862068965517241 152
1737429081213 0.7878787878787878 153
1737429081531 0.7096774193548387 154
1737429081847 0.75 155
1737429082165 0.7741935483870968 156
1737429082483 0.84 157
1737429082800 0.8181818181818182 158
1737429083117 0.8947368421052632 159
1737429083436 0.7 160
1737429083754 0.7391304347826086 161
1737429084071 0.8181818181818182 162
1737429084388 0.8928571428571429 163
1737429084705 0.78125 164
1737429085022 0.7027027027027027 165
1737429085340 0.7297297297297297 166
1737429085656 0.7142857142857143 167
1737429085970 0.65625 168
1737429086288 0.696969696969697 169
1737429086606 0.8214285714285714 170
1737429086922 0.7307692307692307 171
1737429087238 0.9130434782608695 172
1737429087556 0.7727272727272727 173
1737429087873 0.6956521739130435 174
1737429088190 0.8333333333333334 175
1737429088507 0.8260869565217391 176
1737429088825 0.8235294117647058 177
1737429089146 0.7692307692307693 178
1737429089464 0.7878787878787878 179
1737429089781 0.7931034482758621 180
1737429090098 0.8333333333333334 181
1737429090416 0.7419354838709677 182
1737429090733 0.8888888888888888 183
1737429091049 0.7222222222222222 184
1737429091365 0.8571428571428571 185
1737429091682 0.8333333333333334 186
1737429092000 0.7391304347826086 187
1737429092318 0.5862068965517241 188
1737429092637 0.8571428571428571 189
1737429092954 0.7931034482758621 190
1737429093272 0.85 191
1737429093590 0.782608695652174 192
1737429093907 0.76 193
1737429094224 0.8285714285714286 194
1737429094540 0.6774193548387096 195
1737429094859 0.6785714285714286 196
1737429095175 0.7567567567567568 197
1737429095492 0.7741935483870968 198
1737429095810 0.6296296296296297 199
1737429096131 0.6666666666666666 200
1737429096451 0.6666666666666666 201
1737429096766 0.72 202
1737429097082 0.8888888888888888 203
1737429097400 0.7 204
1737429097719 0.8571428571428571 205
1737429098034 0.8 206
1737429098350 0.7241379310344828 207
1737429098668 0.6551724137931034 208
1737429098986 0.6875 209
1737429099303 0.8695652173913043 210
1737429099618 0.68 211
1737429099934 0.6296296296296297 212
1737429100255 0.8064516129032258 213
1737429100574 0.8214285714285714 214
1737429100891 0.75 215
1737429101208 0.9166666666666666 216
1737429101526 0.75 217
1737429101841 0.8857142857142857 218
1737429102158 0.5769230769230769 219
1737429102475 0.8214285714285714 220
1737429102793 0.9047619047619048 221
1737429103111 0.7307692307692307 222
1737429103429 0.92 223
1737429103745 0.8571428571428571 224
1737429104063 0.95 225
1737429104380 0.8648648648648649 226
1737429104697 0.96 227
1737429105015 0.78125 228
1737429105332 0.6976744186046512 229
1737429105650 0.8387096774193549 230
1737429105967 0.6551724137931034 231
1737429106286 0.7096774193548387 232
1737429106601 0.918918918918919 233
1737429106917 0.8928571428571429 234
1737429107236 0.71875 235
1737429107556 0.8571428571428571 236
1737429107874 0.6875 237
1737429108192 0.8333333333333334 238
1737429108509 0.7692307692307693 239
1737429108827 0.8636363636363636 240
1737429109143 0.7916666666666666 241
1737429109459 0.9130434782608695 242
1737429109780 1.0 243
1737429110097 0.85 244
1737429110414 0.9090909090909091 245
1737429110730 0.7560975609756098 246
1737429111050 0.7241379310344828 247
1737429111370 0.7741935483870968 248
1737429111693 0.7435897435897436 249
1737429112013 0.6052631578947368 250
1737429112329 0.7317073170731707 251
1737429112646 0.8888888888888888 252
1737429112963 1.0 253
1737429113282 0.8571428571428571 254
1737429113599 0.875 255
1737429113918 0.8333333333333334 256
1737429114236 0.7878787878787878 257
1737429114554 0.76 258
1737429114873 0.7692307692307693 259
1737429115190 0.6428571428571429 260
1737429115510 0.8055555555555556 261
1737429115828 0.6388888888888888 262
1737429116145 0.7916666666666666 263
1737429116463 0.9259259259259259 264
1737429116781 0.9047619047619048 265
1737429117098 0.8636363636363636 266
1737429117416 0.8571428571428571 267
1737429117734 0.8695652173913043 268
1737429118051 0.8846153846153846 269
1737429118368 0.9130434782608695 270
1737429118686 0.9230769230769231 271
1737429119003 0.71875 272
1737429119321 0.5714285714285714 273
1737429119640 0.6 274
1737429119958 0.7272727272727273 275
1737429120278 0.7837837837837838 276
1737429120595 0.8888888888888888 277
1737429120913 0.9 278
1737429121232 0.95 279
1737429121549 0.8518518518518519 280
1737429121866 0.9473684210526315 281
1737429122184 0.9375 282
1737429122500 0.8846153846153846 283
1737429122819 0.7222222222222222 284
1737429123135 0.7222222222222222 285
1737429123452 0.7083333333333334 286
1737429123771 0.8055555555555556 287
1737429124088 0.7931034482758621 288
1737429124408 0.7586206896551724 289
1737429124723 0.8571428571428571 290
1737429125041 0.88 291
1737429125358 0.875 292
1737429125676 0.9032258064516129 293
1737429125994 0.875 294
1737429126310 0.6923076923076923 295
1737429126626 0.8695652173913043 296
1737429126945 0.8333333333333334 297
1737429127264 0.9130434782608695 298
1737429127582 0.8 299
1737429127898 0.8148148148148148 300
1737429128217 0.6521739130434783 301
1737429128535 0.8529411764705882 302
1737429128854 0.6857142857142857 303
1737429129176 0.7647058823529411 304
1737429129512 0.7096774193548387 305
1737429129836 0.7142857142857143 306
1737429130157 0.782608695652174 307
1737429130477 0.9047619047619048 308
1737429130793 0.9 309
1737429131111 0.7894736842105263 310
1737429131429 0.8928571428571429 311
1737429131746 0.875 312
1737429132064 0.8 313
1737429132384 0.8148148148148148 314
1737429132703 0.8181818181818182 315
1737429133017 0.625 316
1737429133334 0.7916666666666666 317
1737429133654 0.896551724137931 318
1737429133972 0.9285714285714286 319
1737429134289 0.8076923076923077 320
1737429134606 0.782608695652174 321
1737429134926 0.8181818181818182 322
1737429135245 0.8571428571428571 323
1737429135563 0.8 324
1737429135881 0.8648648648648649 325
1737429136197 0.8571428571428571 326
1737429136516 0.6538461538461539 327
1737429136835 0.8620689655172413 328
1737429137153 0.7777777777777778 329
1737429137471 0.75 330
1737429137786 0.8275862068965517 331
1737429138103 0.9230769230769231 332
1737429138424 0.8214285714285714 333
1737429138743 0.7058823529411765 334
1737429139058 0.8787878787878788 335
1737429139375 0.7419354838709677 336
1737429139693 0.9583333333333334 337
1737429140015 0.9047619047619048 338
1737429140336 0.9545454545454546 339
1737429140656 0.7419354838709677 340
1737429140975 0.7857142857142857 341
1737429141291 0.8461538461538461 342
1737429141614 0.84375 343
1737429141930 0.7307692307692307 344
1737429142248 0.7631578947368421 345
1737429142570 0.7666666666666667 346
1737429142888 0.782608695652174 347
1737429143205 0.8928571428571429 348
1737429143522 0.71875 349
1737429143842 0.8571428571428571 350
1737429144165 0.875 351
1737429144484 0.7647058823529411 352
1737429144803 0.8780487804878049 353
1737429145121 0.8846153846153846 354
1737429145437 0.48148148148148145 355
1737429145753 0.7647058823529411 356
1737429146069 0.7 357
1737429146387 0.9032258064516129 358
1737429146703 0.7777777777777778 359
1737429147021 0.9666666666666667 360
1737429147338 0.9583333333333334 361
1737429147657 0.7878787878787878 362
1737429147976 0.8571428571428571 363
1737429148292 0.8076923076923077 364
1737429148608 0.8709677419354839 365
1737429148926 0.8666666666666667 366
1737429149245 0.6666666666666666 367
1737429149562 0.6551724137931034 368
1737429149879 0.7941176470588235 369
1737429150196 0.6097560975609756 370
1737429150514 0.7857142857142857 371
1737429150833 0.8695652173913043 372
1737429151150 0.7727272727272727 373
1737429151468 0.782608695652174 374
1737429151786 0.8076923076923077 375
1737429152105 0.8214285714285714 376
1737429152424 0.8181818181818182 377
1737429152742 0.7142857142857143 378
1737429153062 0.8846153846153846 379
1737429153382 0.8461538461538461 380
1737429153699 0.9047619047619048 381
1737429154015 0.88 382
1737429154332 0.9230769230769231 383
1737429154650 0.8333333333333334 384
1737429154969 0.8571428571428571 385
1737429155285 0.6666666666666666 386
1737429155605 0.9047619047619048 387
1737429155923 0.68 388
1737429156243 0.8181818181818182 389
1737429156559 0.8518518518518519 390
1737429156878 0.8181818181818182 391
1737429157194 0.9047619047619048 392
1737429157512 0.7894736842105263 393
1737429157829 1.0 394
1737429158147 0.8888888888888888 395
1737429158464 0.9090909090909091 396
1737429158781 0.9375 397
1737429159102 0.8214285714285714 398
1737429159417 0.9642857142857143 399
1737429159736 0.7777777777777778 400
1737429160052 0.5581395348837209 401
1737429160371 0.8 402
1737429160689 0.8148148148148148 403
1737429161007 0.75 404
1737429161322 0.6923076923076923 405
1737429161644 0.875 406
1737429161963 0.7916666666666666 407
1737429162279 0.9230769230769231 408
1737429162596 1.0 409
1737429162914 0.9411764705882353 410
1737429163233 0.9130434782608695 411
1737429163551 0.8888888888888888 412
1737429163868 0.9333333333333333 413
1737429164184 0.8823529411764706 414
1737429164502 0.9285714285714286 415
1737429164820 0.7931034482758621 416
1737429165140 0.7666666666666667 417
1737429165459 0.7631578947368421 418
1737429165777 0.6875 419
1737429166096 0.8571428571428571 420
1737429166413 0.9259259259259259 421
1737429166732 0.7142857142857143 422
1737429167049 0.7777777777777778 423
1737429167366 0.6451612903225806 424
1737429167684 0.7741935483870968 425
1737429168002 0.7419354838709677 426
1737429168321 0.8461538461538461 427
1737429168640 0.8148148148148148 428
1737429168958 0.88 429
1737429169279 0.9615384615384616 430
1737429169598 0.7619047619047619 431
1737429169918 0.9642857142857143 432
1737429170235 0.9615384615384616 433
1737429170554 0.8148148148148148 434
1737429170872 0.92 435
1737429171188 0.8125 436
1737429171508 0.7741935483870968 437
1737429171830 0.76 438
1737429172148 0.8148148148148148 439
1737429172467 0.8695652173913043 440
1737429172784 0.8333333333333334 441
1737429173103 0.5714285714285714 442
1737429173419 0.7272727272727273 443
1737429173738 0.8666666666666667 444
1737429174057 0.7142857142857143 445
1737429174376 0.6410256410256411 446
1737429174695 0.7297297297297297 447
1737429175011 0.7727272727272727 448
1737429175329 0.8181818181818182 449
1737429175648 0.84 450
1737429175964 0.75 451
1737429176282 0.9166666666666666 452
1737429176599 0.8260869565217391 453
1737429176918 0.8076923076923077 454
1737429177236 0.8421052631578947 455
1737429177554 0.8571428571428571 456
1737429177870 0.76 457
1737429178187 0.8214285714285714 458
1737429178505 0.7714285714285715 459
1737429178823 0.8620689655172413 460
1737429179141 0.7941176470588235 461
1737429179457 0.8 462
1737429179774 0.8620689655172413 463
1737429180093 0.8260869565217391 464
1737429180411 0.8387096774193549 465
1737429180729 0.6818181818181818 466
1737429181047 0.8461538461538461 467
1737429181366 0.6 468
1737429181682 0.8095238095238095 469
1737429182000 0.7619047619047619 470
1737429182317 0.7692307692307693 471
1737429182638 0.7916666666666666 472
1737429182956 0.8888888888888888 473
1737429183273 0.8947368421052632 474
1737429183591 0.9130434782608695 475
1737429183910 0.8275862068965517 476
1737429184228 0.7777777777777778 477
1737429184544 0.7222222222222222 478
1737429184862 0.9310344827586207 479
1737429185179 0.8846153846153846 480
1737429185496 0.782608695652174 481
1737429185813 0.84375 482
1737429186132 0.7586206896551724 483
1737429186452 0.5483870967741935 484
1737429186768 0.8076923076923077 485
1737429187086 0.631578947368421 486
1737429187404 0.6785714285714286 487
1737429187724 0.8076923076923077 488
1737429188042 0.9523809523809523 489
1737429188361 0.8461538461538461 490
1737429188676 0.782608695652174 491
1737429188995 0.8636363636363636 492
1737429189312 0.8095238095238095 493
1737429189629 0.8888888888888888 494
1737429189946 0.7407407407407407 495
1737429190262 0.8333333333333334 496
1737429190578 0.8076923076923077 497
1737429190894 0.782608695652174 498
1737429191212 0.6285714285714286 499
1737429191531 0.7777777777777778 500
1737429191848 0.6785714285714286 501
1737429192166 0.8484848484848485 502
1737429192483 0.8378378378378378 503
1737429192801 0.8636363636363636 504
1737429193119 0.8148148148148148 505
1737429193436 0.75 506
1737429193754 0.8461538461538461 507
1737429194070 0.8571428571428571 508
1737429194387 0.8 509
1737429194705 0.8333333333333334 510
1737429195023 0.875 511
1737429195341 0.71875 512
1737429195656 0.84 513
1737429195973 0.8275862068965517 514
1737429196290 0.75 515
1737429196610 0.775 516
1737429196925 0.8148148148148148 517
1737429197240 0.84375 518
1737429197559 0.896551724137931 519
1737429197876 0.7586206896551724 520
1737429198193 0.9259259259259259 521
1737429198511 0.9310344827586207 522
1737429198829 0.75 523
1737429199146 0.7575757575757576 524
1737429199464 0.7741935483870968 525
1737429199783 0.8125 526
1737429200103 1.0 527
1737429200419 0.7391304347826086 528
1737429200739 0.9230769230769231 529
1737429201056 0.7837837837837838 530
1737429201375 0.7857142857142857 531
1737429201694 0.7 532
1737429202014 0.8571428571428571 533
1737429202332 0.7419354838709677 534
1737429202651 0.8461538461538461 535
1737429202969 0.8846153846153846 536
1737429203287 0.8333333333333334 537
1737429203605 0.8181818181818182 538
1737429203920 0.8928571428571429 539
1737429204239 0.8181818181818182 540
1737429204556 0.8518518518518519 541
1737429204874 0.8333333333333334 542
1737429205190 0.8260869565217391 543
1737429205508 0.7857142857142857 544
1737429205825 0.8571428571428571 545
1737429206144 0.7916666666666666 546
1737429206462 0.8823529411764706 547
1737429206777 0.8181818181818182 548
1737429207097 0.8148148148148148 549
1737429207414 0.8 550
1737429207733 0.9259259259259259 551
1737429208049 0.8235294117647058 552
1737429208363 0.9047619047619048 553
1737429208680 0.8 554
1737429208998 0.9230769230769231 555
1737429209319 0.8695652173913043 556
1737429209636 0.8484848484848485 557
1737429209953 0.8333333333333334 558
1737429210272 0.7727272727272727 559
1737429210587 0.6521739130434783 560
1737429210906 0.7419354838709677 561
1737429211224 0.8484848484848485 562
1737429211540 0.7777777777777778 563
1737429211857 0.8846153846153846 564
1737429212176 0.8333333333333334 565
1737429212492 0.75 566
1737429212809 0.6333333333333333 567
1737429213127 0.9310344827586207 568
1737429213445 0.8666666666666667 569
1737429213763 0.6785714285714286 570
1737429214081 0.8846153846153846 571
1737429214400 0.9166666666666666 572
1737429214717 0.8076923076923077 573
1737429215037 0.6923076923076923 574
1737429215354 0.7647058823529411 575
1737429215673 0.7878787878787878 576
1737429215992 0.8055555555555556 577
1737429216310 0.782608695652174 578
1737429216626 0.75 579
1737429216943 0.8666666666666667 580
1737429217261 0.8387096774193549 581
1737429217579 0.9615384615384616 582
1737429217897 0.896551724137931 583
1737429218214 0.7692307692307693 584
1737429218532 0.7666666666666667 585
1737429218853 0.7916666666666666 586
1737429219172 0.8095238095238095 587
1737429219489 0.8461538461538461 588
1737429219806 0.9629629629629629 589
1737429220124 0.8181818181818182 590
1737429220442 0.6857142857142857 591
1737429220759 0.8064516129032258 592
1737429221077 0.8333333333333334 593
1737429221394 0.7241379310344828 594
1737429221712 0.8636363636363636 595
1737429222029 0.8888888888888888 596
1737429222345 0.8125 597
1737429222666 0.8214285714285714 598
1737429222986 0.75 599
1737429223303 0.8285714285714286 600
1737429223621 0.8064516129032258 601
1737429223939 0.8709677419354839 602
1737429224257 0.78125 603
1737429224575 0.7142857142857143 604
1737429224896 0.8108108108108109 605
1737429225213 0.8484848484848485 606
1737429225531 0.8 607
1737429225850 0.78125 608
1737429226168 0.7272727272727273 609
1737429226487 0.71875 610
1737429226805 0.8 611
1737429227122 0.7272727272727273 612
1737429227440 0.8076923076923077 613
1737429227757 0.9130434782608695 614
1737429228074 0.9310344827586207 615
1737429228394 1.0 616
1737429228711 0.8 617
1737429229028 0.8181818181818182 618
1737429229348 0.8709677419354839 619
1737429229669 0.8214285714285714 620
1737429229986 0.8108108108108109 621
1737429230302 0.7209302325581395 622
1737429230618 0.6857142857142857 623
1737429230937 0.8333333333333334 624
1737429231254 0.8529411764705882 625
1737429231579 0.896551724137931 626
1737429231899 0.875 627
1737429232213 0.88 628
1737429232532 0.8148148148148148 629
1737429232850 0.8484848484848485 630
1737429233168 0.8928571428571429 631
1737429233485 0.8484848484848485 632
1737429233802 0.9333333333333333 633
1737429234118 0.7575757575757576 634
1737429234438 0.8285714285714286 635
1737429234754 0.6764705882352942 636
1737429235072 0.8333333333333334 637
1737429235389 0.8666666666666667 638
1737429235706 0.7272727272727273 639
1737429236026 0.9333333333333333 640
1737429236345 0.7777777777777778 641
1737429236665 0.9230769230769231 642
1737429236983 0.7916666666666666 643
1737429237301 0.75 644
1737429237620 0.8888888888888888 645
1737429237937 0.8666666666666667 646
1737429238257 0.8333333333333334 647
1737429238574 0.78125 648
1737429238892 0.75 649
1737429239211 0.6341463414634146 650
1737429239527 0.8709677419354839 651
1737429239844 0.8823529411764706 652
1737429240162 0.7419354838709677 653
1737429240480 0.8260869565217391 654
1737429240799 0.84 655
1737429241117 0.9583333333333334 656
1737429241435 0.85 657
1737429241753 0.7368421052631579 658
1737429242070 0.9090909090909091 659
1737429242388 0.7 660
1737429242705 0.8275862068965517 661
1737429243023 0.8 662
1737429243340 0.92 663
1737429243658 0.8918918918918919 664
1737429243979 0.75 665
1737429244295 0.8214285714285714 666
1737429244611 0.75 667
1737429244930 0.9 668
1737429245246 0.7857142857142857 669
1737429245564 0.7878787878787878 670
1737429245883 0.8695652173913043 671
1737429246199 0.7391304347826086 672
1737429246519 0.9 673
1737429246838 0.8571428571428571 674
1737429247154 0.8235294117647058 675
1737429247470 0.9310344827586207 676
1737429247788 0.9444444444444444 677
1737429248108 0.8260869565217391 678
1737429248428 0.7272727272727273 679
1737429248745 0.68 680
1737429249063 0.6666666666666666 681
1737429249382 0.8148148148148148 682
1737429249698 0.9444444444444444 683
1737429250014 0.9523809523809523 684
1737429250333 0.7777777777777778 685
1737429250651 0.8709677419354839 686
1737429250970 0.7777777777777778 687
1737429251289 0.84 688
1737429251607 0.96 689
1737429251926 0.84 690
1737429252242 0.8125 691
1737429252559 0.9032258064516129 692
1737429252878 0.8095238095238095 693
1737429253194 0.8571428571428571 694
1737429253509 0.75 695
1737429253830 0.8518518518518519 696
1737429254149 0.8947368421052632 697
1737429254467 0.8571428571428571 698
1737429254784 0.8125 699
1737429255102 0.85 700
1737429255421 0.7666666666666667 701
1737429255739 0.8 702
1737429256058 0.8064516129032258 703
1737429256378 0.9166666666666666 704
1737429256695 0.8275862068965517 705
1737429257015 0.92 706
1737429257330 0.75 707
1737429257647 0.9130434782608695 708
1737429257966 0.9090909090909091 709
1737429258284 0.9090909090909091 710
1737429258600 0.875 711
1737429258918 0.8 712
1737429259236 0.8 713
1737429259556 0.9230769230769231 714
1737429259873 0.7575757575757576 715
1737429260192 0.88 716
1737429260512 0.7777777777777778 717
1737429260829 0.88 718
1737429261149 0.8666666666666667 719
1737429261466 0.8333333333333334 720
1737429261784 0.8148148148148148 721
1737429262101 0.8235294117647058 722
1737429262420 0.64 723
1737429262737 0.8108108108108109 724
1737429263060 0.7692307692307693 725
1737429263391 0.8928571428571429 726
1737429263709 0.782608695652174 727
1737429264026 0.90625 728
1737429264345 0.9655172413793104 729
1737429264662 0.8888888888888888 730
1737429264982 0.8571428571428571 731
1737429265300 0.7096774193548387 732
1737429265617 0.8387096774193549 733
1737429265932 0.71875 734
1737429266251 0.8709677419354839 735
1737429266568 0.8571428571428571 736
1737429266885 0.7666666666666667 737
1737429267205 0.9411764705882353 738
1737429267523 0.88 739
1737429267840 0.9230769230769231 740
1737429268157 0.875 741
1737429268474 0.7647058823529411 742
1737429268792 0.875 743
1737429269112 0.7586206896551724 744
1737429269428 0.8055555555555556 745
1737429269749 0.75 746
1737429270067 0.8695652173913043 747
1737429270386 0.8529411764705882 748
1737429270704 0.9166666666666666 749
1737429271021 0.8571428571428571 750
1737429271340 0.8518518518518519 751
1737429271658 0.7037037037037037 752
1737429271976 0.75 753
1737429272294 0.875 754
1737429272612 0.9142857142857143 755
1737429272929 0.6774193548387096 756
1737429273249 0.7837837837837838 757
1737429273567 0.8484848484848485 758
1737429273885 0.84375 759
1737429274204 0.8636363636363636 760
1737429274522 0.7894736842105263 761
1737429274840 0.9090909090909091 762
1737429275159 0.8928571428571429 763
1737429275477 0.8636363636363636 764
1737429275799 0.8571428571428571 765
1737429276117 0.9130434782608695 766
1737429276436 0.9166666666666666 767
1737429276754 0.7222222222222222 768
1737429277074 0.9310344827586207 769
1737429277392 0.7307692307692307 770
1737429277711 0.7096774193548387 771
1737429278029 0.9444444444444444 772
1737429278349 0.8 773
1737429278666 0.7777777777777778 774
1737429278985 0.7857142857142857 775
1737429279303 0.7931034482758621 776
1737429279621 0.8 777
1737429279940 0.8461538461538461 778
1737429280256 0.9545454545454546 779
1737429280575 0.8181818181818182 780
1737429280893 0.875 781
1737429281211 0.6956521739130435 782
1737429281529 0.7894736842105263 783
1737429281848 0.9090909090909091 784
1737429282165 0.8148148148148148 785
1737429282482 0.7037037037037037 786
1737429282801 0.7586206896551724 787
1737429283121 1.0 788
1737429283439 0.7575757575757576 789
1737429283756 0.8387096774193549 790
1737429284075 0.8709677419354839 791
1737429284392 0.8095238095238095 792
1737429284708 0.9583333333333334 793
1737429285025 0.95 794
1737429285343 0.8947368421052632 795
1737429285660 0.9047619047619048 796
1737429285979 0.8928571428571429 797
1737429286295 0.782608695652174 798
1737429286613 0.896551724137931 799
1737429286931 0.7741935483870968 800
1737429287256 0.7037037037037037 801
1737429287575 0.9 802
1737429287892 0.8787878787878788 803
1737429288210 0.6818181818181818 804
1737429288530 0.8076923076923077 805
1737429288848 0.896551724137931 806
1737429289163 0.8620689655172413 807
1737429289482 0.8620689655172413 808
1737429289801 0.8275862068965517 809
1737429290119 0.8 810
1737429290437 0.8214285714285714 811
1737429290754 0.875 812
1737429291072 0.6451612903225806 813
1737429291391 0.6875 814
1737429291719 0.7941176470588235 815
1737429292039 0.9166666666666666 816
1737429292364 0.7575757575757576 817
1737429292682 0.92 818
1737429293001 0.967741935483871 819
1737429293319 0.8888888888888888 820
1737429293637 0.9 821
1737429293959 0.8076923076923077 822
1737429294278 0.8461538461538461 823
1737429294597 0.7894736842105263 824
1737429294915 0.9615384615384616 825
1737429295233 0.8181818181818182 826
1737429295552 0.896551724137931 827
1737429295868 0.9032258064516129 828
1737429296186 0.9032258064516129 829
1737429296503 0.7916666666666666 830
1737429296822 0.7647058823529411 831
1737429297142 0.6153846153846154 832
1737429297461 0.8275862068965517 833
1737429297778 0.6296296296296297 834
1737429298097 0.8275862068965517 835
1737429298414 0.8 836
1737429298733 0.9629629629629629 837
1737429299052 1.0 838
1737429299368 0.7307692307692307 839
1737429299685 0.8 840
1737429300005 0.8333333333333334 841
1737429300327 0.8275862068965517 842
1737429300644 0.7407407407407407 843
1737429300963 0.8709677419354839 844
1737429301281 0.8181818181818182 845
1737429301601 0.7575757575757576 846
1737429301919 0.696969696969697 847
1737429302237 0.8636363636363636 848
1737429302555 0.8666666666666667 849
1737429302873 0.9047619047619048 850
1737429303191 0.8947368421052632 851
1737429303508 0.8571428571428571 852
1737429303826 0.7352941176470589 853
1737429304142 0.5652173913043478 854
1737429304457 0.76 855
1737429304774 0.7647058823529411 856
1737429305093 0.8461538461538461 857
1737429305414 0.7575757575757576 858
1737429305734 0.8333333333333334 859
1737429306051 0.8064516129032258 860
1737429306369 0.9 861
1737429306584 0.9333333333333333 862
1737429324079 0.8333333333333334 863
1737429324399 0.8275862068965517 864
1737429324716 0.7777777777777778 865
1737429325032 0.6666666666666666 866
1737429325350 0.7714285714285715 867
1737429325667 0.8857142857142857 868
1737429325985 0.7058823529411765 869
1737429326300 1.0 870
1737429326617 0.8214285714285714 871
1737429326934 0.8518518518518519 872
1737429327254 0.8846153846153846 873
1737429327572 0.8461538461538461 874
1737429327889 0.9 875
1737429328205 0.9583333333333334 876
1737429328524 0.8 877
1737429328838 0.8064516129032258 878
1737429329153 0.9428571428571428 879
1737429329470 0.8928571428571429 880
1737429329788 1.0 881
1737429330104 0.8 882
1737429330422 0.782608695652174 883
1737429330739 0.9285714285714286 884
1737429331057 0.8125 885
1737429331375 0.8157894736842105 886
1737429331693 0.7142857142857143 887
1737429332011 0.7777777777777778 888
1737429332331 0.6333333333333333 889
1737429332649 0.75 890
1737429332966 0.8076923076923077 891
1737429333283 0.9655172413793104 892
1737429333600 0.8571428571428571 893
1737429333919 0.8076923076923077 894
1737429334236 0.8518518518518519 895
1737429334554 0.8461538461538461 896
1737429334874 0.8148148148148148 897
1737429335191 0.9545454545454546 898
1737429335511 0.7037037037037037 899
1737429335827 0.7241379310344828 900
1737429336144 0.9142857142857143 901
1737429336461 0.7241379310344828 902
1737429336780 0.7916666666666666 903
1737429337099 0.9130434782608695 904
1737429337415 0.696969696969697 905
1737429337732 0.8333333333333334 906
1737429338053 0.6 907
1737429338370 0.6774193548387096 908
1737429338688 0.75 909
1737429339003 0.8846153846153846 910
1737429339321 0.8214285714285714 911
1737429339640 0.8260869565217391 912
1737429339956 0.8095238095238095 913
1737429340274 0.8620689655172413 914
1737429340592 0.9 915
1737429340909 0.9333333333333333 916
1737429341227 0.9166666666666666 917
1737429341545 0.96 918
1737429341862 0.8235294117647058 919
1737429342183 0.9032258064516129 920
1737429342505 0.918918918918919 921
1737429342822 0.7307692307692307 922
1737429343142 0.7317073170731707 923
1737429343458 0.8695652173913043 924
1737429343777 0.8484848484848485 925
1737429344095 0.8148148148148148 926
1737429344413 0.8214285714285714 927
1737429344729 0.8108108108108109 928
1737429345048 0.8333333333333334 929
1737429345369 0.8484848484848485 930
1737429345689 0.84 931
1737429346004 0.9310344827586207 932
1737429346320 0.88 933
1737429346640 0.8888888888888888 934
1737429346958 0.9230769230769231 935
1737429347275 0.8620689655172413 936
1737429347593 0.7307692307692307 937
1737429347910 0.896551724137931 938
1737429348230 0.90625 939
1737429348548 0.7894736842105263 940
1737429348864 0.7666666666666667 941
1737429349185 0.8695652173913043 942
1737429349502 0.8461538461538461 943
1737429349821 0.8648648648648649 944
1737429350138 0.8529411764705882 945
1737429350455 0.8333333333333334 946
1737429350772 0.96 947
1737429351092 0.8620689655172413 948
1737429351428 0.8636363636363636 949
1737429351752 0.8064516129032258 950
1737429352070 0.7 951
1737429352389 0.8846153846153846 952
1737429352709 0.7878787878787878 953
1737429353027 0.78125 954
1737429353341 0.7083333333333334 955
1737429353659 0.9 956
1737429353976 0.8787878787878788 957
1737429354292 0.9 958
1737429354613 0.72 959
1737429354931 0.8064516129032258 960
1737429355249 0.7878787878787878 961
1737429355564 0.8421052631578947 962
1737429355882 0.9333333333333333 963
1737429356198 0.8148148148148148 964
1737429356518 0.9583333333333334 965
1737429356838 0.782608695652174 966
1737429357153 0.8888888888888888 967
1737429357469 0.9310344827586207 968
1737429357788 0.7428571428571429 969
1737429358108 0.8 970
1737429358426 0.9230769230769231 971
1737429358745 0.875 972
1737429359060 0.8888888888888888 973
1737429359379 0.7894736842105263 974
1737429359695 0.8928571428571429 975
1737429360013 0.9411764705882353 976
1737429360337 0.7241379310344828 977
1737429360653 0.7105263157894737 978
1737429360970 0.7272727272727273 979
1737429361289 0.8064516129032258 980
1737429361605 0.7419354838709677 981
1737429361925 0.6956521739130435 982
1737429362242 0.8275862068965517 983
1737429362557 0.9583333333333334 984
1737429362873 0.9166666666666666 985
1737429363191 0.8181818181818182 986
1737429363510 0.925 987
1737429363828 0.8484848484848485 988
1737429364148 0.7241379310344828 989
1737429364465 0.7352941176470589 990
1737429364783 0.8205128205128205 991
1737429365100 0.8787878787878788 992
1737429365418 0.8387096774193549 993
1737429365737 0.9 994
1737429366053 0.9 995
1737429366372 0.9583333333333334 996
1737429366689 0.9393939393939394 997
1737429367006 0.7619047619047619 998
1737429367323 0.9 999
1737429367641 0.896551724137931 1000
1737429367961 0.8275862068965517 1001
1737429368277 0.78125 1002
1737429368596 1.0 1003
1737429368915 0.9090909090909091 1004
1737429369237 0.7391304347826086 1005
1737429369553 0.8571428571428571 1006
1737429369871 0.8214285714285714 1007
1737429370190 0.9166666666666666 1008
1737429370508 0.896551724137931 1009
1737429370826 0.9459459459459459 1010
1737429371143 0.8 1011
1737429371459 0.7083333333333334 1012
1737429371779 1.0 1013
1737429372096 0.6875 1014
1737429372412 0.9310344827586207 1015
1737429372730 0.8275862068965517 1016
1737429373047 1.0 1017
1737429373399 0.8333333333333334 1018
1737429373720 0.8064516129032258 1019
1737429374037 0.8333333333333334 1020
1737429374356 0.8571428571428571 1021
1737429374673 0.717948717948718 1022
1737429374992 0.8928571428571429 1023
1737429375308 0.875 1024
1737429375627 0.9666666666666667 1025
1737429375945 0.9259259259259259 1026
1737429376263 0.8787878787878788 1027
1737429376579 0.8888888888888888 1028
1737429376896 0.9130434782608695 1029
1737429377216 0.8571428571428571 1030
1737429377543 0.8888888888888888 1031
1737429377860 0.8709677419354839 1032
1737429378176 0.7142857142857143 1033
1737429378495 0.9230769230769231 1034
1737429378812 0.8846153846153846 1035
1737429379130 0.7 1036
1737429379449 0.8620689655172413 1037
1737429379764 0.8888888888888888 1038
1737429380082 0.7 1039
1737429380401 0.84 1040
1737429380720 0.8666666666666667 1041
1737429381038 0.8518518518518519 1042
1737429381358 0.8709677419354839 1043
1737429381675 0.8484848484848485 1044
1737429381995 0.8333333333333334 1045
1737429382312 0.8 1046
1737429382630 0.8709677419354839 1047
1737429382949 0.8484848484848485 1048
1737429383270 0.8333333333333334 1049
1737429383587 0.7407407407407407 1050
1737429383904 1.0 1051
1737429384222 0.7428571428571429 1052
1737429384540 0.9583333333333334 1053
1737429384857 0.76 1054
1737429385173 0.8214285714285714 1055
1737429385491 0.9696969696969697 1056
1737429385811 0.7931034482758621 1057
1737429386130 0.9230769230769231 1058
1737429386446 0.9705882352941176 1059
1737429386763 0.9090909090909091 1060
1737429387081 0.7407407407407407 1061
1737429387400 0.7307692307692307 1062
1737429387719 0.75 1063
1737429388036 0.8709677419354839 1064
1737429388355 0.9629629629629629 1065
1737429388679 0.8 1066
1737429389014 0.8928571428571429 1067
1737429389329 0.8620689655172413 1068
1737429389644 0.8928571428571429 1069
1737429389964 0.75 1070
1737429390280 0.8076923076923077 1071
1737429390598 0.9166666666666666 1072
1737429390914 0.8 1073
1737429391239 0.75 1074
1737429391557 0.8285714285714286 1075
1737429391874 0.8709677419354839 1076
1737429392192 0.875 1077
1737429392511 0.9032258064516129 1078
1737429392831 0.8636363636363636 1079
1737429393147 0.9696969696969697 1080
1737429393465 0.85 1081
1737429393783 0.9259259259259259 1082
1737429394100 0.92 1083
1737429394418 0.8461538461538461 1084
1737429394736 0.9333333333333333 1085
1737429395054 0.8461538461538461 1086
1737429395373 0.8888888888888888 1087
1737429395691 0.9428571428571428 1088
1737429396010 0.9666666666666667 1089
1737429396326 0.8125 1090
1737429396644 0.8378378378378378 1091
1737429396964 0.875 1092
1737429397286 0.8275862068965517 1093
1737429397605 0.7575757575757576 1094
1737429397923 0.9534883720930233 1095
1737429398241 1.0 1096
1737429398558 0.9354838709677419 1097
1737429398877 0.9354838709677419 1098
1737429399194 0.8620689655172413 1099
1737429399509 0.9032258064516129 1100
1737429399825 0.8064516129032258 1101
1737429400142 0.8076923076923077 1102
1737429400458 0.8333333333333334 1103
1737429400773 0.88 1104
1737429401092 0.875 1105
1737429401409 0.9047619047619048 1106
1737429401728 0.8888888888888888 1107
1737429402044 0.8 1108
1737429402360 0.8571428571428571 1109
1737429402678 0.8709677419354839 1110
1737429402996 0.8333333333333334 1111
1737429403313 0.7027027027027027 1112
1737429403633 0.717391304347826 1113
1737429403952 0.8181818181818182 1114
1737429404269 0.9 1115
1737429404587 0.8214285714285714 1116
1737429404903 0.90625 1117
1737429405221 0.9230769230769231 1118
1737429405539 0.9393939393939394 1119
1737429405858 0.8636363636363636 1120
1737429406175 0.90625 1121
1737429406494 0.8333333333333334 1122
1737429406809 0.9090909090909091 1123
1737429407128 0.8275862068965517 1124
1737429407444 0.9166666666666666 1125
1737429407762 0.9117647058823529 1126
1737429408081 0.8148148148148148 1127
1737429408399 0.8461538461538461 1128
1737429408716 0.8148148148148148 1129
1737429409037 0.8888888888888888 1130
1737429409368 0.9375 1131
1737429409685 0.8620689655172413 1132
1737429410003 0.896551724137931 1133
1737429410320 0.88 1134
1737429410638 0.8 1135
1737429410957 0.8461538461538461 1136
1737429411275 0.8620689655172413 1137
1737429411594 0.8461538461538461 1138
1737429411915 0.8285714285714286 1139
1737429412231 0.875 1140
1737429412551 0.9 1141
1737429412869 0.8421052631578947 1142
1737429413186 0.9230769230769231 1143
1737429413502 0.88 1144
1737429413822 0.8709677419354839 1145
1737429414139 0.7777777777777778 1146
1737429414456 0.8387096774193549 1147
1737429414775 0.7083333333333334 1148
1737429415091 0.9032258064516129 1149
1737429415410 0.9285714285714286 1150
1737429415734 0.9583333333333334 1151
1737429416053 1.0 1152
1737429416372 0.9642857142857143 1153
1737429416691 0.9285714285714286 1154
1737429417007 0.9696969696969697 1155
1737429417325 0.8 1156
1737429417643 0.875 1157
1737429417962 0.8275862068965517 1158
1737429418280 0.8928571428571429 1159
1737429418599 0.8666666666666667 1160
1737429418918 0.84 1161
1737429419238 0.9655172413793104 1162
1737429419556 0.9090909090909091 1163
1737429419873 0.9666666666666667 1164
1737429420193 0.8928571428571429 1165
1737429420521 0.8181818181818182 1166
1737429420853 0.7352941176470589 1167
1737429421171 0.8 1168
1737429421488 0.7692307692307693 1169
1737429421805 0.9090909090909091 1170
1737429422123 0.8888888888888888 1171
1737429422441 1.0 1172
1737429422762 0.9629629629629629 1173
1737429423087 0.9130434782608695 1174
1737429423405 0.8636363636363636 1175
1737429423725 0.9310344827586207 1176
1737429424042 0.92 1177
1737429424360 0.6956521739130435 1178
1737429424680 0.9166666666666666 1179
1737429424999 0.868421052631579 1180
1737429425319 0.9393939393939394 1181
1737429425638 0.7714285714285715 1182
1737429425957 0.7878787878787878 1183
1737429426276 0.7692307692307693 1184
1737429426593 0.9032258064516129 1185
1737429426913 0.8181818181818182 1186
1737429427231 0.9354838709677419 1187
1737429427550 1.0 1188
1737429427871 0.8421052631578947 1189
1737429428189 0.8928571428571429 1190
1737429428506 0.8888888888888888 1191
1737429428825 0.7586206896551724 1192
1737429429144 0.7837837837837838 1193
1737429429461 0.9090909090909091 1194
1737429429779 0.875 1195
1737429430097 0.7307692307692307 1196
1737429430416 0.9117647058823529 1197
1737429430734 0.8181818181818182 1198
1737429431051 0.9615384615384616 1199
1737429431369 0.9565217391304348 1200
1737429431686 1.0 1201
1737429432004 0.9629629629629629 1202
1737429432325 0.9615384615384616 1203
1737429432642 0.9583333333333334 1204
1737429432961 0.8611111111111112 1205
1737429433280 0.7666666666666667 1206
1737429433598 0.7894736842105263 1207
1737429433915 0.8571428571428571 1208
1737429434233 0.9615384615384616 1209
1737429434553 0.8857142857142857 1210
1737429434872 0.75 1211
1737429435190 0.8709677419354839 1212
1737429435509 0.88 1213
1737429435828 1.0 1214
1737429436146 0.9736842105263158 1215
1737429436464 1.0 1216
1737429436781 0.8571428571428571 1217
1737429437100 0.8181818181818182 1218
1737429437421 0.9473684210526315 1219
1737429437738 0.9393939393939394 1220
1737429438059 0.8148148148148148 1221
1737429438378 0.9696969696969697 1222
1737429438695 0.8666666666666667 1223
1737429439015 0.7435897435897436 1224
1737429439333 0.7857142857142857 1225
1737429439649 0.8181818181818182 1226
1737429439966 0.9714285714285714 1227
1737429440283 0.8888888888888888 1228
1737429440600 0.8095238095238095 1229
1737429440918 0.8636363636363636 1230
1737429441237 0.90625 1231
1737429441556 0.78125 1232
1737429441874 0.875 1233
1737429442192 0.92 1234
1737429442508 0.7666666666666667 1235
1737429442826 0.8064516129032258 1236
1737429443144 0.8214285714285714 1237
1737429443465 0.7428571428571429 1238
1737429443780 0.8076923076923077 1239
1737429444097 0.8095238095238095 1240
1737429444416 0.875 1241
1737429444734 0.9230769230769231 1242
1737429445050 1.0 1243
1737429445370 0.8846153846153846 1244
1737429445687 0.90625 1245
1737429446009 0.9230769230769231 1246
1737429446326 0.8888888888888888 1247
1737429446644 0.875 1248
1737429446963 0.9615384615384616 1249
1737429447284 0.9090909090909091 1250
1737429447600 0.96 1251
1737429447918 0.8484848484848485 1252
1737429448235 0.8333333333333334 1253
1737429448554 0.8666666666666667 1254
1737429448872 0.7391304347826086 1255
1737429449188 0.9583333333333334 1256
1737429449506 0.9 1257
1737429449824 0.9655172413793104 1258
1737429450143 0.9210526315789473 1259
1737429450461 0.9285714285714286 1260
1737429450777 0.9310344827586207 1261
1737429451095 0.8571428571428571 1262
1737429451412 0.8214285714285714 1263
1737429451732 0.9142857142857143 1264
1737429452048 0.9230769230769231 1265
1737429452367 0.8857142857142857 1266
1737429452688 0.7741935483870968 1267
1737429453006 0.8387096774193549 1268
1737429453323 0.7666666666666667 1269
1737429453641 0.7435897435897436 1270
1737429453960 0.9 1271
1737429454276 0.95 1272
1737429454596 0.9583333333333334 1273
1737429454913 0.9047619047619048 1274
1737429455231 1.0 1275
1737429455551 0.9375 1276
1737429455870 0.9333333333333333 1277
1737429456186 0.8846153846153846 1278
1737429456506 0.92 1279
1737429456823 0.8787878787878788 1280
1737429457143 0.78125 1281
1737429457462 0.9069767441860465 1282
1737429457779 0.875 1283
1737429458098 0.7906976744186046 1284
1737429458414 0.8611111111111112 1285
1737429458732 0.7575757575757576 1286
1737429459050 0.8333333333333334 1287
1737429459370 0.84375 1288
1737429459688 0.8846153846153846 1289
1737429460008 0.9130434782608695 1290
1737429460326 0.92 1291
1737429460644 0.9615384615384616 1292
1737429460965 0.8076923076923077 1293
1737429461283 0.9666666666666667 1294
1737429461603 0.875 1295
1737429461919 0.8387096774193549 1296
1737429462237 0.9285714285714286 1297
1737429462556 0.9 1298
1737429462874 0.9285714285714286 1299
1737429463191 0.8928571428571429 1300
1737429463510 0.8064516129032258 1301
1737429463829 0.9230769230769231 1302
1737429464149 0.88 1303
1737429464468 0.7105263157894737 1304
1737429464788 1.0 1305
1737429465105 0.8947368421052632 1306
1737429465422 0.7222222222222222 1307
1737429465741 0.7297297297297297 1308
1737429466058 0.7435897435897436 1309
1737429466375 0.7916666666666666 1310
1737429466693 0.8484848484848485 1311
1737429467013 0.8484848484848485 1312
1737429467332 0.8275862068965517 1313
1737429467650 0.9615384615384616 1314
1737429467967 0.9230769230769231 1315
1737429468288 0.84 1316
1737429468605 0.8947368421052632 1317
1737429468922 0.8620689655172413 1318
1737429469239 0.8620689655172413 1319
1737429469557 0.8928571428571429 1320
1737429469874 0.7714285714285715 1321
1737429470195 0.8823529411764706 1322
1737429470513 0.775 1323
1737429470832 0.8235294117647058 1324
1737429471151 0.9354838709677419 1325
1737429471471 0.9090909090909091 1326
1737429471793 0.9 1327
1737429472112 0.7647058823529411 1328
1737429472428 0.9565217391304348 1329
1737429472746 0.8333333333333334 1330
1737429473063 0.8181818181818182 1331
1737429473381 0.8636363636363636 1332
1737429473700 0.8461538461538461 1333
1737429474019 0.8148148148148148 1334
1737429474337 0.84375 1335
1737429474653 0.9333333333333333 1336
1737429474972 0.8888888888888888 1337
1737429475291 0.875 1338
1737429475608 0.8928571428571429 1339
1737429475925 0.8421052631578947 1340
1737429476244 0.8974358974358975 1341
1737429476561 0.9285714285714286 1342
1737429476878 0.8148148148148148 1343
1737429477198 0.8857142857142857 1344
1737429477514 0.9259259259259259 1345
1737429477831 0.7037037037037037 1346
1737429478150 0.8666666666666667 1347
1737429478468 0.7777777777777778 1348
1737429478786 0.7307692307692307 1349
1737429479104 0.8571428571428571 1350
1737429479421 0.9230769230769231 1351
1737429479740 0.8823529411764706 1352
1737429480057 0.8333333333333334 1353
1737429480375 0.8 1354
1737429480692 0.8518518518518519 1355
1737429481008 0.8125 1356
1737429481327 0.9310344827586207 1357
1737429481646 0.9615384615384616 1358
1737429481965 0.696969696969697 1359
1737429482284 0.8 1360
1737429482605 0.6774193548387096 1361
1737429482923 0.9130434782608695 1362
1737429483241 0.8846153846153846 1363
1737429483560 0.9655172413793104 1364
1737429483879 0.9142857142857143 1365
1737429484198 0.9523809523809523 1366
1737429484519 0.8 1367
1737429484839 0.6923076923076923 1368
1737429485157 0.8709677419354839 1369
1737429485476 0.8518518518518519 1370
1737429485792 0.7857142857142857 1371
1737429486112 0.8064516129032258 1372
1737429486432 0.8695652173913043 1373
1737429486753 0.92 1374
1737429487070 0.9259259259259259 1375
1737429487388 0.8666666666666667 1376
1737429487707 0.9545454545454546 1377
1737429488027 0.8717948717948718 1378
1737429488346 0.8928571428571429 1379
1737429488662 0.9032258064516129 1380
1737429488981 0.9666666666666667 1381
1737429489300 0.7647058823529411 1382
1737429489617 0.9354838709677419 1383
1737429489935 0.967741935483871 1384
1737429490252 0.8518518518518519 1385
1737429490569 0.8529411764705882 1386
1737429490888 0.9 1387
1737429491208 0.90625 1388
1737429491524 1.0 1389
1737429491844 0.8148148148148148 1390
1737429492163 0.896551724137931 1391
1737429492482 0.9117647058823529 1392
1737429492799 0.9259259259259259 1393
1737429493119 0.8 1394
1737429493438 0.896551724137931 1395
1737429493757 0.8235294117647058 1396
1737429494075 0.8666666666666667 1397
1737429494394 0.875 1398
1737429494713 0.8285714285714286 1399
1737429495029 0.9615384615384616 1400
1737429495350 1.0 1401
1737429495666 0.8260869565217391 1402
1737429495985 0.92 1403
1737429496304 0.8666666666666667 1404
1737429496622 0.8695652173913043 1405
1737429496939 0.8333333333333334 1406
1737429497259 0.8888888888888888 1407
1737429497579 0.8571428571428571 1408
1737429497896 0.8823529411764706 1409
1737429498215 0.8695652173913043 1410
1737429498535 0.8 1411
1737429498854 0.8529411764705882 1412
1737429499173 0.9354838709677419 1413
1737429499493 0.8378378378378378 1414
1737429499811 0.9130434782608695 1415
1737429500130 0.88 1416
1737429500450 0.9642857142857143 1417
1737429500767 0.8571428571428571 1418
1737429501086 0.7948717948717948 1419
1737429501403 0.8709677419354839 1420
1737429501721 0.9545454545454546 1421
1737429502039 0.7142857142857143 1422
1737429502358 0.8 1423
1737429502673 0.9393939393939394 1424
1737429502998 0.8292682926829268 1425
1737429503317 0.8275862068965517 1426
1737429503634 0.7878787878787878 1427
1737429503952 0.7222222222222222 1428
1737429504269 0.7586206896551724 1429
1737429504586 0.9393939393939394 1430
1737429504905 0.90625 1431
1737429505223 0.8 1432
1737429505540 0.9230769230769231 1433
1737429505859 0.9705882352941176 1434
1737429506175 0.88 1435
1737429506497 0.78125 1436
1737429506813 0.7941176470588235 1437
1737429507131 0.8666666666666667 1438
1737429507451 0.8529411764705882 1439
1737429507769 0.9130434782608695 1440
1737429508089 0.896551724137931 1441
1737429508405 0.8157894736842105 1442
1737429508721 0.9310344827586207 1443
1737429509038 0.8787878787878788 1444
1737429509361 0.9354838709677419 1445
1737429509675 0.875 1446
1737429509995 0.8181818181818182 1447
1737429510313 0.875 1448
1737429510631 0.875 1449
1737429510949 0.9629629629629629 1450
1737429511268 0.96875 1451
1737429511586 0.8823529411764706 1452
1737429511904 0.8125 1453
1737429512222 0.9032258064516129 1454
1737429512541 0.875 1455
1737429512857 0.8 1456
1737429513174 0.8620689655172413 1457
1737429513493 0.875 1458
1737429513811 0.7894736842105263 1459
1737429514128 0.9285714285714286 1460
1737429514446 0.8666666666666667 1461
1737429514762 0.8888888888888888 1462
1737429515080 0.8823529411764706 1463
1737429515397 0.9166666666666666 1464
1737429515715 0.8787878787878788 1465
1737429516032 0.8571428571428571 1466
1737429516352 0.868421052631579 1467
1737429516669 0.967741935483871 1468
1737429516987 0.90625 1469
1737429517304 0.8928571428571429 1470
1737429517621 0.8333333333333334 1471
1737429517938 0.8275862068965517 1472
1737429518256 0.875 1473
1737429518575 0.7241379310344828 1474
1737429518893 0.8 1475
1737429519212 0.8571428571428571 1476
1737429519528 0.8857142857142857 1477
1737429519848 0.9259259259259259 1478
1737429520169 0.84375 1479
1737429520487 0.7777777777777778 1480
1737429520804 0.9333333333333333 1481
1737429521122 0.96 1482
1737429521440 0.8709677419354839 1483
1737429521759 0.9 1484
1737429522077 0.7878787878787878 1485
1737429522396 0.9117647058823529 1486
1737429522712 0.9090909090909091 1487
1737429523030 0.9310344827586207 1488
1737429523348 0.8918918918918919 1489
1737429523665 0.9230769230769231 1490
1737429523982 0.8157894736842105 1491
1737429524300 0.9032258064516129 1492
1737429524617 0.8857142857142857 1493
1737429524934 0.90625 1494
1737429525253 0.9411764705882353 1495
1737429525571 0.7878787878787878 1496
1737429525891 0.8611111111111112 1497
1737429526209 0.8 1498
1737429526528 0.9285714285714286 1499
1737429526845 0.8709677419354839 1500
1737429527162 0.8947368421052632 1501
1737429527484 1.0 1502
1737429527800 0.88 1503
1737429528118 0.9285714285714286 1504
1737429528437 0.8846153846153846 1505
1737429528757 0.88 1506
1737429529075 0.9047619047619048 1507
1737429529393 0.9375 1508
1737429529712 0.9310344827586207 1509
1737429530029 0.9629629629629629 1510
1737429530347 0.84375 1511
1737429530665 0.675 1512
1737429530983 0.8787878787878788 1513
1737429531304 0.8648648648648649 1514
1737429531623 0.7586206896551724 1515
1737429531944 0.7741935483870968 1516
1737429532262 0.78125 1517
1737429532578 0.896551724137931 1518
1737429532896 0.8636363636363636 1519
1737429533216 0.88 1520
1737429533533 0.9565217391304348 1521
1737429533850 0.8421052631578947 1522
1737429534168 0.8888888888888888 1523
1737429534487 0.9411764705882353 1524
1737429534804 0.9230769230769231 1525
1737429535122 0.9696969696969697 1526
1737429535439 0.90625 1527
1737429535757 0.8461538461538461 1528
1737429536075 0.8076923076923077 1529
1737429536393 0.8823529411764706 1530
1737429536711 0.7142857142857143 1531
1737429537029 0.7857142857142857 1532
1737429537348 0.875 1533
1737429537666 0.8928571428571429 1534
1737429537985 0.8148148148148148 1535
1737429538304 0.8695652173913043 1536
1737429538623 0.9130434782608695 1537
1737429538941 0.9666666666666667 1538
1737429539258 0.9523809523809523 1539
1737429539576 0.9565217391304348 1540
1737429539896 0.8260869565217391 1541
1737429540214 0.8333333333333334 1542
1737429540533 0.8666666666666667 1543
1737429540850 0.8620689655172413 1544
1737429541167 0.875 1545
1737429541487 0.8275862068965517 1546
1737429541806 0.75 1547
1737429542123 0.8717948717948718 1548
1737429542443 0.8125 1549
1737429542761 0.9230769230769231 1550
1737429543079 0.9032258064516129 1551
1737429543397 0.8125 1552
1737429543717 0.84375 1553
1737429544037 0.8974358974358975 1554
1737429544354 0.9523809523809523 1555
1737429544673 0.9642857142857143 1556
1737429544994 0.8823529411764706 1557
1737429545311 0.8529411764705882 1558
1737429545630 0.9090909090909091 1559
1737429545947 0.9130434782608695 1560
1737429546265 0.9 1561
1737429546583 0.8 1562
1737429546903 0.7878787878787878 1563
1737429547223 0.8181818181818182 1564
1737429547541 0.8125 1565
1737429547860 0.92 1566
1737429548180 1.0 1567
1737429548498 0.9583333333333334 1568
1737429548815 0.8636363636363636 1569
1737429549132 0.9523809523809523 1570
1737429549449 0.92 1571
1737429549767 1.0 1572
1737429550088 0.9565217391304348 1573
1737429550403 0.896551724137931 1574
1737429550722 0.875 1575
1737429551040 0.9666666666666667 1576
1737429551355 0.7714285714285715 1577
1737429551675 0.96 1578
1737429551992 0.7727272727272727 1579
1737429552313 0.9583333333333334 1580
1737429552630 0.9354838709677419 1581
1737429552947 0.875 1582
1737429553264 0.8846153846153846 1583
1737429553583 0.9090909090909091 1584
1737429553901 0.8095238095238095 1585
1737429554219 0.8918918918918919 1586
1737429554537 0.875 1587
1737429554854 0.8928571428571429 1588
1737429555175 0.8571428571428571 1589
1737429555493 0.967741935483871 1590
1737429555809 0.9310344827586207 1591
1737429556126 0.8518518518518519 1592
1737429556447 0.8709677419354839 1593
1737429556767 0.7777777777777778 1594
1737429557086 0.90625 1595
1737429557402 0.7575757575757576 1596
1737429557722 0.9032258064516129 1597
1737429558040 0.8529411764705882 1598
1737429558359 0.896551724137931 1599
1737429558675 0.9444444444444444 1600
1737429558994 0.8928571428571429 1601
1737429559320 0.9285714285714286 1602
1737429559642 0.9 1603
1737429559963 0.7714285714285715 1604
1737429560280 0.8529411764705882 1605
1737429560598 0.8 1606
1737429560917 0.8648648648648649 1607
1737429561235 0.8888888888888888 1608
1737429561551 0.9565217391304348 1609
1737429561869 0.8285714285714286 1610
1737429562188 0.9 1611
1737429562507 0.8846153846153846 1612
1737429562825 0.9 1613
1737429563142 0.8928571428571429 1614
1737429563460 0.7586206896551724 1615
1737429563778 0.875 1616
1737429564097 0.9210526315789473 1617
1737429564417 0.7666666666666667 1618
1737429564736 0.8378378378378378 1619
1737429565055 0.967741935483871 1620
1737429565374 0.9655172413793104 1621
1737429565691 0.9130434782608695 1622
1737429566009 0.90625 1623
1737429566328 0.92 1624
1737429566647 0.9354838709677419 1625
1737429566967 0.95 1626
1737429567284 0.9354838709677419 1627
1737429567603 0.9615384615384616 1628
1737429567923 0.92 1629
1737429568241 0.7727272727272727 1630
1737429568559 0.9259259259259259 1631
1737429568878 0.7777777777777778 1632
1737429569198 0.88 1633
1737429569518 0.9705882352941176 1634
1737429569834 0.8571428571428571 1635
1737429570152 0.9117647058823529 1636
1737429570471 0.8214285714285714 1637
1737429570792 0.7837837837837838 1638
1737429571112 0.7333333333333333 1639
1737429571431 0.9310344827586207 1640
1737429571750 0.9583333333333334 1641
1737429572071 0.8461538461538461 1642
1737429572390 0.9615384615384616 1643
1737429572706 0.8636363636363636 1644
1737429573025 0.9032258064516129 1645
1737429573344 1.0 1646
1737429573664 0.8846153846153846 1647
1737429573983 0.7777777777777778 1648
1737429574299 0.8333333333333334 1649
1737429574615 0.9090909090909091 1650
1737429574933 0.7714285714285715 1651
1737429575251 0.8387096774193549 1652
1737429575570 0.813953488372093 1653
1737429575888 0.76 1654
1737429576206 0.9629629629629629 1655
1737429576526 0.88 1656
1737429576842 1.0 1657
1737429577159 0.9565217391304348 1658
1737429577478 0.967741935483871 1659
1737429577799 0.9047619047619048 1660
1737429578119 0.9642857142857143 1661
1737429578438 0.8666666666666667 1662
1737429578758 0.7777777777777778 1663
1737429579075 0.9285714285714286 1664
1737429579393 0.9090909090909091 1665
1737429579709 0.7391304347826086 1666
1737429580027 0.8333333333333334 1667
1737429580345 0.9090909090909091 1668
1737429580667 0.875 1669
1737429580986 0.9666666666666667 1670
1737429581304 0.8666666666666667 1671
1737429581623 0.9166666666666666 1672
1737429581940 0.8928571428571429 1673
1737429582259 0.8333333333333334 1674
1737429582578 0.8333333333333334 1675
1737429582896 0.8787878787878788 1676
1737429583214 0.9310344827586207 1677
1737429583533 0.8666666666666667 1678
1737429583850 0.9333333333333333 1679
1737429584168 0.9285714285714286 1680
1737429584487 0.9142857142857143 1681
1737429584804 0.8787878787878788 1682
1737429585122 0.9047619047619048 1683
1737429585439 0.8333333333333334 1684
1737429585757 0.9285714285714286 1685
1737429586074 0.7916666666666666 1686
1737429586392 0.896551724137931 1687
1737429586711 0.8055555555555556 1688
1737429587028 0.9375 1689
1737429587347 0.9411764705882353 1690
1737429587665 0.8857142857142857 1691
1737429587982 0.8571428571428571 1692
1737429588300 0.8571428571428571 1693
1737429588619 0.7727272727272727 1694
1737429588939 0.9333333333333333 1695
1737429589257 0.8518518518518519 1696
1737429589574 0.7857142857142857 1697
1737429589893 0.92 1698
1737429590213 1.0 1699
1737429590532 0.9696969696969697 1700
1737429590849 0.75 1701
1737429591168 0.8518518518518519 1702
1737429591490 0.8947368421052632 1703
1737429591813 0.9310344827586207 1704
1737429592130 0.84 1705
1737429592449 0.9666666666666667 1706
1737429592768 0.90625 1707
1737429593087 0.8235294117647058 1708
1737429593405 0.7428571428571429 1709
1737429593724 0.9523809523809523 1710
1737429594043 0.8571428571428571 1711
1737429594361 0.9259259259259259 1712
1737429594679 0.8214285714285714 1713
1737429595001 0.88 1714
1737429595316 0.8 1715
1737429595635 0.7894736842105263 1716
1737429595954 0.9130434782608695 1717
1737429596272 0.8285714285714286 1718
1737429596587 0.8888888888888888 1719
1737429596909 0.8484848484848485 1720
1737429597229 0.92 1721
1737429597546 0.8235294117647058 1722
1737429597862 0.918918918918919 1723
1737429598069 1.0 1724
1737429614268 0.8620689655172413 1725
1737429614585 0.8787878787878788 1726
1737429614902 0.85 1727
1737429615218 0.7037037037037037 1728
1737429615536 0.8125 1729
1737429615856 0.8888888888888888 1730
1737429616172 0.84375 1731
1737429616490 1.0 1732
1737429616806 0.8846153846153846 1733
1737429617124 0.9285714285714286 1734
1737429617440 0.92 1735
1737429617758 0.8888888888888888 1736
1737429618077 0.8518518518518519 1737
1737429618394 0.9629629629629629 1738
1737429618710 0.88 1739
1737429619029 0.8823529411764706 1740
1737429619347 0.9722222222222222 1741
1737429619662 0.9032258064516129 1742
1737429619979 1.0 1743
1737429620297 0.9090909090909091 1744
1737429620619 0.9047619047619048 1745
1737429620936 0.9411764705882353 1746
1737429621254 0.9285714285714286 1747
1737429621568 0.8857142857142857 1748
1737429621885 0.8571428571428571 1749
1737429622203 0.8378378378378378 1750
1737429622522 0.7586206896551724 1751
1737429622841 0.7804878048780488 1752
1737429623158 0.8518518518518519 1753
1737429623477 0.967741935483871 1754
1737429623793 0.8888888888888888 1755
1737429624111 0.8518518518518519 1756
1737429624429 0.9230769230769231 1757
1737429624748 0.9032258064516129 1758
1737429625065 0.8846153846153846 1759
1737429625381 0.96 1760
1737429625699 0.7857142857142857 1761
1737429626018 0.8571428571428571 1762
1737429626337 0.9444444444444444 1763
1737429626654 0.8620689655172413 1764
1737429626975 0.7857142857142857 1765
1737429627293 0.9259259259259259 1766
1737429627613 0.71875 1767
1737429627932 0.8148148148148148 1768
1737429628250 0.6216216216216216 1769
1737429628568 0.75 1770
1737429628884 0.9090909090909091 1771
1737429629202 0.9230769230769231 1772
1737429629521 0.8928571428571429 1773
1737429629840 0.88 1774
1737429630158 0.9 1775
1737429630475 0.9333333333333333 1776
1737429630794 0.92 1777
1737429631112 0.9090909090909091 1778
1737429631434 0.9166666666666666 1779
1737429631754 0.9615384615384616 1780
1737429632073 0.8823529411764706 1781
1737429632390 1.0 1782
1737429632708 0.972972972972973 1783
1737429633025 0.8 1784
1737429633345 0.8108108108108109 1785
1737429633661 0.8666666666666667 1786
1737429633981 0.8571428571428571 1787
1737429634299 0.8518518518518519 1788
1737429634617 0.875 1789
1737429634934 0.813953488372093 1790
1737429635252 0.8333333333333334 1791
1737429635570 0.9655172413793104 1792
1737429635890 1.0 1793
1737429636208 0.9655172413793104 1794
1737429636524 0.9130434782608695 1795
1737429636842 0.9615384615384616 1796
1737429637161 0.9565217391304348 1797
1737429637478 0.9 1798
1737429637795 0.8260869565217391 1799
1737429638115 0.9642857142857143 1800
1737429638433 0.9142857142857143 1801
1737429638752 0.7560975609756098 1802
1737429639070 0.8518518518518519 1803
1737429639388 0.9285714285714286 1804
1737429639706 0.896551724137931 1805
1737429640025 0.8947368421052632 1806
1737429640344 0.9393939393939394 1807
1737429640662 0.9545454545454546 1808
1737429640979 1.0 1809
1737429641297 0.9 1810
1737429641617 0.95 1811
1737429641933 0.9285714285714286 1812
1737429642253 0.8787878787878788 1813
1737429642571 0.8888888888888888 1814
1737429642889 0.90625 1815
1737429643210 0.8181818181818182 1816
1737429643534 0.7419354838709677 1817
1737429643857 0.8378378378378378 1818
1737429644174 0.868421052631579 1819
1737429644492 0.918918918918919 1820
1737429644810 0.7692307692307693 1821
1737429645129 0.8571428571428571 1822
1737429645448 0.8333333333333334 1823
1737429645765 0.88 1824
1737429646082 0.9393939393939394 1825
1737429646400 0.8387096774193549 1826
1737429646717 0.9354838709677419 1827
1737429647035 0.8620689655172413 1828
1737429647354 0.9354838709677419 1829
1737429647668 0.9375 1830
1737429647995 0.9 1831
1737429648312 0.896551724137931 1832
1737429648631 0.967741935483871 1833
1737429648947 0.967741935483871 1834
1737429649266 0.96 1835
1737429649583 0.9142857142857143 1836
1737429649901 0.8571428571428571 1837
1737429650222 1.0 1838
1737429650539 0.8148148148148148 1839
1737429650856 0.8055555555555556 1840
1737429651173 0.9615384615384616 1841
1737429651493 0.9285714285714286 1842
1737429651817 0.875 1843
1737429652138 0.7727272727272727 1844
1737429652456 0.9090909090909091 1845
1737429652773 0.9310344827586207 1846
1737429653092 0.9714285714285714 1847
1737429653409 0.9166666666666666 1848
1737429653727 0.9302325581395349 1849
1737429654047 0.8857142857142857 1850
1737429654366 0.8461538461538461 1851
1737429654685 0.875 1852
1737429655003 0.875 1853
1737429655322 0.9354838709677419 1854
1737429655641 0.9629629629629629 1855
1737429655962 0.9310344827586207 1856
1737429656278 0.9333333333333333 1857
1737429656595 1.0 1858
1737429656912 0.9444444444444444 1859
1737429657231 0.8181818181818182 1860
1737429657549 0.9310344827586207 1861
1737429657868 0.8709677419354839 1862
1737429658189 0.8333333333333334 1863
1737429658506 0.875 1864
1737429658824 1.0 1865
1737429659143 0.8888888888888888 1866
1737429659462 0.8947368421052632 1867
1737429659779 0.896551724137931 1868
1737429660097 0.896551724137931 1869
1737429660413 0.84375 1870
1737429660731 0.8787878787878788 1871
1737429661050 0.9743589743589743 1872
1737429661369 0.9473684210526315 1873
1737429661688 0.8636363636363636 1874
1737429662005 0.9722222222222222 1875
1737429662323 0.8846153846153846 1876
1737429662641 0.9722222222222222 1877
1737429662960 0.8888888888888888 1878
1737429663277 0.9523809523809523 1879
1737429663595 0.96875 1880
1737429663915 0.896551724137931 1881
1737429664233 0.8709677419354839 1882
1737429664551 0.8666666666666667 1883
1737429664870 0.8571428571428571 1884
1737429665190 0.896551724137931 1885
1737429665507 0.9259259259259259 1886
1737429665824 0.918918918918919 1887
1737429666142 0.9032258064516129 1888
1737429666459 0.8717948717948718 1889
1737429666776 0.9333333333333333 1890
1737429667094 0.875 1891
1737429667411 0.8928571428571429 1892
1737429667731 0.9666666666666667 1893
1737429668051 0.9032258064516129 1894
1737429668371 0.9047619047619048 1895
1737429668688 0.9259259259259259 1896
1737429669008 0.8571428571428571 1897
1737429669325 0.7857142857142857 1898
1737429669641 0.9333333333333333 1899
1737429669961 0.9375 1900
1737429670279 0.7727272727272727 1901
1737429670597 0.8928571428571429 1902
1737429670915 0.7777777777777778 1903
1737429671235 0.84375 1904
1737429671554 0.9393939393939394 1905
1737429671873 0.9032258064516129 1906
1737429672190 0.9333333333333333 1907
1737429672509 0.8648648648648649 1908
1737429672827 0.9333333333333333 1909
1737429673142 0.9696969696969697 1910
1737429673461 0.9230769230769231 1911
1737429673781 0.9090909090909091 1912
1737429674100 0.9565217391304348 1913
1737429674416 0.8055555555555556 1914
1737429674735 0.9642857142857143 1915
1737429675055 0.9166666666666666 1916
1737429675373 0.875 1917
1737429675690 0.9 1918
1737429676009 0.7878787878787878 1919
1737429676327 0.9310344827586207 1920
1737429676647 1.0 1921
1737429676964 0.9090909090909091 1922
1737429677283 0.9545454545454546 1923
1737429677600 0.8636363636363636 1924
1737429677920 0.9285714285714286 1925
1737429678239 0.9375 1926
1737429678556 1.0 1927
1737429678873 0.84375 1928
1737429679190 0.9655172413793104 1929
1737429679508 1.0 1930
1737429679826 0.9354838709677419 1931
1737429680142 0.95 1932
1737429680463 0.8518518518518519 1933
1737429680780 0.8888888888888888 1934
1737429681099 0.8181818181818182 1935
1737429681418 0.875 1936
1737429681735 0.9142857142857143 1937
1737429682054 0.875 1938
1737429682373 0.8787878787878788 1939
1737429682693 0.9354838709677419 1940
1737429683011 0.9166666666666666 1941
1737429683328 1.0 1942
1737429683647 0.8571428571428571 1943
1737429683964 0.967741935483871 1944
1737429684281 0.96 1945
1737429684599 1.0 1946
1737429684918 0.9117647058823529 1947
1737429685237 0.9615384615384616 1948
1737429685554 0.9642857142857143 1949
1737429685873 1.0 1950
1737429686193 1.0 1951
1737429686510 0.8484848484848485 1952
1737429686826 0.9444444444444444 1953
1737429687143 0.8717948717948718 1954
1737429687464 0.7878787878787878 1955
1737429687784 0.7222222222222222 1956
1737429688102 0.9333333333333333 1957
1737429688421 1.0 1958
1737429688740 0.9375 1959
1737429689060 0.9375 1960
1737429689378 0.8 1961
1737429689700 1.0 1962
1737429690021 0.90625 1963
1737429690340 0.9166666666666666 1964
1737429690659 0.9 1965
1737429690978 0.9583333333333334 1966
1737429691295 0.96 1967
1737429691612 0.9545454545454546 1968
1737429691932 0.9310344827586207 1969
1737429692249 0.918918918918919 1970
1737429692565 0.8235294117647058 1971
1737429692884 0.9642857142857143 1972
1737429693203 0.9696969696969697 1973
1737429693522 0.7 1974
1737429693842 0.8095238095238095 1975
1737429694161 0.9024390243902439 1976
1737429694478 0.9393939393939394 1977
1737429694798 0.8181818181818182 1978
1737429695114 0.9393939393939394 1979
1737429695434 1.0 1980
1737429695752 0.8947368421052632 1981
1737429696070 0.9565217391304348 1982
1737429696390 0.9722222222222222 1983
1737429696708 1.0 1984
1737429697027 0.9354838709677419 1985
1737429697344 0.8928571428571429 1986
1737429697663 0.92 1987
1737429697981 1.0 1988
1737429698298 0.92 1989
1737429698614 0.8666666666666667 1990
1737429698934 0.8928571428571429 1991
1737429699252 0.875 1992
1737429699570 0.8947368421052632 1993
1737429699890 0.90625 1994
1737429700208 0.9393939393939394 1995
1737429700528 0.8620689655172413 1996
1737429700847 0.9523809523809523 1997
1737429701165 0.8928571428571429 1998
1737429701482 0.8518518518518519 1999
1737429701802 0.9696969696969697 2000
1737429702119 0.9696969696969697 2001
1737429702438 0.96 2002
1737429702757 1.0 2003
1737429703078 0.8780487804878049 2004
1737429703394 0.90625 2005
1737429703713 0.8518518518518519 2006
1737429704032 0.8787878787878788 2007
1737429704348 0.9393939393939394 2008
1737429704666 0.8918918918918919 2009
1737429704985 0.7391304347826086 2010
1737429705305 0.967741935483871 2011
1737429705625 0.9333333333333333 2012
1737429705944 0.9629629629629629 2013
1737429706263 1.0 2014
1737429706582 1.0 2015
1737429706903 0.96875 2016
1737429707221 1.0 2017
1737429707539 1.0 2018
1737429707858 1.0 2019
1737429708175 1.0 2020
1737429708495 0.96 2021
1737429708813 0.9032258064516129 2022
1737429709131 0.9230769230769231 2023
1737429709448 0.9090909090909091 2024
1737429709766 0.7586206896551724 2025
1737429710087 0.95 2026
1737429710403 0.9259259259259259 2027
1737429710721 0.8620689655172413 2028
1737429711040 0.896551724137931 2029
1737429711359 0.9259259259259259 2030
1737429711684 0.9545454545454546 2031
1737429712002 0.96 2032
1737429712322 0.9259259259259259 2033
1737429712641 1.0 2034
