1737429032734 0.46017699115044247 1
1737429033051 0.4864864864864865 2
1737429033366 0.37623762376237624 3
1737429033681 0.37777777777777777 4
1737429033998 0.42105263157894735 5
1737429034319 0.37333333333333335 6
1737429034642 0.43478260869565216 7
1737429034956 0.5 8
1737429035279 0.2916666666666667 9
1737429035594 0.40816326530612246 10
1737429035910 0.2926829268292683 11
1737429036227 0.43902439024390244 12
1737429036543 0.11764705882352941 13
1737429036859 0.18181818181818182 14
1737429037175 0.18181818181818182 15
1737429037489 0.05405405405405406 16
1737429037805 0.13636363636363635 17
1737429038123 0.05555555555555555 18
1737429038439 0.16216216216216217 19
1737429038762 0.14814814814814814 20
1737429039076 0.25806451612903225 21
1737429039392 0.2926829268292683 22
1737429039711 0.425531914893617 23
1737429040029 0.5490196078431373 24
1737429040436 0.4090909090909091 25
1737429040796 0.4583333333333333 26
1737429041181 0.38095238095238093 27
1737429041532 0.5283018867924528 28
1737429041881 0.47368421052631576 29
1737429042209 0.43478260869565216 30
1737429042529 0.42857142857142855 31
1737429042846 0.46153846153846156 32
1737429043162 0.47058823529411764 33
1737429043478 0.38095238095238093 34
1737429043793 0.56 35
1737429044108 0.64 36
1737429044423 0.45454545454545453 37
1737429044738 0.6046511627906976 38
1737429045056 0.6557377049180327 39
1737429045371 0.5454545454545454 40
1737429045686 0.5641025641025641 41
1737429046007 0.5555555555555556 42
1737429046328 0.425531914893617 43
1737429046642 0.42857142857142855 44
1737429046955 0.6976744186046512 45
1737429047270 0.42857142857142855 46
1737429047588 0.42105263157894735 47
1737429047908 0.6046511627906976 48
1737429048223 0.46808510638297873 49
1737429048539 0.47619047619047616 50
1737429048854 0.4827586206896552 51
1737429049172 0.6037735849056604 52
1737429049489 0.46153846153846156 53
1737429049805 0.6530612244897959 54
1737429050121 0.47368421052631576 55
1737429050437 0.43478260869565216 56
1737429050752 0.4444444444444444 57
1737429051069 0.819672131147541 58
1737429051384 0.6575342465753424 59
1737429051705 0.5238095238095238 60
1737429052020 0.7058823529411765 61
1737429052338 0.4782608695652174 62
1737429052654 0.6909090909090909 63
1737429052971 0.6666666666666666 64
1737429053287 0.43478260869565216 65
1737429053606 0.5098039215686274 66
1737429053920 0.6153846153846154 67
1737429054235 0.6666666666666666 68
1737429054551 0.6666666666666666 69
1737429054866 0.6785714285714286 70
1737429055181 0.6122448979591837 71
1737429055495 0.5 72
1737429055812 0.7037037037037037 73
1737429056128 0.7164179104477612 74
1737429056446 0.6363636363636364 75
1737429056762 0.7142857142857143 76
1737429057082 0.7368421052631579 77
1737429057397 0.7164179104477612 78
1737429057716 0.7391304347826086 79
1737429058044 0.5957446808510638 80
1737429058376 0.6923076923076923 81
1737429058691 0.6545454545454545 82
1737429059010 0.6333333333333333 83
1737429059329 0.5846153846153846 84
1737429059644 0.6865671641791045 85
1737429059960 0.7246376811594203 86
1737429060277 0.7843137254901961 87
1737429060595 0.7301587301587301 88
1737429060911 0.7457627118644068 89
1737429061232 0.68 90
1737429061548 0.6296296296296297 91
1737429061865 0.7368421052631579 92
1737429062182 0.5 93
1737429062500 0.6071428571428571 94
1737429062819 0.7272727272727273 95
1737429063136 0.7945205479452054 96
1737429063453 0.6521739130434783 97
1737429063769 0.7636363636363637 98
1737429064087 0.6666666666666666 99
1737429064404 0.7169811320754716 100
1737429064720 0.8615384615384616 101
1737429065037 0.7868852459016393 102
1737429065353 0.7941176470588235 103
1737429065672 0.5714285714285714 104
1737429065988 0.7058823529411765 105
1737429066305 0.7936507936507936 106
1737429066620 0.78125 107
1737429066937 0.6428571428571429 108
1737429067255 0.7419354838709677 109
1737429067575 0.6557377049180327 110
1737429067892 0.7058823529411765 111
1737429068210 0.6756756756756757 112
1737429068527 0.7213114754098361 113
1737429068843 0.8405797101449275 114
1737429069160 0.7346938775510204 115
1737429069476 0.7878787878787878 116
1737429069793 0.7692307692307693 117
1737429070110 0.6037735849056604 118
1737429070427 0.6896551724137931 119
1737429070745 0.6818181818181818 120
1737429071063 0.6451612903225806 121
1737429071381 0.8 122
1737429071700 0.696969696969697 123
1737429072015 0.71875 124
1737429072333 0.75 125
1737429072650 0.7540983606557377 126
1737429072965 0.7169811320754716 127
1737429073282 0.8 128
1737429073600 0.7848101265822784 129
1737429073917 0.75 130
1737429074235 0.7796610169491526 131
1737429074549 0.8 132
1737429074868 0.7457627118644068 133
1737429075185 0.5641025641025641 134
1737429075506 0.8235294117647058 135
1737429075821 0.65 136
1737429076138 0.8 137
1737429076453 0.75 138
1737429076771 0.7407407407407407 139
1737429077088 0.7536231884057971 140
1737429077404 0.71875 141
1737429077722 0.7037037037037037 142
1737429078040 0.6222222222222222 143
1737429078356 0.7666666666666667 144
1737429078671 0.6896551724137931 145
1737429078988 0.7692307692307693 146
1737429079305 0.64 147
1737429079624 0.7536231884057971 148
1737429079942 0.6470588235294118 149
1737429080259 0.6086956521739131 150
1737429080577 0.8 151
1737429080895 0.6296296296296297 152
1737429081212 0.7222222222222222 153
1737429081529 0.7457627118644068 154
1737429081846 0.7346938775510204 155
1737429082164 0.7272727272727273 156
1737429082482 0.7777777777777778 157
1737429082798 0.6666666666666666 158
1737429083116 0.6938775510204082 159
1737429083435 0.6461538461538462 160
1737429083753 0.6666666666666666 161
1737429084070 0.75 162
1737429084387 0.78125 163
1737429084704 0.7936507936507936 164
1737429085021 0.6842105263157895 165
1737429085339 0.8059701492537313 166
1737429085655 0.7843137254901961 167
1737429085968 0.6885245901639344 168
1737429086286 0.696969696969697 169
1737429086605 0.7666666666666667 170
1737429086921 0.7169811320754716 171
1737429087237 0.8235294117647058 172
1737429087554 0.6666666666666666 173
1737429087872 0.6956521739130435 174
1737429088189 0.6779661016949152 175
1737429088506 0.6909090909090909 176
1737429088823 0.7567567567567568 177
1737429089144 0.7272727272727273 178
1737429089463 0.8125 179
1737429089780 0.7931034482758621 180
1737429090097 0.7936507936507936 181
1737429090415 0.71875 182
1737429090731 0.6530612244897959 183
1737429091048 0.7123287671232876 184
1737429091364 0.8275862068965517 185
1737429091681 0.78125 186
1737429091999 0.6938775510204082 187
1737429092317 0.5964912280701754 188
1737429092635 0.72 189
1737429092953 0.7419354838709677 190
1737429093270 0.68 191
1737429093588 0.782608695652174 192
1737429093905 0.6666666666666666 193
1737429094223 0.8055555555555556 194
1737429094539 0.7 195
1737429094857 0.6551724137931034 196
1737429095174 0.7272727272727273 197
1737429095491 0.7058823529411765 198
1737429095809 0.6538461538461539 199
1737429096130 0.6829268292682927 200
1737429096449 0.631578947368421 201
1737429096764 0.5901639344262295 202
1737429097081 0.6153846153846154 203
1737429097399 0.56 204
1737429097718 0.7058823529411765 205
1737429098033 0.7142857142857143 206
1737429098349 0.6666666666666666 207
1737429098667 0.7169811320754716 208
1737429098985 0.7457627118644068 209
1737429099302 0.8 210
1737429099617 0.6296296296296297 211
1737429099934 0.6181818181818182 212
1737429100254 0.746268656716418 213
1737429100573 0.8070175438596491 214
1737429100890 0.75 215
1737429101207 0.7719298245614035 216
1737429101525 0.7058823529411765 217
1737429101840 0.8611111111111112 218
1737429102157 0.625 219
1737429102473 0.7666666666666667 220
1737429102792 0.7916666666666666 221
1737429103110 0.6785714285714286 222
1737429103428 0.7419354838709677 223
1737429103744 0.7346938775510204 224
1737429104062 0.7450980392156863 225
1737429104379 0.8533333333333334 226
1737429104695 0.8421052631578947 227
1737429105014 0.7692307692307693 228
1737429105331 0.759493670886076 229
1737429105649 0.7878787878787878 230
1737429105966 0.6333333333333333 231
1737429106284 0.7457627118644068 232
1737429106599 0.8292682926829268 233
1737429106916 0.7936507936507936 234
1737429107235 0.6865671641791045 235
1737429107554 0.8135593220338984 236
1737429107873 0.7719298245614035 237
1737429108191 0.819672131147541 238
1737429108508 0.6896551724137931 239
1737429108826 0.7450980392156863 240
1737429109142 0.6909090909090909 241
1737429109458 0.8076923076923077 242
1737429109779 0.75 243
1737429110096 0.6938775510204082 244
1737429110413 0.7692307692307693 245
1737429110729 0.775 246
1737429111048 0.7 247
1737429111369 0.8 248
1737429111692 0.7733333333333333 249
1737429112012 0.6764705882352942 250
1737429112328 0.7894736842105263 251
1737429112645 0.7384615384615385 252
1737429112961 0.7058823529411765 253
1737429113281 0.6923076923076923 254
1737429113598 0.7241379310344828 255
1737429113917 0.759493670886076 256
1737429114235 0.7428571428571429 257
1737429114553 0.7307692307692307 258
1737429114871 0.7894736842105263 259
1737429115189 0.6792452830188679 260
1737429115508 0.8405797101449275 261
1737429115827 0.71875 262
1737429116144 0.7755102040816326 263
1737429116462 0.819672131147541 264
1737429116780 0.8260869565217391 265
1737429117097 0.7916666666666666 266
1737429117415 0.7346938775510204 267
1737429117733 0.7547169811320755 268
1737429118049 0.7540983606557377 269
1737429118367 0.7924528301886793 270
1737429118685 0.7619047619047619 271
1737429119001 0.7666666666666667 272
1737429119320 0.5925925925925926 273
1737429119639 0.7058823529411765 274
1737429119957 0.7384615384615385 275
1737429120277 0.7733333333333333 276
1737429120594 0.7619047619047619 277
1737429120912 0.7659574468085106 278
1737429121231 0.76 279
1737429121548 0.696969696969697 280
1737429121864 0.7346938775510204 281
1737429122182 0.75 282
1737429122499 0.8214285714285714 283
1737429122817 0.7761194029850746 284
1737429123134 0.7323943661971831 285
1737429123451 0.8095238095238095 286
1737429123769 0.8787878787878788 287
1737429124087 0.7301587301587301 288
1737429124407 0.7719298245614035 289
1737429124722 0.7346938775510204 290
1737429125039 0.7457627118644068 291
1737429125357 0.711864406779661 292
1737429125675 0.8484848484848485 293
1737429125992 0.75 294
1737429126309 0.7058823529411765 295
1737429126625 0.8163265306122449 296
1737429126943 0.7407407407407407 297
1737429127263 0.7368421052631579 298
1737429127580 0.7272727272727273 299
1737429127898 0.7213114754098361 300
1737429128216 0.6382978723404256 301
1737429128534 0.7631578947368421 302
1737429128853 0.7741935483870968 303
1737429129175 0.8387096774193549 304
1737429129510 0.7457627118644068 305
1737429129835 0.7017543859649122 306
1737429130156 0.75 307
1737429130475 0.8260869565217391 308
1737429130792 0.72 309
1737429131110 0.6122448979591837 310
1737429131427 0.8064516129032258 311
1737429131744 0.7777777777777778 312
1737429132062 0.8333333333333334 313
1737429132383 0.7719298245614035 314
1737429132702 0.7659574468085106 315
1737429133016 0.6818181818181818 316
1737429133333 0.7916666666666666 317
1737429133653 0.7536231884057971 318
1737429133971 0.8387096774193549 319
1737429134288 0.75 320
1737429134604 0.6792452830188679 321
1737429134924 0.782608695652174 322
1737429135244 0.8135593220338984 323
1737429135562 0.7868852459016393 324
1737429135880 0.8421052631578947 325
1737429136196 0.8421052631578947 326
1737429136515 0.723404255319149 327
1737429136833 0.7936507936507936 328
1737429137152 0.7777777777777778 329
1737429137470 0.6818181818181818 330
1737429137785 0.75 331
1737429138101 0.8275862068965517 332
1737429138422 0.7796610169491526 333
1737429138741 0.5853658536585366 334
1737429139057 0.8656716417910447 335
1737429139373 0.7301587301587301 336
1737429139692 0.8070175438596491 337
1737429140014 0.7037037037037037 338
1737429140334 0.7924528301886793 339
1737429140654 0.7301587301587301 340
1737429140973 0.7857142857142857 341
1737429141290 0.8 342
1737429141613 0.8181818181818182 343
1737429141929 0.7169811320754716 344
1737429142247 0.8055555555555556 345
1737429142569 0.8214285714285714 346
1737429142887 0.72 347
1737429143204 0.819672131147541 348
1737429143521 0.7419354838709677 349
1737429143840 0.7868852459016393 350
1737429144163 0.75 351
1737429144483 0.7536231884057971 352
1737429144802 0.8888888888888888 353
1737429145120 0.8214285714285714 354
1737429145436 0.5098039215686274 355
1737429145751 0.7428571428571429 356
1737429146068 0.6363636363636364 357
1737429146385 0.8484848484848485 358
1737429146702 0.84 359
1737429147020 0.8405797101449275 360
1737429147336 0.8846153846153846 361
1737429147655 0.8 362
1737429147975 0.7659574468085106 363
1737429148290 0.711864406779661 364
1737429148607 0.7714285714285715 365
1737429148924 0.7878787878787878 366
1737429149243 0.72 367
1737429149561 0.6909090909090909 368
1737429149878 0.8059701492537313 369
1737429150195 0.6944444444444444 370
1737429150513 0.7213114754098361 371
1737429150831 0.7407407407407407 372
1737429151148 0.6538461538461539 373
1737429151467 0.72 374
1737429151784 0.8076923076923077 375
1737429152104 0.8363636363636363 376
1737429152422 0.6545454545454545 377
1737429152741 0.6122448979591837 378
1737429153061 0.7666666666666667 379
1737429153381 0.7333333333333333 380
1737429153697 0.7450980392156863 381
1737429154014 0.8461538461538461 382
1737429154332 0.7868852459016393 383
1737429154649 0.847457627118644 384
1737429154968 0.8421052631578947 385
1737429155284 0.7272727272727273 386
1737429155604 0.7307692307692307 387
1737429155922 0.5964912280701754 388
1737429156242 0.7058823529411765 389
1737429156558 0.7796610169491526 390
1737429156876 0.72 391
1737429157193 0.7450980392156863 392
1737429157511 0.75 393
1737429157828 0.6938775510204082 394
1737429158146 0.6808510638297872 395
1737429158463 0.7142857142857143 396
1737429158780 0.8108108108108109 397
1737429159100 0.7419354838709677 398
1737429159416 0.7941176470588235 399
1737429159735 0.7924528301886793 400
1737429160051 0.6486486486486487 401
1737429160369 0.8648648648648649 402
1737429160688 0.8148148148148148 403
1737429161006 0.7714285714285715 404
1737429161320 0.6666666666666666 405
1737429161643 0.7924528301886793 406
1737429161961 0.7450980392156863 407
1737429162277 0.8421052631578947 408
1737429162595 0.8 409
1737429162913 0.6956521739130435 410
1737429163232 0.7777777777777778 411
1737429163549 0.6530612244897959 412
1737429163867 0.6829268292682927 413
1737429164183 0.6976744186046512 414
1737429164501 0.7878787878787878 415
1737429164818 0.7931034482758621 416
1737429165139 0.7796610169491526 417
1737429165458 0.8169014084507042 418
1737429165776 0.7586206896551724 419
1737429166095 0.8470588235294118 420
1737429166412 0.8333333333333334 421
1737429166730 0.759493670886076 422
1737429167048 0.8115942028985508 423
1737429167365 0.6349206349206349 424
1737429167683 0.7619047619047619 425
1737429168000 0.7301587301587301 426
1737429168320 0.8461538461538461 427
1737429168638 0.8301886792452831 428
1737429168957 0.8301886792452831 429
1737429169278 0.9259259259259259 430
1737429169596 0.6666666666666666 431
1737429169917 0.8181818181818182 432
1737429170234 0.8620689655172413 433
1737429170552 0.7586206896551724 434
1737429170871 0.9019607843137255 435
1737429171186 0.6341463414634146 436
1737429171507 0.8 437
1737429171828 0.6785714285714286 438
1737429172147 0.7586206896551724 439
1737429172466 0.8163265306122449 440
1737429172783 0.7843137254901961 441
1737429173102 0.5245901639344263 442
1737429173418 0.64 443
1737429173737 0.7647058823529411 444
1737429174055 0.7692307692307693 445
1737429174375 0.7142857142857143 446
1737429174694 0.782608695652174 447
1737429175010 0.7391304347826086 448
1737429175328 0.8059701492537313 449
1737429175647 0.7241379310344828 450
1737429175963 0.75 451
1737429176280 0.7586206896551724 452
1737429176598 0.6666666666666666 453
1737429176916 0.7777777777777778 454
1737429177234 0.6956521739130435 455
1737429177552 0.7868852459016393 456
1737429177868 0.7037037037037037 457
1737429178186 0.8214285714285714 458
1737429178504 0.8307692307692308 459
1737429178822 0.8064516129032258 460
1737429179139 0.7941176470588235 461
1737429179456 0.6557377049180327 462
1737429179772 0.7692307692307693 463
1737429180092 0.7755102040816326 464
1737429180410 0.7878787878787878 465
1737429180727 0.6818181818181818 466
1737429181045 0.8461538461538461 467
1737429181365 0.6206896551724138 468
1737429181681 0.7555555555555555 469
1737429181999 0.64 470
1737429182315 0.7272727272727273 471
1737429182637 0.7755102040816326 472
1737429182955 0.8888888888888888 473
1737429183272 0.6296296296296297 474
1737429183590 0.8235294117647058 475
1737429183909 0.8135593220338984 476
1737429184227 0.711864406779661 477
1737429184543 0.65 478
1737429184861 0.7605633802816901 479
1737429185177 0.8214285714285714 480
1737429185495 0.7346938775510204 481
1737429185811 0.7941176470588235 482
1737429186131 0.7213114754098361 483
1737429186451 0.5666666666666667 484
1737429186767 0.7241379310344828 485
1737429187085 0.6956521739130435 486
1737429187403 0.7307692307692307 487
1737429187723 0.7777777777777778 488
1737429188041 0.7843137254901961 489
1737429188359 0.7096774193548387 490
1737429188675 0.6206896551724138 491
1737429188994 0.6909090909090909 492
1737429189311 0.68 493
1737429189628 0.6666666666666666 494
1737429189945 0.6557377049180327 495
1737429190260 0.7142857142857143 496
1737429190577 0.7636363636363637 497
1737429190893 0.7659574468085106 498
1737429191211 0.7457627118644068 499
1737429191529 0.8235294117647058 500
1737429191846 0.6551724137931034 501
1737429192165 0.8484848484848485 502
1737429192482 0.7948717948717948 503
1737429192800 0.76 504
1737429193118 0.7457627118644068 505
1737429193435 0.6153846153846154 506
1737429193753 0.7457627118644068 507
1737429194068 0.6666666666666666 508
1737429194386 0.6808510638297872 509
1737429194704 0.7843137254901961 510
1737429195021 0.7368421052631579 511
1737429195339 0.71875 512
1737429195655 0.7241379310344828 513
1737429195971 0.7868852459016393 514
1737429196289 0.8235294117647058 515
1737429196609 0.775 516
1737429196924 0.7857142857142857 517
1737429197239 0.84375 518
1737429197558 0.8 519
1737429197875 0.7333333333333333 520
1737429198192 0.8620689655172413 521
1737429198509 0.8709677419354839 522
1737429198827 0.6923076923076923 523
1737429199145 0.7692307692307693 524
1737429199463 0.8 525
1737429199782 0.7761194029850746 526
1737429200102 0.9019607843137255 527
1737429200418 0.6538461538461539 528
1737429200738 0.8135593220338984 529
1737429201055 0.7945205479452054 530
1737429201374 0.8 531
1737429201692 0.8235294117647058 532
1737429202013 0.8275862068965517 533
1737429202331 0.7076923076923077 534
1737429202650 0.7857142857142857 535
1737429202968 0.8363636363636363 536
1737429203286 0.8064516129032258 537
1737429203603 0.6545454545454545 538
1737429203919 0.8333333333333334 539
1737429204237 0.782608695652174 540
1737429204555 0.7931034482758621 541
1737429204872 0.819672131147541 542
1737429205189 0.7916666666666666 543
1737429205507 0.7719298245614035 544
1737429205824 0.8 545
1737429206143 0.7169811320754716 546
1737429206461 0.8695652173913043 547
1737429206776 0.8181818181818182 548
1737429207095 0.8301886792452831 549
1737429207413 0.8484848484848485 550
1737429207731 0.8620689655172413 551
1737429208048 0.8235294117647058 552
1737429208362 0.7450980392156863 553
1737429208679 0.7272727272727273 554
1737429208997 0.8 555
1737429209318 0.7843137254901961 556
1737429209634 0.8235294117647058 557
1737429209951 0.7692307692307693 558
1737429210271 0.723404255319149 559
1737429210586 0.6976744186046512 560
1737429210904 0.7540983606557377 561
1737429211222 0.7887323943661971 562
1737429211538 0.7567567567567568 563
1737429211856 0.8070175438596491 564
1737429212174 0.8333333333333334 565
1737429212490 0.7368421052631579 566
1737429212808 0.6909090909090909 567
1737429213126 0.8181818181818182 568
1737429213443 0.8253968253968254 569
1737429213762 0.6666666666666666 570
1737429214080 0.7931034482758621 571
1737429214399 0.8918918918918919 572
1737429214716 0.7777777777777778 573
1737429215035 0.6206896551724138 574
1737429215353 0.8125 575
1737429215672 0.8253968253968254 576
1737429215991 0.8656716417910447 577
1737429216309 0.6792452830188679 578
1737429216625 0.7384615384615385 579
1737429216941 0.8125 580
1737429217260 0.8387096774193549 581
1737429217578 0.8771929824561403 582
1737429217896 0.8125 583
1737429218213 0.7142857142857143 584
1737429218531 0.71875 585
1737429218852 0.7755102040816326 586
1737429219171 0.7391304347826086 587
1737429219487 0.7586206896551724 588
1737429219805 0.8125 589
1737429220123 0.782608695652174 590
1737429220440 0.7058823529411765 591
1737429220758 0.819672131147541 592
1737429221076 0.746268656716418 593
1737429221393 0.7368421052631579 594
1737429221711 0.7755102040816326 595
1737429222028 0.7868852459016393 596
1737429222344 0.7761194029850746 597
1737429222664 0.8070175438596491 598
1737429222985 0.7619047619047619 599
1737429223302 0.7945205479452054 600
1737429223620 0.746268656716418 601
1737429223937 0.7941176470588235 602
1737429224256 0.78125 603
1737429224574 0.7272727272727273 604
1737429224895 0.8108108108108109 605
1737429225212 0.8235294117647058 606
1737429225530 0.7887323943661971 607
1737429225848 0.819672131147541 608
1737429226167 0.7741935483870968 609
1737429226486 0.7931034482758621 610
1737429226804 0.7547169811320755 611
1737429227121 0.6666666666666666 612
1737429227438 0.7636363636363637 613
1737429227755 0.84 614
1737429228073 0.8571428571428571 615
1737429228393 0.7843137254901961 616
1737429228710 0.6666666666666666 617
1737429229027 0.6923076923076923 618
1737429229347 0.8307692307692308 619
1737429229668 0.7796610169491526 620
1737429229985 0.8571428571428571 621
1737429230301 0.7469879518072289 622
1737429230617 0.7164179104477612 623
1737429230936 0.8450704225352113 624
1737429231253 0.8787878787878788 625
1737429231578 0.896551724137931 626
1737429231898 0.8484848484848485 627
1737429232212 0.8148148148148148 628
1737429232530 0.7096774193548387 629
1737429232849 0.8115942028985508 630
1737429233167 0.7352941176470589 631
1737429233484 0.8615384615384616 632
1737429233800 0.8615384615384616 633
1737429234117 0.819672131147541 634
1737429234437 0.8405797101449275 635
1737429234753 0.7666666666666667 636
1737429235071 0.8928571428571429 637
1737429235388 0.8813559322033898 638
1737429235704 0.6808510638297872 639
1737429236023 0.875 640
1737429236344 0.7241379310344828 641
1737429236663 0.8275862068965517 642
1737429236982 0.7755102040816326 643
1737429237300 0.6122448979591837 644
1737429237619 0.7272727272727273 645
1737429237936 0.8125 646
1737429238256 0.7246376811594203 647
1737429238573 0.8333333333333334 648
1737429238891 0.8181818181818182 649
1737429239210 0.7536231884057971 650
1737429239526 0.8307692307692308 651
1737429239843 0.8695652173913043 652
1737429240160 0.8070175438596491 653
1737429240479 0.7755102040816326 654
1737429240798 0.8076923076923077 655
1737429241116 0.7931034482758621 656
1737429241434 0.7083333333333334 657
1737429241751 0.56 658
1737429242069 0.8 659
1737429242387 0.5957446808510638 660
1737429242704 0.7619047619047619 661
1737429243022 0.7777777777777778 662
1737429243339 0.7419354838709677 663
1737429243657 0.88 664
1737429243978 0.8108108108108109 665
1737429244294 0.8363636363636363 666
1737429244610 0.7777777777777778 667
1737429244929 0.8307692307692308 668
1737429245245 0.8 669
1737429245563 0.7647058823529411 670
1737429245881 0.7017543859649122 671
1737429246198 0.6538461538461539 672
1737429246517 0.72 673
1737429246836 0.8181818181818182 674
1737429247153 0.6222222222222222 675
1737429247469 0.8307692307692308 676
1737429247786 0.723404255319149 677
1737429248107 0.7307692307692307 678
1737429248427 0.6037735849056604 679
1737429248744 0.6938775510204082 680
1737429249061 0.7164179104477612 681
1737429249380 0.7457627118644068 682
1737429249697 0.8095238095238095 683
1737429250013 0.851063829787234 684
1737429250331 0.7241379310344828 685
1737429250650 0.7714285714285715 686
1737429250969 0.7241379310344828 687
1737429251288 0.7636363636363637 688
1737429251606 0.7868852459016393 689
1737429251925 0.75 690
1737429252240 0.8387096774193549 691
1737429252558 0.7671232876712328 692
1737429252877 0.7906976744186046 693
1737429253193 0.7741935483870968 694
1737429253508 0.7714285714285715 695
1737429253829 0.8070175438596491 696
1737429254148 0.723404255319149 697
1737429254466 0.6666666666666666 698
1737429254783 0.5909090909090909 699
1737429255101 0.7391304347826086 700
1737429255420 0.7540983606557377 701
1737429255738 0.7741935483870968 702
1737429256056 0.8333333333333334 703
1737429256377 0.8301886792452831 704
1737429256693 0.8135593220338984 705
1737429257014 0.8214285714285714 706
1737429257329 0.7346938775510204 707
1737429257646 0.9130434782608695 708
1737429257964 0.7142857142857143 709
1737429258282 0.851063829787234 710
1737429258599 0.8076923076923077 711
1737429258917 0.8 712
1737429259235 0.7384615384615385 713
1737429259555 0.8 714
1737429259872 0.78125 715
1737429260191 0.8 716
1737429260511 0.7 717
1737429260828 0.8301886792452831 718
1737429261147 0.8125 719
1737429261465 0.7843137254901961 720
1737429261782 0.8461538461538461 721
1737429262100 0.8235294117647058 722
1737429262419 0.7111111111111111 723
1737429262736 0.8108108108108109 724
1737429263058 0.6896551724137931 725
1737429263389 0.8620689655172413 726
1737429263708 0.75 727
1737429264024 0.8923076923076924 728
1737429264343 0.8888888888888888 729
1737429264661 0.8275862068965517 730
1737429264979 0.8275862068965517 731
1737429265299 0.8 732
1737429265615 0.8253968253968254 733
1737429265931 0.7301587301587301 734
1737429266250 0.7941176470588235 735
1737429266567 0.7868852459016393 736
1737429266884 0.7666666666666667 737
1737429267204 0.8311688311688312 738
1737429267522 0.7857142857142857 739
1737429267839 0.8571428571428571 740
1737429268155 0.7636363636363637 741
1737429268473 0.8125 742
1737429268791 0.875 743
1737429269110 0.7857142857142857 744
1737429269427 0.7945205479452054 745
1737429269748 0.7636363636363637 746
1737429270066 0.7843137254901961 747
1737429270385 0.8285714285714286 748
1737429270703 0.8 749
1737429271020 0.7058823529411765 750
1737429271339 0.7666666666666667 751
1737429271657 0.6440677966101694 752
1737429271974 0.7924528301886793 753
1737429272293 0.875 754
1737429272611 0.8648648648648649 755
1737429272928 0.75 756
1737429273248 0.8285714285714286 757
1737429273566 0.8484848484848485 758
1737429273884 0.8181818181818182 759
1737429274202 0.8085106382978723 760
1737429274521 0.821917808219178 761
1737429274839 0.8333333333333334 762
1737429275158 0.8333333333333334 763
1737429275475 0.7916666666666666 764
1737429275798 0.7868852459016393 765
1737429276116 0.75 766
1737429276435 0.8301886792452831 767
1737429276753 0.6190476190476191 768
1737429277073 0.9152542372881356 769
1737429277391 0.7307692307692307 770
1737429277710 0.7857142857142857 771
1737429278028 0.9066666666666666 772
1737429278348 0.8571428571428571 773
1737429278665 0.7777777777777778 774
1737429278984 0.8 775
1737429279302 0.7666666666666667 776
1737429279620 0.7441860465116279 777
1737429279939 0.7096774193548387 778
1737429280255 0.7924528301886793 779
1737429280574 0.6792452830188679 780
1737429280892 0.7777777777777778 781
1737429281209 0.6274509803921569 782
1737429281528 0.8333333333333334 783
1737429281847 0.7843137254901961 784
1737429282164 0.8301886792452831 785
1737429282481 0.7450980392156863 786
1737429282800 0.7586206896551724 787
1737429283120 0.9836065573770492 788
1737429283438 0.78125 789
1737429283754 0.8524590163934426 790
1737429284074 0.8181818181818182 791
1737429284391 0.7555555555555555 792
1737429284707 0.8214285714285714 793
1737429285023 0.76 794
1737429285342 0.8095238095238095 795
1737429285659 0.76 796
1737429285978 0.78125 797
1737429286293 0.782608695652174 798
1737429286612 0.8125 799
1737429286929 0.7868852459016393 800
1737429287255 0.7450980392156863 801
1737429287573 0.9152542372881356 802
1737429287891 0.8923076923076924 803
1737429288209 0.6666666666666666 804
1737429288529 0.7924528301886793 805
1737429288846 0.8125 806
1737429289162 0.78125 807
1737429289481 0.7936507936507936 808
1737429289800 0.8421052631578947 809
1737429290118 0.8205128205128205 810
1737429290436 0.7666666666666667 811
1737429290752 0.8076923076923077 812
1737429291071 0.7142857142857143 813
1737429291390 0.6984126984126984 814
1737429291718 0.8059701492537313 815
1737429292038 0.8 816
1737429292363 0.7692307692307693 817
1737429292681 0.8518518518518519 818
1737429293000 0.8823529411764706 819
1737429293318 0.8275862068965517 820
1737429293635 0.8780487804878049 821
1737429293957 0.75 822
1737429294276 0.7457627118644068 823
1737429294596 0.7142857142857143 824
1737429294914 0.8771929824561403 825
1737429295232 0.7941176470588235 826
1737429295551 0.8253968253968254 827
1737429295867 0.8484848484848485 828
1737429296184 0.835820895522388 829
1737429296502 0.7169811320754716 830
1737429296821 0.8125 831
1737429297140 0.6530612244897959 832
1737429297460 0.8 833
1737429297777 0.6415094339622641 834
1737429298095 0.8421052631578947 835
1737429298413 0.8163265306122449 836
1737429298732 0.8253968253968254 837
1737429299050 0.9393939393939394 838
1737429299367 0.6909090909090909 839
1737429299684 0.7547169811320755 840
1737429300003 0.8108108108108109 841
1737429300326 0.7868852459016393 842
1737429300642 0.7692307692307693 843
1737429300962 0.8307692307692308 844
1737429301280 0.8307692307692308 845
1737429301599 0.78125 846
1737429301918 0.7419354838709677 847
1737429302236 0.8260869565217391 848
1737429302553 0.8253968253968254 849
1737429302871 0.7307692307692307 850
1737429303190 0.68 851
1737429303507 0.6792452830188679 852
1737429303825 0.7936507936507936 853
1737429304141 0.6341463414634146 854
1737429304456 0.7307692307692307 855
1737429304773 0.8 856
1737429305092 0.7586206896551724 857
1737429305413 0.7575757575757576 858
1737429305732 0.851063829787234 859
1737429306049 0.8064516129032258 860
1737429306368 0.7941176470588235 861
1737429306582 0.7 862
1737429324078 0.8620689655172413 863
1737429324398 0.8 864
1737429324715 0.717948717948718 865
1737429325031 0.7346938775510204 866
1737429325348 0.8181818181818182 867
1737429325666 0.8611111111111112 868
1737429325984 0.7741935483870968 869
1737429326298 0.8571428571428571 870
1737429326616 0.8070175438596491 871
1737429326933 0.8214285714285714 872
1737429327253 0.8679245283018868 873
1737429327570 0.8301886792452831 874
1737429327888 0.7058823529411765 875
1737429328204 0.8679245283018868 876
1737429328522 0.7692307692307693 877
1737429328837 0.7692307692307693 878
1737429329152 0.88 879
1737429329469 0.819672131147541 880
1737429329786 0.847457627118644 881
1737429330102 0.8333333333333334 882
1737429330421 0.75 883
1737429330738 0.8253968253968254 884
1737429331056 0.7878787878787878 885
1737429331374 0.8611111111111112 886
1737429331692 0.7575757575757576 887
1737429332010 0.8115942028985508 888
1737429332330 0.6785714285714286 889
1737429332647 0.8 890
1737429332964 0.8235294117647058 891
1737429333282 0.9032258064516129 892
1737429333599 0.7058823529411765 893
1737429333917 0.7924528301886793 894
1737429334235 0.7419354838709677 895
1737429334553 0.7586206896551724 896
1737429334873 0.7457627118644068 897
1737429335190 0.8235294117647058 898
1737429335510 0.7169811320754716 899
1737429335826 0.7924528301886793 900
1737429336142 0.8648648648648649 901
1737429336460 0.65625 902
1737429336779 0.76 903
1737429337098 0.7368421052631579 904
1737429337413 0.7540983606557377 905
1737429337731 0.7272727272727273 906
1737429338052 0.711864406779661 907
1737429338369 0.711864406779661 908
1737429338686 0.6122448979591837 909
1737429339002 0.8518518518518519 910
1737429339319 0.7540983606557377 911
1737429339639 0.7450980392156863 912
1737429339955 0.7906976744186046 913
1737429340273 0.7936507936507936 914
1737429340590 0.7346938775510204 915
1737429340908 0.8888888888888888 916
1737429341226 0.8461538461538461 917
1737429341544 0.8 918
1737429341861 0.717948717948718 919
1737429342182 0.8888888888888888 920
1737429342504 0.8607594936708861 921
1737429342821 0.7450980392156863 922
1737429343141 0.8 923
1737429343457 0.8 924
1737429343775 0.8484848484848485 925
1737429344094 0.8301886792452831 926
1737429344412 0.7419354838709677 927
1737429344728 0.8108108108108109 928
1737429345047 0.7843137254901961 929
1737429345368 0.835820895522388 930
1737429345688 0.84 931
1737429346003 0.8181818181818182 932
1737429346319 0.7857142857142857 933
1737429346639 0.8 934
1737429346956 0.8571428571428571 935
1737429347273 0.8333333333333334 936
1737429347591 0.7755102040816326 937
1737429347909 0.8813559322033898 938
1737429348229 0.90625 939
1737429348547 0.821917808219178 940
1737429348863 0.8070175438596491 941
1737429349183 0.7407407407407407 942
1737429349501 0.7857142857142857 943
1737429349820 0.8888888888888888 944
1737429350136 0.8656716417910447 945
1737429350454 0.7407407407407407 946
1737429350771 0.8571428571428571 947
1737429351089 0.819672131147541 948
1737429351426 0.8260869565217391 949
1737429351751 0.78125 950
1737429352069 0.7777777777777778 951
1737429352388 0.8363636363636363 952
1737429352707 0.7878787878787878 953
1737429353025 0.7936507936507936 954
1737429353340 0.6071428571428571 955
1737429353658 0.782608695652174 956
1737429353975 0.8285714285714286 957
1737429354290 0.8888888888888888 958
1737429354612 0.75 959
1737429354930 0.8620689655172413 960
1737429355247 0.8 961
1737429355563 0.7272727272727273 962
1737429355880 0.8888888888888888 963
1737429356197 0.7857142857142857 964
1737429356516 0.8214285714285714 965
1737429356837 0.6545454545454545 966
1737429357151 0.7868852459016393 967
1737429357468 0.9 968
1737429357787 0.7878787878787878 969
1737429358107 0.8135593220338984 970
1737429358425 0.7741935483870968 971
1737429358743 0.8235294117647058 972
1737429359059 0.8571428571428571 973
1737429359378 0.7692307692307693 974
1737429359693 0.8928571428571429 975
1737429360011 0.9411764705882353 976
1737429360335 0.75 977
1737429360652 0.75 978
1737429360969 0.8135593220338984 979
1737429361286 0.847457627118644 980
1737429361604 0.7540983606557377 981
1737429361924 0.7272727272727273 982
1737429362240 0.7868852459016393 983
1737429362555 0.8363636363636363 984
1737429362871 0.868421052631579 985
1737429363190 0.7605633802816901 986
1737429363508 0.8604651162790697 987
1737429363827 0.8615384615384616 988
1737429364147 0.7636363636363637 989
1737429364464 0.7936507936507936 990
1737429364782 0.8311688311688312 991
1737429365099 0.8656716417910447 992
1737429365416 0.8666666666666667 993
1737429365735 0.9152542372881356 994
1737429366052 0.8852459016393442 995
1737429366370 0.92 996
1737429366687 0.8857142857142857 997
1737429367005 0.6956521739130435 998
1737429367322 0.8852459016393442 999
1737429367639 0.896551724137931 1000
1737429367959 0.8421052631578947 1001
1737429368276 0.7692307692307693 1002
1737429368595 0.8484848484848485 1003
1737429368914 0.8 1004
1737429369236 0.7555555555555555 1005
1737429369552 0.8275862068965517 1006
1737429369870 0.8070175438596491 1007
1737429370189 0.8 1008
1737429370507 0.8666666666666667 1009
1737429370824 0.9090909090909091 1010
1737429371142 0.7804878048780488 1011
1737429371458 0.7555555555555555 1012
1737429371778 0.8918918918918919 1013
1737429372094 0.7719298245614035 1014
1737429372411 0.7941176470588235 1015
1737429372728 0.8421052631578947 1016
1737429373046 0.8888888888888888 1017
1737429373398 0.8450704225352113 1018
1737429373719 0.8333333333333334 1019
1737429374036 0.8064516129032258 1020
1737429374355 0.8275862068965517 1021
1737429374672 0.7567567567567568 1022
1737429374991 0.8928571428571429 1023
1737429375307 0.84 1024
1737429375626 0.8787878787878788 1025
1737429375943 0.8620689655172413 1026
1737429376261 0.8055555555555556 1027
1737429376578 0.8421052631578947 1028
1737429376895 0.9130434782608695 1029
1737429377213 0.8421052631578947 1030
1737429377542 0.8 1031
1737429377858 0.8571428571428571 1032
1737429378174 0.7272727272727273 1033
1737429378494 0.8888888888888888 1034
1737429378811 0.8363636363636363 1035
1737429379129 0.7924528301886793 1036
1737429379448 0.78125 1037
1737429379763 0.8135593220338984 1038
1737429380081 0.7 1039
1737429380399 0.7777777777777778 1040
1737429380719 0.8524590163934426 1041
1737429381037 0.8214285714285714 1042
1737429381357 0.84375 1043
1737429381673 0.8484848484848485 1044
1737429381993 0.7272727272727273 1045
1737429382311 0.7777777777777778 1046
1737429382629 0.8852459016393442 1047
1737429382948 0.835820895522388 1048
1737429383269 0.8 1049
1737429383586 0.7272727272727273 1050
1737429383903 0.8163265306122449 1051
1737429384220 0.7647058823529411 1052
1737429384538 0.8518518518518519 1053
1737429384856 0.7916666666666666 1054
1737429385172 0.7666666666666667 1055
1737429385490 0.9142857142857143 1056
1737429385810 0.7931034482758621 1057
1737429386128 0.8571428571428571 1058
1737429386445 0.8918918918918919 1059
1737429386761 0.8571428571428571 1060
1737429387080 0.7692307692307693 1061
1737429387399 0.8260869565217391 1062
1737429387718 0.7241379310344828 1063
1737429388035 0.8059701492537313 1064
1737429388353 0.8524590163934426 1065
1737429388677 0.8 1066
1737429389013 0.8620689655172413 1067
1737429389328 0.8333333333333334 1068
1737429389643 0.8064516129032258 1069
1737429389962 0.8076923076923077 1070
1737429390279 0.7924528301886793 1071
1737429390597 0.8627450980392157 1072
1737429390912 0.8135593220338984 1073
1737429391238 0.75 1074
1737429391556 0.8169014084507042 1075
1737429391873 0.9 1076
1737429392190 0.875 1077
1737429392510 0.875 1078
1737429392830 0.7755102040816326 1079
1737429393146 0.9142857142857143 1080
1737429393464 0.8095238095238095 1081
1737429393782 0.847457627118644 1082
1737429394099 0.8846153846153846 1083
1737429394417 0.7857142857142857 1084
1737429394735 0.835820895522388 1085
1737429395052 0.8148148148148148 1086
1737429395372 0.8275862068965517 1087
1737429395690 0.9041095890410958 1088
1737429396009 0.9354838709677419 1089
1737429396325 0.8 1090
1737429396643 0.8493150684931506 1091
1737429396962 0.835820895522388 1092
1737429397283 0.8 1093
1737429397604 0.819672131147541 1094
1737429397922 0.9318181818181818 1095
1737429398240 0.9230769230769231 1096
1737429398556 0.8787878787878788 1097
1737429398875 0.9354838709677419 1098
1737429399192 0.9259259259259259 1099
1737429399507 0.9032258064516129 1100
1737429399824 0.7936507936507936 1101
1737429400141 0.7636363636363637 1102
1737429400457 0.819672131147541 1103
1737429400772 0.8148148148148148 1104
1737429401090 0.7777777777777778 1105
1737429401407 0.76 1106
1737429401727 0.8421052631578947 1107
1737429402043 0.810126582278481 1108
1737429402359 0.8135593220338984 1109
1737429402677 0.9 1110
1737429402995 0.8333333333333334 1111
1737429403312 0.7761194029850746 1112
1737429403632 0.8148148148148148 1113
1737429403950 0.8780487804878049 1114
1737429404268 0.8571428571428571 1115
1737429404586 0.7796610169491526 1116
1737429404901 0.8787878787878788 1117
1737429405220 0.8780487804878049 1118
1737429405538 0.8857142857142857 1119
1737429405857 0.7755102040816326 1120
1737429406174 0.8405797101449275 1121
1737429406492 0.8163265306122449 1122
1737429406808 0.9090909090909091 1123
1737429407127 0.8421052631578947 1124
1737429407442 0.8979591836734694 1125
1737429407761 0.9117647058823529 1126
1737429408079 0.8461538461538461 1127
1737429408397 0.8461538461538461 1128
1737429408715 0.8 1129
1737429409036 0.8421052631578947 1130
1737429409367 0.8955223880597015 1131
1737429409684 0.847457627118644 1132
1737429410002 0.7878787878787878 1133
1737429410318 0.8301886792452831 1134
1737429410637 0.6956521739130435 1135
1737429410955 0.8148148148148148 1136
1737429411273 0.819672131147541 1137
1737429411593 0.8571428571428571 1138
1737429411914 0.8169014084507042 1139
1737429412230 0.8235294117647058 1140
1737429412550 0.9 1141
1737429412868 0.8311688311688312 1142
1737429413185 0.8571428571428571 1143
1737429413501 0.8979591836734694 1144
1737429413821 0.8852459016393442 1145
1737429414137 0.835820895522388 1146
1737429414455 0.7878787878787878 1147
1737429414774 0.8095238095238095 1148
1737429415090 0.9180327868852459 1149
1737429415408 0.8387096774193549 1150
1737429415733 0.8846153846153846 1151
1737429416051 0.8571428571428571 1152
1737429416371 0.8709677419354839 1153
1737429416689 0.8253968253968254 1154
1737429417005 0.9411764705882353 1155
1737429417324 0.835820895522388 1156
1737429417641 0.8571428571428571 1157
1737429417961 0.8727272727272727 1158
1737429418279 0.8620689655172413 1159
1737429418598 0.8125 1160
1737429418917 0.8571428571428571 1161
1737429419237 0.8888888888888888 1162
1737429419555 0.8695652173913043 1163
1737429419872 0.8055555555555556 1164
1737429420192 0.9090909090909091 1165
1737429420518 0.8852459016393442 1166
1737429420852 0.8064516129032258 1167
1737429421170 0.8135593220338984 1168
1737429421487 0.7843137254901961 1169
1737429421804 0.851063829787234 1170
1737429422121 0.8421052631578947 1171
1737429422440 0.75 1172
1737429422760 0.8524590163934426 1173
1737429423086 0.7924528301886793 1174
1737429423404 0.8444444444444444 1175
1737429423724 0.9152542372881356 1176
1737429424041 0.92 1177
1737429424358 0.7441860465116279 1178
1737429424678 0.9166666666666666 1179
1737429424998 0.8461538461538461 1180
1737429425317 0.9253731343283582 1181
1737429425637 0.8307692307692308 1182
1737429425956 0.8253968253968254 1183
1737429426275 0.8 1184
1737429426592 0.9032258064516129 1185
1737429426911 0.84375 1186
1737429427230 0.8285714285714286 1187
1737429427548 0.8846153846153846 1188
1737429427869 0.8 1189
1737429428187 0.8064516129032258 1190
1737429428505 0.8888888888888888 1191
1737429428824 0.8301886792452831 1192
1737429429142 0.8055555555555556 1193
1737429429459 0.9230769230769231 1194
1737429429777 0.8888888888888888 1195
1737429430096 0.76 1196
1737429430415 0.9117647058823529 1197
1737429430733 0.8307692307692308 1198
1737429431050 0.847457627118644 1199
1737429431367 0.7857142857142857 1200
1737429431685 0.8301886792452831 1201
1737429432003 0.8813559322033898 1202
1737429432323 0.9259259259259259 1203
1737429432641 0.8679245283018868 1204
1737429432959 0.8857142857142857 1205
1737429433278 0.8070175438596491 1206
1737429433597 0.8333333333333334 1207
1737429433914 0.8888888888888888 1208
1737429434232 0.9433962264150944 1209
1737429434551 0.9117647058823529 1210
1737429434871 0.8181818181818182 1211
1737429435189 0.84375 1212
1737429435507 0.7719298245614035 1213
1737429435826 0.8709677419354839 1214
1737429436145 0.9487179487179487 1215
1737429436463 0.8461538461538461 1216
1737429436780 0.631578947368421 1217
1737429437099 0.782608695652174 1218
1737429437420 0.8372093023255814 1219
1737429437737 0.9117647058823529 1220
1737429438057 0.88 1221
1737429438377 0.8888888888888888 1222
1737429438694 0.896551724137931 1223
1737429439014 0.8169014084507042 1224
1737429439331 0.8148148148148148 1225
1737429439648 0.8181818181818182 1226
1737429439965 0.918918918918919 1227
1737429440282 0.7619047619047619 1228
1737429440599 0.7727272727272727 1229
1737429440916 0.7916666666666666 1230
1737429441236 0.8923076923076924 1231
1737429441555 0.7936507936507936 1232
1737429441873 0.8615384615384616 1233
1737429442190 0.8214285714285714 1234
1737429442507 0.7666666666666667 1235
1737429442824 0.8620689655172413 1236
1737429443142 0.8518518518518519 1237
1737429443463 0.8387096774193549 1238
1737429443779 0.711864406779661 1239
1737429444096 0.6938775510204082 1240
1737429444415 0.8484848484848485 1241
1737429444732 0.8 1242
1737429445049 0.8235294117647058 1243
1737429445369 0.8679245283018868 1244
1737429445686 0.8656716417910447 1245
1737429446008 0.8727272727272727 1246
1737429446325 0.8571428571428571 1247
1737429446643 0.8571428571428571 1248
1737429446962 0.8771929824561403 1249
1737429447283 0.7407407407407407 1250
1737429447599 0.8888888888888888 1251
1737429447916 0.8615384615384616 1252
1737429448234 0.8620689655172413 1253
1737429448553 0.8666666666666667 1254
1737429448871 0.7727272727272727 1255
1737429449187 0.8214285714285714 1256
1737429449505 0.7346938775510204 1257
1737429449823 0.8888888888888888 1258
1737429450142 0.875 1259
1737429450459 0.8387096774193549 1260
1737429450776 0.782608695652174 1261
1737429451093 0.7659574468085106 1262
1737429451410 0.7796610169491526 1263
1737429451731 0.927536231884058 1264
1737429452047 0.9056603773584906 1265
1737429452366 0.8985507246376812 1266
1737429452686 0.8135593220338984 1267
1737429453005 0.8666666666666667 1268
1737429453322 0.8070175438596491 1269
1737429453640 0.8285714285714286 1270
1737429453958 0.7659574468085106 1271
1737429454275 0.7755102040816326 1272
1737429454594 0.8363636363636363 1273
1737429454912 0.7307692307692307 1274
1737429455230 0.631578947368421 1275
1737429455550 0.7142857142857143 1276
1737429455869 0.8235294117647058 1277
1737429456185 0.8363636363636363 1278
1737429456505 0.8518518518518519 1279
1737429456822 0.8787878787878788 1280
1737429457141 0.8620689655172413 1281
1737429457461 0.9069767441860465 1282
1737429457778 0.8615384615384616 1283
1737429458097 0.85 1284
1737429458413 0.8985507246376812 1285
1737429458730 0.7692307692307693 1286
1737429459049 0.8064516129032258 1287
1737429459369 0.84375 1288
1737429459687 0.8846153846153846 1289
1737429460007 0.8571428571428571 1290
1737429460324 0.8679245283018868 1291
1737429460643 0.9259259259259259 1292
1737429460963 0.7924528301886793 1293
1737429461282 0.8529411764705882 1294
1737429461602 0.875 1295
1737429461918 0.8387096774193549 1296
1737429462235 0.9629629629629629 1297
1737429462554 0.8 1298
1737429462873 0.9122807017543859 1299
1737429463190 0.847457627118644 1300
1737429463508 0.8064516129032258 1301
1737429463828 0.9230769230769231 1302
1737429464148 0.8461538461538461 1303
1737429464466 0.7605633802816901 1304
1737429464787 0.88 1305
1737429465104 0.8947368421052632 1306
1737429465421 0.7878787878787878 1307
1737429465740 0.7941176470588235 1308
1737429466057 0.8169014084507042 1309
1737429466374 0.7916666666666666 1310
1737429466692 0.835820895522388 1311
1737429467011 0.8484848484848485 1312
1737429467331 0.8421052631578947 1313
1737429467649 0.8333333333333334 1314
1737429467966 0.8 1315
1737429468286 0.7924528301886793 1316
1737429468604 0.7391304347826086 1317
1737429468921 0.8064516129032258 1318
1737429469237 0.8620689655172413 1319
1737429469556 0.8928571428571429 1320
1737429469873 0.8307692307692308 1321
1737429470194 0.8955223880597015 1322
1737429470512 0.8378378378378378 1323
1737429470831 0.8 1324
1737429471150 0.8656716417910447 1325
1737429471470 0.8333333333333334 1326
1737429471792 0.8307692307692308 1327
1737429472111 0.6666666666666666 1328
1737429472426 0.8979591836734694 1329
1737429472745 0.7692307692307693 1330
1737429473062 0.782608695652174 1331
1737429473380 0.7450980392156863 1332
1737429473699 0.8 1333
1737429474018 0.8461538461538461 1334
1737429474336 0.9152542372881356 1335
1737429474652 0.8615384615384616 1336
1737429474970 0.8727272727272727 1337
1737429475290 0.9032258064516129 1338
1737429475607 0.8333333333333334 1339
1737429475924 0.7804878048780488 1340
1737429476242 0.8641975308641975 1341
1737429476559 0.896551724137931 1342
1737429476877 0.8301886792452831 1343
1737429477196 0.8732394366197183 1344
1737429477512 0.847457627118644 1345
1737429477830 0.6785714285714286 1346
1737429478149 0.8387096774193549 1347
1737429478466 0.835820895522388 1348
1737429478785 0.76 1349
1737429479103 0.8571428571428571 1350
1737429479420 0.8571428571428571 1351
1737429479739 0.8571428571428571 1352
1737429480056 0.7692307692307693 1353
1737429480373 0.8235294117647058 1354
1737429480690 0.8214285714285714 1355
1737429481007 0.8387096774193549 1356
1737429481326 0.8571428571428571 1357
1737429481645 0.8620689655172413 1358
1737429481963 0.7419354838709677 1359
1737429482283 0.7272727272727273 1360
1737429482604 0.7636363636363637 1361
1737429482922 0.8936170212765957 1362
1737429483240 0.8214285714285714 1363
1737429483558 0.9032258064516129 1364
1737429483878 0.8421052631578947 1365
1737429484197 0.8163265306122449 1366
1737429484518 0.7741935483870968 1367
1737429484838 0.7346938775510204 1368
1737429485155 0.84375 1369
1737429485475 0.7666666666666667 1370
1737429485791 0.8 1371
1737429486111 0.8620689655172413 1372
1737429486430 0.7142857142857143 1373
1737429486752 0.8070175438596491 1374
1737429487069 0.8333333333333334 1375
1737429487387 0.8387096774193549 1376
1737429487706 0.9333333333333333 1377
1737429488026 0.8607594936708861 1378
1737429488345 0.8771929824561403 1379
1737429488661 0.8888888888888888 1380
1737429488980 0.8787878787878788 1381
1737429489299 0.8 1382
1737429489616 0.9354838709677419 1383
1737429489933 0.9375 1384
1737429490250 0.8363636363636363 1385
1737429490568 0.8787878787878788 1386
1737429490887 0.9152542372881356 1387
1737429491206 0.8656716417910447 1388
1737429491523 0.9230769230769231 1389
1737429491842 0.7857142857142857 1390
1737429492161 0.8387096774193549 1391
1737429492481 0.8857142857142857 1392
1737429492798 0.9259259259259259 1393
1737429493118 0.8695652173913043 1394
1737429493437 0.8813559322033898 1395
1737429493756 0.8235294117647058 1396
1737429494074 0.8666666666666667 1397
1737429494392 0.9180327868852459 1398
1737429494712 0.8656716417910447 1399
1737429495029 0.847457627118644 1400
1737429495348 0.9333333333333333 1401
1737429495664 0.8085106382978723 1402
1737429495984 0.8214285714285714 1403
1737429496303 0.8524590163934426 1404
1737429496621 0.8333333333333334 1405
1737429496937 0.847457627118644 1406
1737429497258 0.8135593220338984 1407
1737429497578 0.8421052631578947 1408
1737429497895 0.8695652173913043 1409
1737429498214 0.8888888888888888 1410
1737429498534 0.8571428571428571 1411
1737429498853 0.8923076923076924 1412
1737429499172 0.9354838709677419 1413
1737429499492 0.8732394366197183 1414
1737429499809 0.7924528301886793 1415
1737429500128 0.8 1416
1737429500449 0.8709677419354839 1417
1737429500766 0.8571428571428571 1418
1737429501085 0.8378378378378378 1419
1737429501402 0.8181818181818182 1420
1737429501719 0.8936170212765957 1421
1737429502038 0.7317073170731707 1422
1737429502357 0.8 1423
1737429502672 0.8732394366197183 1424
1737429502997 0.8607594936708861 1425
1737429503316 0.8 1426
1737429503633 0.8253968253968254 1427
1737429503950 0.8 1428
1737429504267 0.8148148148148148 1429
1737429504585 0.8857142857142857 1430
1737429504904 0.8923076923076924 1431
1737429505222 0.8135593220338984 1432
1737429505538 0.8275862068965517 1433
1737429505857 0.9166666666666666 1434
1737429506174 0.8301886792452831 1435
1737429506496 0.78125 1436
1737429506812 0.84375 1437
1737429507129 0.8666666666666667 1438
1737429507450 0.8923076923076924 1439
1737429507768 0.7924528301886793 1440
1737429508088 0.8387096774193549 1441
1737429508403 0.8611111111111112 1442
1737429508720 0.9 1443
1737429509036 0.90625 1444
1737429509359 0.8787878787878788 1445
1737429509674 0.9032258064516129 1446
1737429509994 0.8059701492537313 1447
1737429510311 0.8571428571428571 1448
1737429510629 0.8571428571428571 1449
1737429510948 0.8813559322033898 1450
1737429511267 0.8985507246376812 1451
1737429511585 0.8571428571428571 1452
1737429511903 0.8 1453
1737429512221 0.9180327868852459 1454
1737429512540 0.8115942028985508 1455
1737429512856 0.7547169811320755 1456
1737429513173 0.8928571428571429 1457
1737429513492 0.8484848484848485 1458
1737429513810 0.821917808219178 1459
1737429514127 0.9122807017543859 1460
1737429514445 0.8524590163934426 1461
1737429514761 0.8648648648648649 1462
1737429515079 0.8571428571428571 1463
1737429515396 0.9041095890410958 1464
1737429515714 0.8923076923076924 1465
1737429516031 0.8727272727272727 1466
1737429516351 0.88 1467
1737429516668 0.9090909090909091 1468
1737429516986 0.8529411764705882 1469
1737429517303 0.8771929824561403 1470
1737429517619 0.847457627118644 1471
1737429517937 0.8727272727272727 1472
1737429518255 0.8076923076923077 1473
1737429518573 0.7636363636363637 1474
1737429518892 0.8135593220338984 1475
1737429519211 0.8727272727272727 1476
1737429519527 0.8985507246376812 1477
1737429519846 0.8620689655172413 1478
1737429520168 0.8059701492537313 1479
1737429520486 0.7368421052631579 1480
1737429520803 0.875 1481
1737429521121 0.8571428571428571 1482
1737429521439 0.84375 1483
1737429521758 0.9 1484
1737429522076 0.8 1485
1737429522395 0.8985507246376812 1486
1737429522710 0.9230769230769231 1487
1737429523028 0.9310344827586207 1488
1737429523347 0.9295774647887324 1489
1737429523664 0.8727272727272727 1490
1737429523981 0.8493150684931506 1491
1737429524299 0.835820895522388 1492
1737429524616 0.8266666666666667 1493
1737429524933 0.90625 1494
1737429525252 0.927536231884058 1495
1737429525570 0.8524590163934426 1496
1737429525890 0.8857142857142857 1497
1737429526208 0.8571428571428571 1498
1737429526526 0.9629629629629629 1499
1737429526844 0.9 1500
1737429527161 0.7727272727272727 1501
1737429527482 0.9206349206349206 1502
1737429527799 0.7857142857142857 1503
1737429528117 0.8666666666666667 1504
1737429528436 0.9019607843137255 1505
1737429528756 0.8148148148148148 1506
1737429529073 0.8085106382978723 1507
1737429529392 0.9090909090909091 1508
1737429529710 0.7941176470588235 1509
1737429530027 0.9454545454545454 1510
1737429530346 0.8709677419354839 1511
1737429530663 0.7941176470588235 1512
1737429530982 0.8656716417910447 1513
1737429531302 0.8888888888888888 1514
1737429531622 0.8 1515
1737429531943 0.8421052631578947 1516
1737429532261 0.847457627118644 1517
1737429532577 0.8253968253968254 1518
1737429532895 0.76 1519
1737429533214 0.7857142857142857 1520
1737429533532 0.8627450980392157 1521
1737429533849 0.6956521739130435 1522
1737429534167 0.7868852459016393 1523
1737429534485 0.9014084507042254 1524
1737429534802 0.7619047619047619 1525
1737429535120 0.9014084507042254 1526
1737429535438 0.8787878787878788 1527
1737429535756 0.8301886792452831 1528
1737429536074 0.8076923076923077 1529
1737429536391 0.8695652173913043 1530
1737429536710 0.8064516129032258 1531
1737429537028 0.8571428571428571 1532
1737429537347 0.8484848484848485 1533
1737429537665 0.8771929824561403 1534
1737429537984 0.7719298245614035 1535
1737429538303 0.8695652173913043 1536
1737429538621 0.8235294117647058 1537
1737429538940 0.8787878787878788 1538
1737429539257 0.8 1539
1737429539575 0.8461538461538461 1540
1737429539895 0.7037037037037037 1541
1737429540213 0.8333333333333334 1542
1737429540531 0.8524590163934426 1543
1737429540849 0.819672131147541 1544
1737429541166 0.875 1545
1737429541486 0.8727272727272727 1546
1737429541804 0.7619047619047619 1547
1737429542122 0.8717948717948718 1548
1737429542442 0.8253968253968254 1549
1737429542760 0.8571428571428571 1550
1737429543078 0.835820895522388 1551
1737429543396 0.8253968253968254 1552
1737429543716 0.8709677419354839 1553
1737429544035 0.8641975308641975 1554
1737429544353 0.9302325581395349 1555
1737429544672 0.8709677419354839 1556
1737429544992 0.8823529411764706 1557
1737429545310 0.90625 1558
1737429545628 0.8 1559
1737429545946 0.75 1560
1737429546263 0.75 1561
1737429546581 0.7843137254901961 1562
1737429546901 0.8125 1563
1737429547222 0.8307692307692308 1564
1737429547540 0.8524590163934426 1565
1737429547859 0.8518518518518519 1566
1737429548179 0.9285714285714286 1567
1737429548497 0.8363636363636363 1568
1737429548814 0.8085106382978723 1569
1737429549131 0.9090909090909091 1570
1737429549448 0.7796610169491526 1571
1737429549765 0.9361702127659575 1572
1737429550086 0.8627450980392157 1573
1737429550402 0.8813559322033898 1574
1737429550721 0.835820895522388 1575
1737429551038 0.90625 1576
1737429551354 0.8181818181818182 1577
1737429551673 0.8727272727272727 1578
1737429551991 0.7727272727272727 1579
1737429552311 0.8846153846153846 1580
1737429552628 0.8923076923076924 1581
1737429552945 0.8235294117647058 1582
1737429553263 0.9019607843137255 1583
1737429553582 0.8955223880597015 1584
1737429553900 0.8292682926829268 1585
1737429554218 0.8918918918918919 1586
1737429554535 0.75 1587
1737429554853 0.8620689655172413 1588
1737429555174 0.782608695652174 1589
1737429555492 0.9375 1590
1737429555808 0.8571428571428571 1591
1737429556125 0.7931034482758621 1592
1737429556446 0.8852459016393442 1593
1737429556766 0.8235294117647058 1594
1737429557085 0.90625 1595
1737429557401 0.78125 1596
1737429557720 0.8235294117647058 1597
1737429558039 0.8656716417910447 1598
1737429558358 0.8813559322033898 1599
1737429558674 0.8607594936708861 1600
1737429558993 0.847457627118644 1601
1737429559318 0.896551724137931 1602
1737429559640 0.8852459016393442 1603
1737429559961 0.8307692307692308 1604
1737429560279 0.8787878787878788 1605
1737429560597 0.8421052631578947 1606
1737429560916 0.8648648648648649 1607
1737429561233 0.8888888888888888 1608
1737429561550 0.8627450980392157 1609
1737429561868 0.8169014084507042 1610
1737429562187 0.8852459016393442 1611
1737429562505 0.8214285714285714 1612
1737429562824 0.8571428571428571 1613
1737429563140 0.8333333333333334 1614
1737429563459 0.8148148148148148 1615
1737429563777 0.875 1616
1737429564096 0.9090909090909091 1617
1737429564416 0.8363636363636363 1618
1737429564735 0.8857142857142857 1619
1737429565054 0.9375 1620
1737429565373 0.8888888888888888 1621
1737429565690 0.875 1622
1737429566008 0.8656716417910447 1623
1737429566327 0.9019607843137255 1624
1737429566645 0.9206349206349206 1625
1737429566966 0.8260869565217391 1626
1737429567283 0.90625 1627
1737429567602 0.847457627118644 1628
1737429567922 0.8518518518518519 1629
1737429568240 0.7391304347826086 1630
1737429568557 0.8771929824561403 1631
1737429568877 0.7924528301886793 1632
1737429569197 0.88 1633
1737429569517 0.9041095890410958 1634
1737429569832 0.8888888888888888 1635
1737429570150 0.8857142857142857 1636
1737429570470 0.8363636363636363 1637
1737429570790 0.8529411764705882 1638
1737429571111 0.8301886792452831 1639
1737429571430 0.8307692307692308 1640
1737429571749 0.8363636363636363 1641
1737429572070 0.7719298245614035 1642
1737429572389 0.8928571428571429 1643
1737429572704 0.76 1644
1737429573023 0.8615384615384616 1645
1737429573343 0.84 1646
1737429573662 0.8846153846153846 1647
1737429573981 0.8235294117647058 1648
1737429574297 0.7547169811320755 1649
1737429574614 0.9375 1650
1737429574932 0.8181818181818182 1651
1737429575250 0.8524590163934426 1652
1737429575569 0.8974358974358975 1653
1737429575887 0.7755102040816326 1654
1737429576205 0.8813559322033898 1655
1737429576524 0.8 1656
1737429576840 0.9545454545454546 1657
1737429577158 0.8461538461538461 1658
1737429577476 0.8955223880597015 1659
1737429577798 0.8636363636363636 1660
1737429578118 0.8571428571428571 1661
1737429578437 0.8666666666666667 1662
1737429578757 0.8235294117647058 1663
1737429579074 0.9122807017543859 1664
1737429579392 0.9230769230769231 1665
1737429579707 0.7391304347826086 1666
1737429580026 0.7843137254901961 1667
1737429580344 0.8823529411764706 1668
1737429580665 0.835820895522388 1669
1737429580985 0.90625 1670
1737429581303 0.896551724137931 1671
1737429581622 0.8918918918918919 1672
1737429581939 0.8333333333333334 1673
1737429582258 0.7692307692307693 1674
1737429582577 0.8163265306122449 1675
1737429582894 0.90625 1676
1737429583213 0.8709677419354839 1677
1737429583531 0.8524590163934426 1678
1737429583849 0.9032258064516129 1679
1737429584167 0.9122807017543859 1680
1737429584486 0.8888888888888888 1681
1737429584802 0.90625 1682
1737429585121 0.9047619047619048 1683
1737429585437 0.8333333333333334 1684
1737429585756 0.8524590163934426 1685
1737429586073 0.8085106382978723 1686
1737429586391 0.8666666666666667 1687
1737429586710 0.8169014084507042 1688
1737429587027 0.9090909090909091 1689
1737429587346 0.927536231884058 1690
1737429587664 0.8732394366197183 1691
1737429587980 0.8421052631578947 1692
1737429588299 0.8275862068965517 1693
1737429588618 0.7555555555555555 1694
1737429588937 0.9180327868852459 1695
1737429589256 0.8679245283018868 1696
1737429589573 0.7857142857142857 1697
1737429589892 0.9387755102040817 1698
1737429590211 0.9090909090909091 1699
1737429590531 0.9411764705882353 1700
1737429590848 0.7868852459016393 1701
1737429591167 0.8363636363636363 1702
1737429591489 0.8947368421052632 1703
1737429591811 0.8852459016393442 1704
1737429592129 0.84 1705
1737429592448 0.90625 1706
1737429592767 0.90625 1707
1737429593086 0.8615384615384616 1708
1737429593404 0.8125 1709
1737429593723 0.8888888888888888 1710
1737429594041 0.8823529411764706 1711
1737429594360 0.8620689655172413 1712
1737429594678 0.7796610169491526 1713
1737429594999 0.7719298245614035 1714
1737429595315 0.8135593220338984 1715
1737429595634 0.8108108108108109 1716
1737429595953 0.84 1717
1737429596271 0.8787878787878788 1718
1737429596586 0.8135593220338984 1719
1737429596908 0.8484848484848485 1720
1737429597228 0.9583333333333334 1721
1737429597545 0.8615384615384616 1722
1737429597861 0.9066666666666666 1723
1737429598067 0.9130434782608695 1724
1737429614267 0.8771929824561403 1725
1737429614584 0.90625 1726
1737429614901 0.8292682926829268 1727
1737429615216 0.7755102040816326 1728
1737429615534 0.8253968253968254 1729
1737429615855 0.8767123287671232 1730
1737429616171 0.9 1731
1737429616489 0.9433962264150944 1732
1737429616805 0.8363636363636363 1733
1737429617123 0.9122807017543859 1734
1737429617439 0.8846153846153846 1735
1737429617757 0.8888888888888888 1736
1737429618076 0.7931034482758621 1737
1737429618393 0.9285714285714286 1738
1737429618709 0.8461538461538461 1739
1737429619028 0.8823529411764706 1740
1737429619345 0.9210526315789473 1741
1737429619661 0.875 1742
1737429619978 0.9032258064516129 1743
1737429620296 0.8888888888888888 1744
1737429620618 0.8260869565217391 1745
1737429620935 0.927536231884058 1746
1737429621252 0.8387096774193549 1747
1737429621567 0.8985507246376812 1748
1737429621884 0.9090909090909091 1749
1737429622202 0.8857142857142857 1750
1737429622521 0.8 1751
1737429622840 0.8421052631578947 1752
1737429623157 0.8846153846153846 1753
1737429623475 0.9375 1754
1737429623792 0.8421052631578947 1755
1737429624110 0.8518518518518519 1756
1737429624428 0.7868852459016393 1757
1737429624746 0.8888888888888888 1758
1737429625064 0.7931034482758621 1759
1737429625380 0.8888888888888888 1760
1737429625698 0.8148148148148148 1761
1737429626017 0.9230769230769231 1762
1737429626335 0.9066666666666666 1763
1737429626653 0.78125 1764
1737429626974 0.8148148148148148 1765
1737429627291 0.819672131147541 1766
1737429627612 0.7666666666666667 1767
1737429627930 0.7586206896551724 1768
1737429628249 0.7540983606557377 1769
1737429628567 0.75 1770
1737429628883 0.7843137254901961 1771
1737429629200 0.8888888888888888 1772
1737429629520 0.819672131147541 1773
1737429629838 0.8301886792452831 1774
1737429630157 0.8571428571428571 1775
1737429630474 0.875 1776
1737429630793 0.8518518518518519 1777
1737429631111 0.9090909090909091 1778
1737429631432 0.8461538461538461 1779
1737429631753 0.819672131147541 1780
1737429632071 0.7692307692307693 1781
1737429632389 0.9333333333333333 1782
1737429632707 0.9113924050632911 1783
1737429633024 0.8 1784
1737429633343 0.8450704225352113 1785
1737429633660 0.9122807017543859 1786
1737429633980 0.8823529411764706 1787
1737429634297 0.8679245283018868 1788
1737429634616 0.8484848484848485 1789
1737429634933 0.875 1790
1737429635251 0.8771929824561403 1791
1737429635569 0.8888888888888888 1792
1737429635889 0.9361702127659575 1793
1737429636207 0.8484848484848485 1794
1737429636523 0.7777777777777778 1795
1737429636840 0.847457627118644 1796
1737429637159 0.8301886792452831 1797
1737429637477 0.8852459016393442 1798
1737429637794 0.8260869565217391 1799
1737429638113 0.9310344827586207 1800
1737429638431 0.9552238805970149 1801
1737429638751 0.8157894736842105 1802
1737429639069 0.8518518518518519 1803
1737429639387 0.8813559322033898 1804
1737429639705 0.8813559322033898 1805
1737429640023 0.9315068493150684 1806
1737429640343 0.9393939393939394 1807
1737429640660 0.8076923076923077 1808
1737429640978 0.8928571428571429 1809
1737429641295 0.8709677419354839 1810
1737429641615 0.8636363636363636 1811
1737429641931 0.8524590163934426 1812
1737429642252 0.8923076923076924 1813
1737429642569 0.8571428571428571 1814
1737429642888 0.8923076923076924 1815
1737429643209 0.84375 1816
1737429643532 0.7301587301587301 1817
1737429643856 0.8157894736842105 1818
1737429644172 0.88 1819
1737429644490 0.8717948717948718 1820
1737429644809 0.8163265306122449 1821
1737429645128 0.8727272727272727 1822
1737429645447 0.8823529411764706 1823
1737429645764 0.88 1824
1737429646081 0.9393939393939394 1825
1737429646399 0.8666666666666667 1826
1737429646716 0.9206349206349206 1827
1737429647034 0.819672131147541 1828
1737429647353 0.8923076923076924 1829
1737429647667 0.9523809523809523 1830
1737429647994 0.8852459016393442 1831
1737429648311 0.896551724137931 1832
1737429648630 0.8955223880597015 1833
1737429648945 0.8955223880597015 1834
1737429649265 0.8888888888888888 1835
1737429649582 0.8533333333333334 1836
1737429649900 0.8571428571428571 1837
1737429650221 0.9538461538461539 1838
1737429650538 0.8148148148148148 1839
1737429650855 0.8285714285714286 1840
1737429651172 0.9615384615384616 1841
1737429651492 0.9285714285714286 1842
1737429651815 0.9032258064516129 1843
1737429652137 0.7906976744186046 1844
1737429652454 0.9230769230769231 1845
1737429652772 0.9 1846
1737429653091 0.9066666666666666 1847
1737429653408 0.8918918918918919 1848
1737429653726 0.898876404494382 1849
1737429654045 0.9253731343283582 1850
1737429654365 0.8461538461538461 1851
1737429654683 0.9180327868852459 1852
1737429655002 0.8974358974358975 1853
1737429655321 0.8923076923076924 1854
1737429655640 0.9285714285714286 1855
1737429655961 0.9310344827586207 1856
1737429656277 0.9180327868852459 1857
1737429656594 0.9387755102040817 1858
1737429656911 0.9315068493150684 1859
1737429657229 0.7659574468085106 1860
1737429657548 0.9 1861
1737429657867 0.9 1862
1737429658188 0.8620689655172413 1863
1737429658504 0.8615384615384616 1864
1737429658823 0.8985507246376812 1865
1737429659142 0.8727272727272727 1866
1737429659461 0.8292682926829268 1867
1737429659778 0.8813559322033898 1868
1737429660096 0.896551724137931 1869
1737429660412 0.8571428571428571 1870
1737429660730 0.90625 1871
1737429661049 0.9620253164556962 1872
1737429661368 0.9 1873
1737429661686 0.8837209302325582 1874
1737429662004 0.9090909090909091 1875
1737429662321 0.9019607843137255 1876
1737429662640 0.9333333333333333 1877
1737429662958 0.8727272727272727 1878
1737429663275 0.8695652173913043 1879
1737429663594 0.9253731343283582 1880
1737429663914 0.896551724137931 1881
1737429664232 0.8571428571428571 1882
1737429664549 0.8666666666666667 1883
1737429664868 0.8571428571428571 1884
1737429665188 0.9122807017543859 1885
1737429665505 0.9433962264150944 1886
1737429665823 0.9315068493150684 1887
1737429666141 0.9032258064516129 1888
1737429666458 0.8717948717948718 1889
1737429666775 0.9333333333333333 1890
1737429667093 0.8936170212765957 1891
1737429667410 0.8771929824561403 1892
1737429667730 0.9206349206349206 1893
1737429668049 0.8888888888888888 1894
1737429668370 0.7916666666666666 1895
1737429668686 0.9090909090909091 1896
1737429669007 0.8421052631578947 1897
1737429669323 0.8627450980392157 1898
1737429669640 0.8615384615384616 1899
1737429669960 0.9375 1900
1737429670277 0.8095238095238095 1901
1737429670595 0.8771929824561403 1902
1737429670914 0.835820895522388 1903
1737429671234 0.8852459016393442 1904
1737429671552 0.9393939393939394 1905
1737429671872 0.875 1906
1737429672189 0.9180327868852459 1907
1737429672508 0.8648648648648649 1908
1737429672826 0.9333333333333333 1909
1737429673141 0.9552238805970149 1910
1737429673460 0.9230769230769231 1911
1737429673780 0.8 1912
1737429674098 0.8461538461538461 1913
1737429674415 0.8405797101449275 1914
1737429674733 0.9310344827586207 1915
1737429675053 0.9361702127659575 1916
1737429675371 0.875 1917
1737429675689 0.935064935064935 1918
1737429676008 0.8387096774193549 1919
1737429676326 0.9152542372881356 1920
1737429676645 0.961038961038961 1921
1737429676963 0.8571428571428571 1922
1737429677282 0.8936170212765957 1923
1737429677599 0.9047619047619048 1924
1737429677919 0.896551724137931 1925
1737429678237 0.8823529411764706 1926
1737429678555 0.8852459016393442 1927
1737429678872 0.8709677419354839 1928
1737429679189 0.9491525423728814 1929
1737429679507 0.9122807017543859 1930
1737429679825 0.8923076923076924 1931
1737429680141 0.8636363636363636 1932
1737429680462 0.8518518518518519 1933
1737429680779 0.8888888888888888 1934
1737429681097 0.8709677419354839 1935
1737429681416 0.8076923076923077 1936
1737429681734 0.9014084507042254 1937
1737429682053 0.9180327868852459 1938
1737429682372 0.8923076923076924 1939
1737429682691 0.90625 1940
1737429683010 0.8627450980392157 1941
1737429683326 0.9863013698630136 1942
1737429683646 0.8372093023255814 1943
1737429683963 0.9523809523809523 1944
1737429684280 0.9230769230769231 1945
1737429684598 0.8461538461538461 1946
1737429684917 0.8732394366197183 1947
1737429685235 0.9259259259259259 1948
1737429685553 0.9152542372881356 1949
1737429685872 0.9295774647887324 1950
1737429686192 0.967741935483871 1951
1737429686509 0.8484848484848485 1952
1737429686825 0.9444444444444444 1953
1737429687142 0.918918918918919 1954
1737429687463 0.8125 1955
1737429687783 0.8125 1956
1737429688101 0.9333333333333333 1957
1737429688420 0.9705882352941176 1958
1737429688739 0.8955223880597015 1959
1737429689058 0.9523809523809523 1960
1737429689377 0.8727272727272727 1961
1737429689699 0.9491525423728814 1962
1737429690019 0.90625 1963
1737429690339 0.8301886792452831 1964
1737429690658 0.8852459016393442 1965
1737429690976 0.8679245283018868 1966
1737429691294 0.8727272727272727 1967
1737429691611 0.8235294117647058 1968
1737429691931 0.9152542372881356 1969
1737429692247 0.8947368421052632 1970
1737429692564 0.8615384615384616 1971
1737429692883 0.9473684210526315 1972
1737429693202 0.927536231884058 1973
1737429693521 0.8 1974
1737429693840 0.8831168831168831 1975
1737429694160 0.9367088607594937 1976
1737429694477 0.9393939393939394 1977
1737429694797 0.84375 1978
1737429695113 0.9253731343283582 1979
1737429695432 0.9382716049382716 1980
1737429695751 0.9066666666666666 1981
1737429696068 0.88 1982
1737429696389 0.958904109589041 1983
1737429696707 0.9130434782608695 1984
1737429697026 0.90625 1985
1737429697343 0.8928571428571429 1986
1737429697662 0.92 1987
1737429697979 0.9850746268656716 1988
1737429698297 0.92 1989
1737429698612 0.9285714285714286 1990
1737429698933 0.8928571428571429 1991
1737429699251 0.9032258064516129 1992
1737429699569 0.9315068493150684 1993
1737429699889 0.9354838709677419 1994
1737429700206 0.8857142857142857 1995
1737429700526 0.8771929824561403 1996
1737429700846 0.851063829787234 1997
1737429701164 0.8928571428571429 1998
1737429701481 0.7796610169491526 1999
1737429701800 0.9014084507042254 2000
1737429702118 0.927536231884058 2001
1737429702437 0.9230769230769231 2002
1737429702756 0.9830508474576272 2003
1737429703077 0.9 2004
1737429703393 0.9354838709677419 2005
1737429703712 0.9019607843137255 2006
1737429704030 0.9206349206349206 2007
1737429704347 0.96875 2008
1737429704664 0.9166666666666666 2009
1737429704984 0.8292682926829268 2010
1737429705304 0.9836065573770492 2011
1737429705624 0.875 2012
1737429705943 0.9454545454545454 2013
1737429706262 0.9019607843137255 2014
1737429706581 0.9375 2015
1737429706902 0.9253731343283582 2016
1737429707220 0.9705882352941176 2017
1737429707538 0.9333333333333333 2018
1737429707857 0.9130434782608695 2019
1737429708174 0.9166666666666666 2020
1737429708493 0.8727272727272727 2021
1737429708812 0.8615384615384616 2022
1737429709130 0.96 2023
1737429709447 0.8955223880597015 2024
1737429709765 0.8301886792452831 2025
1737429710085 0.926829268292683 2026
1737429710402 0.9259259259259259 2027
1737429710720 0.8771929824561403 2028
1737429711039 0.9122807017543859 2029
1737429711358 0.8928571428571429 2030
1737429711683 0.8936170212765957 2031
1737429712001 0.96 2032
1737429712320 0.8771929824561403 2033
1737429712640 0.9090909090909091 2034
