1737429032748 0.3611111342906952 1
1737429033063 0.31223350763320923 2
1737429033379 0.3744208812713623 3
1737429033693 0.3044167160987854 4
1737429034010 0.33179226517677307 5
1737429034339 0.30384495854377747 6
1737429034655 0.4077380895614624 7
1737429034969 0.46264371275901794 8
1737429035292 0.4446572959423065 9
1737429035606 0.40877485275268555 10
1737429035923 0.42007794976234436 11
1737429036239 0.49852409958839417 12
1737429036555 0.38125672936439514 13
1737429036871 0.3844827711582184 14
1737429037186 0.41379308700561523 15
1737429037501 0.37230929732322693 16
1737429037818 0.43968257308006287 17
1737429038136 0.3974026143550873 18
1737429038451 0.490980863571167 19
1737429038774 0.4422738254070282 20
1737429039089 0.4777132570743561 21
1737429039405 0.5854679942131042 22
1737429039724 0.5477361679077148 23
1737429040042 0.6308366656303406 24
1737429040450 0.5421764850616455 25
1737429040818 0.5339506268501282 26
1737429041194 0.5066044926643372 27
1737429041546 0.5456140637397766 28
1737429041894 0.5439130663871765 29
1737429042221 0.5735591053962708 30
1737429042541 0.581250011920929 31
1737429042858 0.6240776181221008 32
1737429043174 0.5261964201927185 33
1737429043490 0.5297552943229675 34
1737429043805 0.6367492079734802 35
1737429044121 0.691972553730011 36
1737429044436 0.6411681175231934 37
1737429044750 0.6766322255134583 38
1737429045068 0.7059018611907959 39
1737429045383 0.6701524257659912 40
1737429045699 0.6965811848640442 41
1737429046021 0.6828804016113281 42
1737429046340 0.5999860167503357 43
1737429046654 0.642329752445221 44
1737429046968 0.7796783447265625 45
1737429047282 0.6260971426963806 46
1737429047602 0.63421231508255 47
1737429047921 0.7524630427360535 48
1737429048236 0.6810035705566406 49
1737429048551 0.6820974349975586 50
1737429048867 0.6872009634971619 51
1737429049185 0.7494552731513977 52
1737429049501 0.6717376708984375 53
1737429049818 0.7152559757232666 54
1737429050134 0.6496264934539795 55
1737429050449 0.6825003027915955 56
1737429050763 0.6555258631706238 57
1737429051081 0.7845494151115417 58
1737429051396 0.6837666034698486 59
1737429051717 0.7058258056640625 60
1737429052033 0.7681495547294617 61
1737429052350 0.6859955191612244 62
1737429052667 0.7571198344230652 63
1737429052983 0.7848793864250183 64
1737429053300 0.6447058916091919 65
1737429053618 0.6991276741027832 66
1737429053932 0.7308380007743835 67
1737429054247 0.7052062153816223 68
1737429054564 0.7898125052452087 69
1737429054878 0.782282292842865 70
1737429055194 0.7262253761291504 71
1737429055508 0.6686630845069885 72
1737429055825 0.7574074268341064 73
1737429056141 0.7498207688331604 74
1737429056459 0.729321300983429 75
1737429056775 0.8062558174133301 76
1737429057094 0.7723214030265808 77
1737429057409 0.7244047522544861 78
1737429057727 0.7850027680397034 79
1737429058066 0.7340540885925293 80
1737429058388 0.7398815751075745 81
1737429058704 0.718161404132843 82
1737429059022 0.7095842957496643 83
1737429059341 0.6125220656394958 84
1737429059657 0.7579345703125 85
1737429059973 0.7619047164916992 86
1737429060290 0.8384920954704285 87
1737429060608 0.7530128955841064 88
1737429060926 0.7514880299568176 89
1737429061243 0.7972541451454163 90
1737429061561 0.7528936862945557 91
1737429061877 0.7824442386627197 92
1737429062195 0.6815611720085144 93
1737429062512 0.7122507095336914 94
1737429062832 0.7551946640014648 95
1737429063149 0.7880189418792725 96
1737429063466 0.7675313949584961 97
1737429063782 0.7965773940086365 98
1737429064099 0.731171190738678 99
1737429064416 0.7711586356163025 100
1737429064732 0.8142008781433105 101
1737429065050 0.8015551567077637 102
1737429065366 0.8410585522651672 103
1737429065684 0.6625416874885559 104
1737429066000 0.7617775797843933 105
1737429066317 0.8254480361938477 106
1737429066633 0.810941755771637 107
1737429066950 0.7624521255493164 108
1737429067268 0.7719907760620117 109
1737429067589 0.6782407760620117 110
1737429067906 0.7854930758476257 111
1737429068223 0.7310224175453186 112
1737429068539 0.781292200088501 113
1737429068856 0.8359010219573975 114
1737429069172 0.8047618865966797 115
1737429069488 0.7929971814155579 116
1737429069805 0.841063916683197 117
1737429070122 0.7478311061859131 118
1737429070441 0.7470899224281311 119
1737429070758 0.7925925850868225 120
1737429071077 0.7136123776435852 121
1737429071394 0.809475839138031 122
1737429071712 0.7452381253242493 123
1737429072028 0.6837169528007507 124
1737429072346 0.79413241147995 125
1737429072662 0.7951388955116272 126
1737429072978 0.7477836012840271 127
1737429073295 0.7926630973815918 128
1737429073613 0.7639933228492737 129
1737429073930 0.7791289687156677 130
1737429074248 0.8090663552284241 131
1737429074562 0.8103926181793213 132
1737429074880 0.7709677219390869 133
1737429075198 0.7207491397857666 134
1737429075518 0.8074638247489929 135
1737429075833 0.7420833110809326 136
1737429076150 0.8331395983695984 137
1737429076466 0.8080459237098694 138
1737429076784 0.7975723743438721 139
1737429077101 0.8059212565422058 140
1737429077417 0.7566866278648376 141
1737429077734 0.7886905074119568 142
1737429078052 0.7392847537994385 143
1737429078368 0.7961718440055847 144
1737429078684 0.757662832736969 145
1737429079001 0.8161290287971497 146
1737429079317 0.7749733924865723 147
1737429079637 0.7904040217399597 148
1737429079955 0.737830638885498 149
1737429080271 0.7601625919342041 150
1737429080589 0.828667938709259 151
1737429080907 0.7528572082519531 152
1737429081224 0.7641269564628601 153
1737429081542 0.8004668354988098 154
1737429081859 0.8485904335975647 155
1737429082176 0.7737547755241394 156
1737429082494 0.7866174578666687 157
1737429082811 0.7532142996788025 158
1737429083128 0.7916666865348816 159
1737429083448 0.7373563647270203 160
1737429083765 0.754464328289032 161
1737429084082 0.8100664615631104 162
1737429084399 0.8267195224761963 163
1737429084717 0.8461065292358398 164
1737429085033 0.6884057521820068 165
1737429085352 0.8095784783363342 166
1737429085667 0.8223480582237244 167
1737429085982 0.7413793206214905 168
1737429086299 0.761893093585968 169
1737429086617 0.8020833134651184 170
1737429086933 0.7862345576286316 171
1737429087249 0.854105532169342 172
1737429087567 0.7424198985099792 173
1737429087885 0.7882943153381348 174
1737429088201 0.7017374634742737 175
1737429088518 0.7433374524116516 176
1737429088836 0.8041666150093079 177
1737429089157 0.7333500385284424 178
1737429089475 0.7792107462882996 179
1737429089793 0.832269012928009 180
1737429090110 0.8241838812828064 181
1737429090427 0.7944833636283875 182
1737429090743 0.7512544989585876 183
1737429091060 0.7669403553009033 184
1737429091376 0.8436036109924316 185
1737429091693 0.8301239013671875 186
1737429092011 0.7547133564949036 187
1737429092329 0.7123190760612488 188
1737429092648 0.7765935063362122 189
1737429092965 0.8099702000617981 190
1737429093283 0.8131944537162781 191
1737429093600 0.8266103267669678 192
1737429093918 0.7090277671813965 193
1737429094235 0.7922073006629944 194
1737429094552 0.7914465069770813 195
1737429094870 0.7702508568763733 196
1737429095186 0.7562499642372131 197
1737429095503 0.7484031319618225 198
1737429095822 0.7476876378059387 199
1737429096142 0.8036796450614929 200
1737429096462 0.7283873558044434 201
1737429096777 0.6547619104385376 202
1737429097093 0.7361896634101868 203
1737429097411 0.7469534277915955 204
1737429097730 0.7784722447395325 205
1737429098046 0.7782345414161682 206
1737429098361 0.7701680660247803 207
1737429098679 0.8044372200965881 208
1737429098997 0.8157968521118164 209
1737429099315 0.8517115712165833 210
1737429099630 0.7378584742546082 211
1737429099945 0.7138924598693848 212
1737429100266 0.7896011471748352 213
1737429100585 0.8498750329017639 214
1737429100903 0.816964328289032 215
1737429101220 0.8433642387390137 216
1737429101537 0.7606837749481201 217
1737429101852 0.839885413646698 218
1737429102169 0.7947330474853516 219
1737429102487 0.7772906422615051 220
1737429102804 0.8599646687507629 221
1737429103122 0.7739811539649963 222
1737429103441 0.838392972946167 223
1737429103757 0.8258972764015198 224
1737429104074 0.8529496788978577 225
1737429104391 0.8384029269218445 226
1737429104708 0.8472222685813904 227
1737429105026 0.8201135993003845 228
1737429105343 0.7547008395195007 229
1737429105661 0.7623376846313477 230
1737429105979 0.7497223019599915 231
1737429106297 0.7847805619239807 232
1737429106612 0.8063972592353821 233
1737429106928 0.8220458030700684 234
1737429107247 0.7544270157814026 235
1737429107567 0.8569101691246033 236
1737429107886 0.8697497248649597 237
1737429108203 0.8247358798980713 238
1737429108521 0.773148238658905 239
1737429108838 0.7678857445716858 240
1737429109154 0.7849111557006836 241
1737429109471 0.8590263724327087 242
1737429109791 0.8445868492126465 243
1737429110108 0.7824198603630066 244
1737429110426 0.8226495385169983 245
1737429110742 0.7654361724853516 246
1737429111060 0.7724013924598694 247
1737429111382 0.8036398887634277 248
1737429111704 0.7828042507171631 249
1737429112024 0.7407523989677429 250
1737429112340 0.7915042042732239 251
1737429112658 0.7778825759887695 252
1737429112974 0.7629947066307068 253
1737429113294 0.7643098831176758 254
1737429113611 0.8260746598243713 255
1737429113929 0.7740845084190369 256
1737429114248 0.7808291912078857 257
1737429114565 0.7790123820304871 258
1737429114884 0.7964140772819519 259
1737429115201 0.7869043350219727 260
1737429115521 0.8584465980529785 261
1737429115839 0.7702198028564453 262
1737429116156 0.8202976584434509 263
1737429116475 0.8450980186462402 264
1737429116792 0.8801190257072449 265
1737429117110 0.8228869438171387 266
1737429117427 0.7777777314186096 267
1737429117745 0.7910135388374329 268
1737429118062 0.8153438568115234 269
1737429118380 0.8590828776359558 270
1737429118698 0.8343819975852966 271
1737429119014 0.8009031414985657 272
1737429119333 0.7257868647575378 273
1737429119652 0.7628385424613953 274
1737429119970 0.805555522441864 275
1737429120290 0.7546157836914062 276
1737429120606 0.817460298538208 277
1737429120925 0.8285714983940125 278
1737429121243 0.8331940174102783 279
1737429121560 0.7675957083702087 280
1737429121877 0.8309910297393799 281
1737429122195 0.8173255920410156 282
1737429122511 0.8776385188102722 283
1737429122830 0.7824434638023376 284
1737429123146 0.7504925727844238 285
1737429123464 0.8654863834381104 286
1737429123782 0.9041309952735901 287
1737429124099 0.7915508151054382 288
1737429124419 0.8061156272888184 289
1737429124734 0.8070961833000183 290
1737429125052 0.813387393951416 291
1737429125369 0.7640692591667175 292
1737429125687 0.8740740418434143 293
1737429126005 0.8516755104064941 294
1737429126321 0.8074391484260559 295
1737429126638 0.8480532169342041 296
1737429126956 0.8139589428901672 297
1737429127276 0.7909082770347595 298
1737429127595 0.7924602627754211 299
1737429127910 0.7817317843437195 300
1737429128228 0.7607142925262451 301
1737429128547 0.7894716858863831 302
1737429128866 0.8405720591545105 303
1737429129193 0.8928571343421936 304
1737429129526 0.7700796127319336 305
1737429129848 0.7655993103981018 306
1737429130169 0.8026134371757507 307
1737429130488 0.8629510402679443 308
1737429130804 0.7816216349601746 309
1737429131123 0.725806474685669 310
1737429131440 0.8542934060096741 311
1737429131756 0.793055534362793 312
1737429132075 0.8694068789482117 313
1737429132395 0.8465277552604675 314
1737429132714 0.8368508219718933 315
1737429133029 0.8134491443634033 316
1737429133346 0.8619281649589539 317
1737429133665 0.8023738265037537 318
1737429133983 0.8245989680290222 319
1737429134301 0.8027777671813965 320
1737429134617 0.7848324775695801 321
1737429134937 0.8394737243652344 322
1737429135256 0.8183097839355469 323
1737429135574 0.8265233039855957 324
1737429135893 0.8257359862327576 325
1737429136209 0.8901284337043762 326
1737429136528 0.7589947581291199 327
1737429136846 0.8313049674034119 328
1737429137165 0.8054957985877991 329
1737429137482 0.7673611044883728 330
1737429137798 0.7602381110191345 331
1737429138114 0.850667417049408 332
1737429138435 0.7758403420448303 333
1737429138754 0.7321428656578064 334
1737429139070 0.8129332661628723 335
1737429139387 0.7506944537162781 336
1737429139706 0.8095121383666992 337
1737429140026 0.7911529541015625 338
1737429140347 0.8195101618766785 339
1737429140667 0.7765366435050964 340
1737429140985 0.8335286974906921 341
1737429141303 0.8427286148071289 342
1737429141625 0.827404260635376 343
1737429141942 0.8234567642211914 344
1737429142259 0.8002733588218689 345
1737429142582 0.8518571257591248 346
1737429142899 0.8203379511833191 347
1737429143216 0.8225498199462891 348
1737429143533 0.7982726097106934 349
1737429143853 0.8541753888130188 350
1737429144177 0.8187500834465027 351
1737429144496 0.7376191020011902 352
1737429144814 0.8803921341896057 353
1737429145132 0.8038749098777771 354
1737429145449 0.6414502263069153 355
1737429145764 0.7476851940155029 356
1737429146080 0.7630718350410461 357
1737429146398 0.8753086924552917 358
1737429146715 0.8778521418571472 359
1737429147032 0.8700854778289795 360
1737429147349 0.8640664219856262 361
1737429147668 0.8365476131439209 362
1737429147987 0.8547008633613586 363
1737429148303 0.77970951795578 364
1737429148620 0.8050029873847961 365
1737429148937 0.7928240895271301 366
1737429149255 0.8222141265869141 367
1737429149573 0.8088738918304443 368
1737429149890 0.8022291660308838 369
1737429150207 0.7161290645599365 370
1737429150525 0.7978395819664001 371
1737429150843 0.8157706260681152 372
1737429151161 0.7265233397483826 373
1737429151480 0.7544192671775818 374
1737429151797 0.8423901200294495 375
1737429152116 0.8490300178527832 376
1737429152435 0.7814350128173828 377
1737429152753 0.7575533390045166 378
1737429153073 0.8105160593986511 379
1737429153393 0.7099116444587708 380
1737429153711 0.8240143656730652 381
1737429154026 0.8649002909660339 382
1737429154345 0.8513336181640625 383
1737429154661 0.8479623794555664 384
1737429154980 0.8556600213050842 385
1737429155296 0.8078078627586365 386
1737429155617 0.8275985717773438 387
1737429155936 0.7127976417541504 388
1737429156254 0.7785665392875671 389
1737429156571 0.8184523582458496 390
1737429156889 0.7854815125465393 391
1737429157205 0.8277778029441833 392
1737429157524 0.8448703289031982 393
1737429157841 0.7438623309135437 394
1737429158158 0.8096687197685242 395
1737429158475 0.8055555820465088 396
1737429158793 0.865577757358551 397
1737429159112 0.7915356755256653 398
1737429159428 0.853205144405365 399
1737429159747 0.8124638199806213 400
1737429160064 0.7062627673149109 401
1737429160382 0.8583382964134216 402
1737429160700 0.8462080955505371 403
1737429161018 0.7632917761802673 404
1737429161335 0.7469654083251953 405
1737429161656 0.8435298800468445 406
1737429161974 0.7858499884605408 407
1737429162290 0.8130095601081848 408
1737429162607 0.8682539463043213 409
1737429162925 0.800574779510498 410
1737429163244 0.8300633430480957 411
1737429163562 0.7823159694671631 412
1737429163879 0.8054130673408508 413
1737429164196 0.8076686859130859 414
1737429164514 0.8558480143547058 415
1737429164831 0.8475320935249329 416
1737429165151 0.8405582904815674 417
1737429165471 0.8367080688476562 418
1737429165788 0.7972028255462646 419
1737429166107 0.8486604690551758 420
1737429166424 0.8618618845939636 421
1737429166743 0.7670023441314697 422
1737429167060 0.8550893664360046 423
1737429167377 0.6976711750030518 424
1737429167695 0.7640292048454285 425
1737429168013 0.7840277552604675 426
1737429168332 0.8378110527992249 427
1737429168651 0.8814008831977844 428
1737429168970 0.8703703880310059 429
1737429169290 0.9074074625968933 430
1737429169609 0.7834382057189941 431
1737429169929 0.8556926846504211 432
1737429170246 0.8328072428703308 433
1737429170565 0.7830958962440491 434
1737429170883 0.9435203671455383 435
1737429171199 0.7690181732177734 436
1737429171520 0.8258621096611023 437
1737429171841 0.7690463066101074 438
1737429172159 0.8170064091682434 439
1737429172478 0.8597896695137024 440
1737429172795 0.8398310542106628 441
1737429173115 0.6604506969451904 442
1737429173430 0.7730763554573059 443
1737429173749 0.8202540874481201 444
1737429174068 0.8263888359069824 445
1737429174388 0.7475329041481018 446
1737429174707 0.8053801655769348 447
1737429175024 0.823731005191803 448
1737429175340 0.8365634083747864 449
1737429175659 0.8228492140769958 450
1737429175976 0.7996732592582703 451
1737429176293 0.7823927402496338 452
1737429176611 0.736779510974884 453
1737429176929 0.8568375706672668 454
1737429177248 0.7936725616455078 455
1737429177564 0.8422706127166748 456
1737429177881 0.7981744408607483 457
1737429178199 0.8684658408164978 458
1737429178517 0.8477272987365723 459
1737429178834 0.8512194752693176 460
1737429179152 0.8365634083747864 461
1737429179468 0.6937322020530701 462
1737429179786 0.825890064239502 463
1737429180104 0.8147110939025879 464
1737429180423 0.8372586369514465 465
1737429180739 0.781194269657135 466
1737429181058 0.8679487109184265 467
1737429181377 0.7362797856330872 468
1737429181693 0.8074566721916199 469
1737429182011 0.779146134853363 470
1737429182329 0.8130452036857605 471
1737429182650 0.8076876997947693 472
1737429182967 0.8749187588691711 473
1737429183284 0.7936781048774719 474
1737429183603 0.85361248254776 475
1737429183921 0.844397783279419 476
1737429184239 0.7911405563354492 477
1737429184555 0.7661306858062744 478
1737429184873 0.8253968358039856 479
1737429185190 0.8830065727233887 480
1737429185507 0.8151009678840637 481
1737429185825 0.8037988543510437 482
1737429186144 0.7860817909240723 483
1737429186464 0.698488712310791 484
1737429186779 0.8078608512878418 485
1737429187097 0.7609381079673767 486
1737429187416 0.8200466632843018 487
1737429187735 0.8222222328186035 488
1737429188053 0.8335859179496765 489
1737429188372 0.7574074268341064 490
1737429188688 0.7545455098152161 491
1737429189006 0.7917656302452087 492
1737429189323 0.7998647689819336 493
1737429189641 0.7490028738975525 494
1737429189958 0.7350683212280273 495
1737429190272 0.8131598830223083 496
1737429190588 0.8321912884712219 497
1737429190905 0.8402777314186096 498
1737429191224 0.7835986018180847 499
1737429191543 0.8611111044883728 500
1737429191858 0.7272401452064514 501
1737429192176 0.8684657216072083 502
1737429192494 0.8121516108512878 503
1737429192812 0.8201950192451477 504
1737429193130 0.762499988079071 505
1737429193448 0.7628769874572754 506
1737429193766 0.7851592898368835 507
1737429194080 0.7805125117301941 508
1737429194398 0.777324914932251 509
1737429194717 0.8142827153205872 510
1737429195034 0.7772552967071533 511
1737429195352 0.7881547808647156 512
1737429195667 0.7982323169708252 513
1737429195984 0.8391108512878418 514
1737429196301 0.8988583087921143 515
1737429196621 0.7861111164093018 516
1737429196937 0.8241100907325745 517
1737429197251 0.8600046038627625 518
1737429197571 0.837321937084198 519
1737429197887 0.7958263754844666 520
1737429198204 0.8823229670524597 521
1737429198522 0.9048317074775696 522
1737429198840 0.7354497909545898 523
1737429199157 0.7723214030265808 524
1737429199477 0.8377282023429871 525
1737429199795 0.8163690567016602 526
1737429200114 0.8986461162567139 527
1737429200431 0.74064040184021 528
1737429200751 0.8663458228111267 529
1737429201067 0.7921455502510071 530
1737429201386 0.8493826985359192 531
1737429201705 0.8747312426567078 532
1737429202025 0.8563024997711182 533
1737429202343 0.7772143483161926 534
1737429202662 0.8536881804466248 535
1737429202980 0.8997213840484619 536
1737429203298 0.8433728814125061 537
1737429203616 0.7559358477592468 538
1737429203932 0.8761574625968933 539
1737429204250 0.8284313678741455 540
1737429204567 0.8586772084236145 541
1737429204884 0.8406898379325867 542
1737429205202 0.8743209838867188 543
1737429205519 0.8385878205299377 544
1737429205836 0.860678493976593 545
1737429206156 0.7648554444313049 546
1737429206473 0.8573358654975891 547
1737429206788 0.8539448380470276 548
1737429207108 0.8690610527992249 549
1737429207425 0.8732253909111023 550
1737429207744 0.8571793437004089 551
1737429208060 0.848783016204834 552
1737429208375 0.8211328983306885 553
1737429208691 0.7901501655578613 554
1737429209011 0.8493728041648865 555
1737429209331 0.8531278967857361 556
1737429209647 0.8335859179496765 557
1737429209964 0.7992610931396484 558
1737429210283 0.8040475845336914 559
1737429210599 0.8018394112586975 560
1737429210916 0.8014324307441711 561
1737429211235 0.770671546459198 562
1737429211551 0.7749180793762207 563
1737429211870 0.8531726002693176 564
1737429212187 0.8520074486732483 565
1737429212503 0.8151888847351074 566
1737429212821 0.7890476584434509 567
1737429213139 0.860626757144928 568
1737429213456 0.8500773310661316 569
1737429213774 0.7469622492790222 570
1737429214092 0.850694477558136 571
1737429214411 0.881140410900116 572
1737429214728 0.8020833134651184 573
1737429215048 0.7291666865348816 574
1737429215365 0.8512138724327087 575
1737429215684 0.8827263712882996 576
1737429216004 0.8585233688354492 577
1737429216321 0.78125 578
1737429216637 0.7975966930389404 579
1737429216954 0.8295051455497742 580
1737429217273 0.8772459626197815 581
1737429217591 0.8940919041633606 582
1737429217909 0.8563690185546875 583
1737429218225 0.7924068570137024 584
1737429218543 0.7772143483161926 585
1737429218864 0.8324999809265137 586
1737429219183 0.8213095664978027 587
1737429219500 0.8180555701255798 588
1737429219818 0.8719154000282288 589
1737429220135 0.8069891929626465 590
1737429220453 0.7578088641166687 591
1737429220770 0.8451759219169617 592
1737429221088 0.804800808429718 593
1737429221406 0.8250410556793213 594
1737429221723 0.850227415561676 595
1737429222040 0.8488562107086182 596
1737429222356 0.7877348065376282 597
1737429222678 0.8461859822273254 598
1737429222998 0.8069151043891907 599
1737429223314 0.7904970645904541 600
1737429223632 0.8010855317115784 601
1737429223950 0.7998555302619934 602
1737429224268 0.8344907164573669 603
1737429224587 0.8005533814430237 604
1737429224908 0.8051950931549072 605
1737429225224 0.8645502924919128 606
1737429225542 0.8207747936248779 607
1737429225861 0.8326571583747864 608
1737429226179 0.8057680130004883 609
1737429226499 0.8051636219024658 610
1737429226817 0.8318452835083008 611
1737429227133 0.7643874287605286 612
1737429227451 0.8231975436210632 613
1737429227769 0.8838639259338379 614
1737429228086 0.874423086643219 615
1737429228406 0.7919216156005859 616
1737429228722 0.7639573216438293 617
1737429229040 0.7708333134651184 618
1737429229360 0.8604844212532043 619
1737429229680 0.8006887435913086 620
1737429229998 0.8575618267059326 621
1737429230313 0.6979166865348816 622
1737429230629 0.7833333015441895 623
1737429230948 0.8210936188697815 624
1737429231266 0.888056218624115 625
1737429231590 0.8798317909240723 626
1737429231910 0.8437933921813965 627
1737429232225 0.8559038639068604 628
1737429232543 0.7270677089691162 629
1737429232861 0.7917378544807434 630
1737429233179 0.8154039978981018 631
1737429233497 0.8669047355651855 632
1737429233813 0.8975308537483215 633
1737429234130 0.8202648162841797 634
1737429234449 0.8816852569580078 635
1737429234765 0.810023307800293 636
1737429235083 0.919283926486969 637
1737429235400 0.8796586394309998 638
1737429235717 0.7759467959403992 639
1737429236036 0.9057323932647705 640
1737429236356 0.8159163594245911 641
1737429236675 0.8560605645179749 642
1737429236995 0.8302792906761169 643
1737429237312 0.7633228302001953 644
1737429237631 0.8479853272438049 645
1737429237948 0.8307681083679199 646
1737429238268 0.7915522456169128 647
1737429238586 0.8178804516792297 648
1737429238903 0.8485893607139587 649
1737429239223 0.8051947951316833 650
1737429239538 0.8707664608955383 651
1737429239855 0.8905122876167297 652
1737429240173 0.8524983525276184 653
1737429240491 0.8637226223945618 654
1737429240810 0.8480623364448547 655
1737429241128 0.8260477185249329 656
1737429241446 0.7870370745658875 657
1737429241764 0.7076497077941895 658
1737429242082 0.8318452835083008 659
1737429242399 0.7561728358268738 660
1737429242716 0.8096405863761902 661
1737429243034 0.7743566036224365 662
1737429243351 0.8130273222923279 663
1737429243669 0.8551585674285889 664
1737429243990 0.8452925086021423 665
1737429244307 0.85755854845047 666
1737429244623 0.8643152713775635 667
1737429244941 0.8450595736503601 668
1737429245257 0.8649002909660339 669
1737429245576 0.7603448033332825 670
1737429245894 0.7802130579948425 671
1737429246210 0.738612174987793 672
1737429246530 0.8353152871131897 673
1737429246848 0.8712063431739807 674
1737429247165 0.7176470756530762 675
1737429247481 0.8594017028808594 676
1737429247799 0.8200662732124329 677
1737429248119 0.8325322270393372 678
1737429248439 0.7301402688026428 679
1737429248756 0.81406569480896 680
1737429249074 0.8013978004455566 681
1737429249393 0.816964328289032 682
1737429249710 0.8333333134651184 683
1737429250026 0.8932766318321228 684
1737429250344 0.7876583933830261 685
1737429250662 0.8083882331848145 686
1737429250981 0.775229275226593 687
1737429251302 0.8250700831413269 688
1737429251619 0.8353096842765808 689
1737429251937 0.7873449325561523 690
1737429252252 0.8568160533905029 691
1737429252571 0.8226495385169983 692
1737429252889 0.846355676651001 693
1737429253205 0.8543417453765869 694
1737429253521 0.7781979441642761 695
1737429253841 0.8445489406585693 696
1737429254160 0.8079364895820618 697
1737429254478 0.7580633759498596 698
1737429254795 0.769710123538971 699
1737429255113 0.8139082789421082 700
1737429255433 0.8277590870857239 701
1737429255750 0.7809200882911682 702
1737429256070 0.8585928082466125 703
1737429256389 0.8664488792419434 704
1737429256706 0.8229344487190247 705
1737429257026 0.8706092834472656 706
1737429257342 0.8169459700584412 707
1737429257659 0.8740957379341125 708
1737429257977 0.7627849578857422 709
1737429258294 0.8951951861381531 710
1737429258611 0.8428104519844055 711
1737429258929 0.8093836903572083 712
1737429259249 0.8149911761283875 713
1737429259568 0.8320336937904358 714
1737429259884 0.8144350051879883 715
1737429260204 0.8483245372772217 716
1737429260523 0.7740259766578674 717
1737429260840 0.8509736061096191 718
1737429261160 0.8296146392822266 719
1737429261478 0.8373897671699524 720
1737429261795 0.8371772170066833 721
1737429262113 0.8378111720085144 722
1737429262431 0.8037037253379822 723
1737429262747 0.826857328414917 724
1737429263080 0.7549102306365967 725
1737429263401 0.9026471972465515 726
1737429263720 0.7907507419586182 727
1737429264037 0.9140021204948425 728
1737429264356 0.8691267967224121 729
1737429264674 0.8600760102272034 730
1737429264992 0.8670940399169922 731
1737429265311 0.8550505042076111 732
1737429265628 0.8489766716957092 733
1737429265943 0.7862134575843811 734
1737429266262 0.8228188157081604 735
1737429266579 0.8201243281364441 736
1737429266897 0.8347442746162415 737
1737429267216 0.8631413578987122 738
1737429267534 0.8476702570915222 739
1737429267852 0.8619819283485413 740
1737429268168 0.8057348132133484 741
1737429268485 0.8360850214958191 742
1737429268803 0.8585928082466125 743
1737429269123 0.8044912815093994 744
1737429269440 0.7988386154174805 745
1737429269761 0.8227062225341797 746
1737429270078 0.8407096266746521 747
1737429270397 0.8203703761100769 748
1737429270715 0.8292315602302551 749
1737429271033 0.8027777671813965 750
1737429271351 0.8174048066139221 751
1737429271669 0.7655357718467712 752
1737429271987 0.8572430610656738 753
1737429272306 0.870535671710968 754
1737429272624 0.8276352882385254 755
1737429272940 0.8142592310905457 756
1737429273260 0.7870469093322754 757
1737429273578 0.8816788792610168 758
1737429273896 0.8488809466362 759
1737429274215 0.8569772839546204 760
1737429274534 0.8069643378257751 761
1737429274851 0.8845556378364563 762
1737429275171 0.8710951805114746 763
1737429275487 0.8158119320869446 764
1737429275810 0.852385938167572 765
1737429276128 0.8228438496589661 766
1737429276448 0.8225705623626709 767
1737429276765 0.7664317488670349 768
1737429277085 0.9248693585395813 769
1737429277404 0.8091534972190857 770
1737429277723 0.8279011845588684 771
1737429278041 0.8533377647399902 772
1737429278360 0.8885193467140198 773
1737429278678 0.8171915411949158 774
1737429278996 0.8457841873168945 775
1737429279314 0.8265233039855957 776
1737429279633 0.830763578414917 777
1737429279951 0.7870370745658875 778
1737429280267 0.8603663444519043 779
1737429280586 0.7465613484382629 780
1737429280904 0.8554162979125977 781
1737429281222 0.759605884552002 782
1737429281540 0.8545751571655273 783
1737429281859 0.8441514372825623 784
1737429282177 0.8894587159156799 785
1737429282494 0.8503904938697815 786
1737429282812 0.764803409576416 787
1737429283132 0.9784946441650391 788
1737429283450 0.7914465069770813 789
1737429283767 0.8632531762123108 790
1737429284086 0.8349206447601318 791
1737429284403 0.8417490124702454 792
1737429284720 0.8432515263557434 793
1737429285036 0.8132616877555847 794
1737429285354 0.8767485022544861 795
1737429285671 0.8499696850776672 796
1737429285990 0.8321759104728699 797
1737429286306 0.8496573567390442 798
1737429286624 0.8321838974952698 799
1737429286942 0.8049383163452148 800
1737429287267 0.8090278506278992 801
1737429287586 0.891662061214447 802
1737429287905 0.9092121720314026 803
1737429288222 0.8067470192909241 804
1737429288541 0.8751323223114014 805
1737429288858 0.8686067461967468 806
1737429289175 0.812536895275116 807
1737429289494 0.8435108065605164 808
1737429289812 0.880370557308197 809
1737429290131 0.8484673500061035 810
1737429290449 0.7861602306365967 811
1737429290764 0.8439152836799622 812
1737429291083 0.7993993759155273 813
1737429291403 0.7306331992149353 814
1737429291732 0.8209626078605652 815
1737429292051 0.8304030299186707 816
1737429292376 0.785714328289032 817
1737429292694 0.8492224812507629 818
1737429293013 0.8916521072387695 819
1737429293331 0.8291756510734558 820
1737429293648 0.876889169216156 821
1737429293970 0.824731171131134 822
1737429294289 0.7938808798789978 823
1737429294609 0.7832033038139343 824
1737429294926 0.8977264761924744 825
1737429295245 0.8479762077331543 826
1737429295564 0.81682950258255 827
1737429295880 0.8815656304359436 828
1737429296197 0.8765432238578796 829
1737429296514 0.7835328578948975 830
1737429296833 0.8654040694236755 831
1737429297153 0.7646806836128235 832
1737429297472 0.8310492634773254 833
1737429297790 0.7000860571861267 834
1737429298108 0.8810222148895264 835
1737429298426 0.8959064483642578 836
1737429298745 0.8835978507995605 837
1737429299063 0.9410714507102966 838
1737429299379 0.7795467376708984 839
1737429299696 0.8250154852867126 840
1737429300020 0.7693307399749756 841
1737429300338 0.839285671710968 842
1737429300655 0.8534165024757385 843
1737429300974 0.8607376217842102 844
1737429301293 0.8497023582458496 845
1737429301612 0.8171577453613281 846
1737429301930 0.7492163181304932 847
1737429302249 0.8533625602722168 848
1737429302566 0.8492162823677063 849
1737429302884 0.8050179481506348 850
1737429303203 0.7439678311347961 851
1737429303519 0.8211996555328369 852
1737429303837 0.8245436549186707 853
1737429304154 0.814034640789032 854
1737429304469 0.8171105980873108 855
1737429304785 0.8492538332939148 856
1737429305105 0.783599853515625 857
1737429305425 0.8177258968353271 858
1737429305744 0.869687020778656 859
1737429306062 0.8379928469657898 860
1737429306380 0.8294346928596497 861
1737429306595 0.8141176700592041 862
1737429324091 0.8796296119689941 863
1737429324411 0.8475041389465332 864
1737429324727 0.7945241928100586 865
1737429325044 0.8048623204231262 866
1737429325361 0.8222909569740295 867
1737429325678 0.8486868739128113 868
1737429325996 0.8377976417541504 869
1737429326311 0.9071428775787354 870
1737429326628 0.8075776696205139 871
1737429326945 0.8333213925361633 872
1737429327266 0.8680961728096008 873
1737429327583 0.8649002909660339 874
1737429327901 0.773967981338501 875
1737429328217 0.8786535263061523 876
1737429328535 0.839825451374054 877
1737429328849 0.825964629650116 878
1737429329164 0.9158729910850525 879
1737429329481 0.8306999206542969 880
1737429329799 0.8994190096855164 881
1737429330115 0.8608010411262512 882
1737429330433 0.8283243179321289 883
1737429330751 0.8683087229728699 884
1737429331068 0.8173262476921082 885
1737429331386 0.8558884263038635 886
1737429331704 0.8165901303291321 887
1737429332024 0.8063622117042542 888
1737429332342 0.7688422203063965 889
1737429332659 0.7681704163551331 890
1737429332977 0.8804611563682556 891
1737429333295 0.9396910667419434 892
1737429333611 0.7791666984558105 893
1737429333930 0.8436994552612305 894
1737429334247 0.7852180004119873 895
1737429334566 0.8290925025939941 896
1737429334886 0.8075871467590332 897
1737429335202 0.8549545407295227 898
1737429335522 0.7565526962280273 899
1737429335839 0.8359851837158203 900
1737429336155 0.8707265257835388 901
1737429336472 0.7442514896392822 902
1737429336792 0.8395493626594543 903
1737429337110 0.8386580348014832 904
1737429337426 0.7843992710113525 905
1737429337744 0.7698685526847839 906
1737429338064 0.7992690205574036 907
1737429338381 0.7937908172607422 908
1737429338699 0.7407031655311584 909
1737429339014 0.8964696526527405 910
1737429339332 0.8225690722465515 911
1737429339651 0.7999930381774902 912
1737429339967 0.8387160897254944 913
1737429340285 0.8408766388893127 914
1737429340602 0.8309668898582458 915
1737429340920 0.9157784581184387 916
1737429341238 0.8560223579406738 917
1737429341557 0.8352711796760559 918
1737429341873 0.8308575749397278 919
1737429342195 0.8806560635566711 920
1737429342516 0.8581397533416748 921
1737429342834 0.8172972798347473 922
1737429343154 0.8285660743713379 923
1737429343469 0.8598479628562927 924
1737429343787 0.8584455847740173 925
1737429344106 0.8776395320892334 926
1737429344424 0.7681164741516113 927
1737429344740 0.8284713625907898 928
1737429345059 0.8389341831207275 929
1737429345380 0.8377282023429871 930
1737429345700 0.8858680725097656 931
1737429346015 0.8713794350624084 932
1737429346331 0.8527207374572754 933
1737429346652 0.827130138874054 934
1737429346969 0.8834757804870605 935
1737429347286 0.8491039276123047 936
1737429347604 0.8531787991523743 937
1737429347922 0.9142389893531799 938
1737429348241 0.879464328289032 939
1737429348559 0.8261309266090393 940
1737429348876 0.8581299781799316 941
1737429349196 0.8308046460151672 942
1737429349514 0.7815394997596741 943
1737429349833 0.8663830757141113 944
1737429350148 0.8486128449440002 945
1737429350467 0.7728395462036133 946
1737429350784 0.9152073860168457 947
1737429351108 0.848214328289032 948
1737429351442 0.8460317254066467 949
1737429351763 0.8402647376060486 950
1737429352082 0.7723214030265808 951
1737429352401 0.8693060874938965 952
1737429352719 0.8206655383110046 953
1737429353038 0.8272587656974792 954
1737429353353 0.7562687993049622 955
1737429353670 0.823361873626709 956
1737429353987 0.8495228886604309 957
1737429354302 0.890906572341919 958
1737429354624 0.8407015204429626 959
1737429354942 0.89497971534729 960
1737429355260 0.8270068168640137 961
1737429355576 0.8306832909584045 962
1737429355893 0.8800831437110901 963
1737429356210 0.8343475461006165 964
1737429356529 0.8647827506065369 965
1737429356849 0.7774147391319275 966
1737429357164 0.8434183597564697 967
1737429357481 0.902150571346283 968
1737429357800 0.8315845131874084 969
1737429358119 0.8631636500358582 970
1737429358437 0.8368055820465088 971
1737429358755 0.8287037014961243 972
1737429359072 0.823230504989624 973
1737429359390 0.8208683133125305 974
1737429359707 0.8916236758232117 975
1737429360030 0.9129318594932556 976
1737429360348 0.8084656596183777 977
1737429360664 0.7829598784446716 978
1737429360982 0.8792983889579773 979
1737429361299 0.8866879343986511 980
1737429361616 0.8280423283576965 981
1737429361937 0.8261904716491699 982
1737429362253 0.8585972785949707 983
1737429362567 0.8816509246826172 984
1737429362884 0.8880952000617981 985
1737429363202 0.7996127009391785 986
1737429363521 0.8725784420967102 987
1737429363839 0.8805555701255798 988
1737429364159 0.8333811163902283 989
1737429364477 0.8367514610290527 990
1737429364794 0.8290422558784485 991
1737429365111 0.8788650035858154 992
1737429365429 0.8691901564598083 993
1737429365748 0.9191458821296692 994
1737429366064 0.9136199951171875 995
1737429366384 0.942490816116333 996
1737429366700 0.8804144859313965 997
1737429367017 0.8106548190116882 998
1737429367334 0.9070643782615662 999
1737429367653 0.915517270565033 1000
1737429367973 0.8647992610931396 1001
1737429368289 0.8295367360115051 1002
1737429368607 0.8725425601005554 1003
1737429368928 0.8422619700431824 1004
1737429369248 0.8478023409843445 1005
1737429369565 0.8584033846855164 1006
1737429369882 0.8415283560752869 1007
1737429370201 0.8813619613647461 1008
1737429370519 0.9081413149833679 1009
1737429370837 0.8654040694236755 1010
1737429371154 0.8833333849906921 1011
1737429371470 0.8514130711555481 1012
1737429371790 0.8954722285270691 1013
1737429372107 0.8602976202964783 1014
1737429372423 0.8588644862174988 1015
1737429372741 0.8759103417396545 1016
1737429373059 0.9333333373069763 1017
1737429373410 0.8505054116249084 1018
1737429373731 0.8825944066047668 1019
1737429374049 0.831845223903656 1020
1737429374368 0.8798611164093018 1021
1737429374684 0.7802134156227112 1022
1737429375004 0.901785671710968 1023
1737429375320 0.8779677748680115 1024
1737429375640 0.9113757014274597 1025
1737429375956 0.9164362549781799 1026
1737429376274 0.8232254981994629 1027
1737429376590 0.8915360569953918 1028
1737429376907 0.9326391220092773 1029
1737429377231 0.8715410828590393 1030
1737429377554 0.8649280667304993 1031
1737429377871 0.9032738208770752 1032
1737429378187 0.8285802006721497 1033
1737429378507 0.911325216293335 1034
1737429378823 0.8510344624519348 1035
1737429379141 0.8744333386421204 1036
1737429379460 0.8020591735839844 1037
1737429379776 0.8614200949668884 1038
1737429380093 0.8291667103767395 1039
1737429380412 0.8117189407348633 1040
1737429380731 0.8514089584350586 1041
1737429381050 0.8785653710365295 1042
1737429381370 0.897123396396637 1043
1737429381685 0.880730390548706 1044
1737429382006 0.8053763508796692 1045
1737429382323 0.8342415690422058 1046
1737429382641 0.9129729270935059 1047
1737429382962 0.8595356941223145 1048
1737429383281 0.882635772228241 1049
1737429383598 0.8314481377601624 1050
1737429383916 0.8541274666786194 1051
1737429384233 0.8073320984840393 1052
1737429384551 0.8798611164093018 1053
1737429384868 0.8485105037689209 1054
1737429385185 0.8284721970558167 1055
1737429385502 0.9076517224311829 1056
1737429385822 0.8671903610229492 1057
1737429386140 0.9010751843452454 1058
1737429386457 0.9208333492279053 1059
1737429386774 0.8760903477668762 1060
1737429387092 0.8237237334251404 1061
1737429387412 0.9140692353248596 1062
1737429387730 0.8035178780555725 1063
1737429388048 0.8452380299568176 1064
1737429388366 0.8831071257591248 1065
1737429388697 0.847311794757843 1066
1737429389025 0.9000000357627869 1067
1737429389340 0.8762972354888916 1068
1737429389656 0.8538281917572021 1069
1737429389975 0.8708874583244324 1070
1737429390291 0.8646885752677917 1071
1737429390608 0.9073372483253479 1072
1737429390925 0.8716515898704529 1073
1737429391251 0.8222389221191406 1074
1737429391568 0.866809070110321 1075
1737429391885 0.9230260252952576 1076
1737429392203 0.9047619700431824 1077
1737429392523 0.9078283309936523 1078
1737429392842 0.8499525189399719 1079
1737429393159 0.9297024607658386 1080
1737429393476 0.8885281085968018 1081
1737429393794 0.8788178563117981 1082
1737429394113 0.9014108777046204 1083
1737429394430 0.8132357597351074 1084
1737429394747 0.8614959716796875 1085
1737429395065 0.8735163807868958 1086
1737429395384 0.8977041244506836 1087
1737429395703 0.9083242416381836 1088
1737429396021 0.945601761341095 1089
1737429396337 0.8494158387184143 1090
1737429396657 0.8707976937294006 1091
1737429396975 0.8554112911224365 1092
1737429397297 0.8544015288352966 1093
1737429397617 0.8401026725769043 1094
1737429397935 0.884915828704834 1095
1737429398253 0.9523809552192688 1096
1737429398570 0.9232493042945862 1097
1737429398888 0.9463878273963928 1098
1737429399205 0.9627799987792969 1099
1737429399520 0.9161806106567383 1100
1737429399837 0.8576388359069824 1101
1737429400154 0.7787530422210693 1102
1737429400469 0.859231173992157 1103
1737429400785 0.8688302636146545 1104
1737429401103 0.8537036776542664 1105
1737429401420 0.8454083800315857 1106
1737429401739 0.8763532638549805 1107
1737429402055 0.8223548531532288 1108
1737429402371 0.8594982028007507 1109
1737429402690 0.9029374122619629 1110
1737429403008 0.8809523582458496 1111
1737429403324 0.825984001159668 1112
1737429403644 0.81800776720047 1113
1737429403963 0.883145809173584 1114
1737429404280 0.9064527153968811 1115
1737429404598 0.8493233323097229 1116
1737429404913 0.8964931964874268 1117
1737429405232 0.9030877947807312 1118
1737429405550 0.8782935738563538 1119
1737429405869 0.8631393313407898 1120
1737429406186 0.8667700886726379 1121
1737429406504 0.8879925608634949 1122
1737429406820 0.9252524971961975 1123
1737429407139 0.9000732898712158 1124
1737429407455 0.920119047164917 1125
1737429407774 0.9261438250541687 1126
1737429408092 0.9028571248054504 1127
1737429408410 0.8945868611335754 1128
1737429408728 0.8425925374031067 1129
1737429409054 0.8455590605735779 1130
1737429409379 0.9153439402580261 1131
1737429409696 0.8940035700798035 1132
1737429410014 0.8528409004211426 1133
1737429410331 0.8730705380439758 1134
1737429410650 0.8168088793754578 1135
1737429410967 0.8867413401603699 1136
1737429411286 0.8715278506278992 1137
1737429411606 0.837519645690918 1138
1737429411927 0.8518518805503845 1139
1737429412243 0.8846561312675476 1140
1737429412562 0.9220829010009766 1141
1737429412881 0.8590114712715149 1142
1737429413197 0.9066666960716248 1143
1737429413513 0.9278811812400818 1144
1737429413833 0.9234761595726013 1145
1737429414150 0.8822534084320068 1146
1737429414467 0.8321838974952698 1147
1737429414786 0.8750101923942566 1148
1737429415102 0.9464387893676758 1149
1737429415422 0.8710635304450989 1150
1737429415745 0.8820845484733582 1151
1737429416065 0.8957516551017761 1152
1737429416383 0.8968897461891174 1153
1737429416702 0.8554112911224365 1154
1737429417018 0.9467372298240662 1155
1737429417336 0.8678624629974365 1156
1737429417654 0.9062625765800476 1157
1737429417974 0.9116809368133545 1158
1737429418292 0.891223132610321 1159
1737429418610 0.8307681083679199 1160
1737429418930 0.8857142925262451 1161
1737429419249 0.8981122970581055 1162
1737429419567 0.8992063403129578 1163
1737429419884 0.8699870109558105 1164
1737429420205 0.9351441860198975 1165
1737429420540 0.9255952835083008 1166
1737429420866 0.8304851651191711 1167
1737429421183 0.84490966796875 1168
1737429421499 0.852268636226654 1169
1737429421817 0.8948028683662415 1170
1737429422134 0.8843243718147278 1171
1737429422452 0.8129032254219055 1172
1737429422773 0.8985801339149475 1173
1737429423098 0.824999988079071 1174
1737429423416 0.9030933976173401 1175
1737429423736 0.9347221851348877 1176
1737429424054 0.9133214950561523 1177
1737429424372 0.8486486077308655 1178
1737429424691 0.9526143670082092 1179
1737429425010 0.8577086329460144 1180
1737429425330 0.9071539044380188 1181
1737429425650 0.8590278029441833 1182
1737429425969 0.870899498462677 1183
1737429426287 0.8894736766815186 1184
1737429426605 0.8934273719787598 1185
1737429426925 0.880286693572998 1186
1737429427243 0.8632478713989258 1187
1737429427561 0.9212305545806885 1188
1737429427883 0.8457671999931335 1189
1737429428200 0.8542934060096741 1190
1737429428518 0.8691995143890381 1191
1737429428836 0.875 1192
1737429429155 0.8003571629524231 1193
1737429429472 0.923178493976593 1194
1737429429790 0.9080572128295898 1195
1737429430108 0.8329365253448486 1196
1737429430428 0.9183996319770813 1197
1737429430745 0.8368055820465088 1198
1737429431062 0.8738770484924316 1199
1737429431381 0.832567036151886 1200
1737429431698 0.84063321352005 1201
1737429432016 0.8726432919502258 1202
1737429432336 0.9338583946228027 1203
1737429432654 0.8998751044273376 1204
1737429432972 0.9015405774116516 1205
1737429433291 0.8744268417358398 1206
1737429433609 0.8266429305076599 1207
1737429433927 0.8738687634468079 1208
1737429434244 0.9577648043632507 1209
1737429434564 0.9224679470062256 1210
1737429434884 0.858123242855072 1211
1737429435202 0.8833263516426086 1212
1737429435520 0.862500011920929 1213
1737429435839 0.8525595664978027 1214
1737429436157 0.9458683133125305 1215
1737429436475 0.8557889461517334 1216
1737429436793 0.7738816738128662 1217
1737429437112 0.8368055820465088 1218
1737429437432 0.8970587849617004 1219
1737429437750 0.926102340221405 1220
1737429438070 0.9290969967842102 1221
1737429438389 0.8957265019416809 1222
1737429438706 0.9031174182891846 1223
1737429439027 0.8354166150093079 1224
1737429439344 0.8888888955116272 1225
1737429439661 0.8499162197113037 1226
1737429439977 0.917992889881134 1227
1737429440294 0.8055555820465088 1228
1737429440612 0.8651443123817444 1229
1737429440929 0.8779983520507812 1230
1737429441248 0.8910135626792908 1231
1737429441567 0.8483870625495911 1232
1737429441885 0.8812079429626465 1233
1737429442203 0.8480286598205566 1234
1737429442520 0.8146953582763672 1235
1737429442837 0.8613566756248474 1236
1737429443155 0.8795254230499268 1237
1737429443475 0.8940035700798035 1238
1737429443791 0.8006269335746765 1239
1737429444109 0.8119047284126282 1240
1737429444427 0.8826341032981873 1241
1737429444745 0.798814594745636 1242
1737429445061 0.8784945607185364 1243
1737429445382 0.9095041155815125 1244
1737429445699 0.884459912776947 1245
1737429446021 0.8677813410758972 1246
1737429446337 0.8566701412200928 1247
1737429446655 0.9196395874023438 1248
1737429446975 0.9028673768043518 1249
1737429447295 0.8526785969734192 1250
1737429447611 0.9097363352775574 1251
1737429447929 0.8913690447807312 1252
1737429448246 0.88901686668396 1253
1737429448565 0.9055555462837219 1254
1737429448883 0.8766162991523743 1255
1737429449199 0.8187079429626465 1256
1737429449517 0.8292765617370605 1257
1737429449836 0.9272875785827637 1258
1737429450154 0.9031131863594055 1259
1737429450472 0.8925831317901611 1260
1737429450788 0.853205144405365 1261
1737429451106 0.8297667503356934 1262
1737429451423 0.8321466445922852 1263
1737429451743 0.9374628663063049 1264
1737429452059 0.9312169551849365 1265
1737429452379 0.9035175442695618 1266
1737429452699 0.8366947174072266 1267
1737429453018 0.9016731381416321 1268
1737429453335 0.8608736991882324 1269
1737429453652 0.8319745063781738 1270
1737429453971 0.8571428656578064 1271
1737429454288 0.8636288642883301 1272
1737429454607 0.8919727206230164 1273
1737429454925 0.8386401534080505 1274
1737429455243 0.7982905507087708 1275
1737429455562 0.8386978507041931 1276
1737429455881 0.8845028877258301 1277
1737429456197 0.867139995098114 1278
1737429456517 0.9000821113586426 1279
1737429456835 0.8808708786964417 1280
1737429457153 0.8962704539299011 1281
1737429457474 0.9005711674690247 1282
1737429457790 0.883155882358551 1283
1737429458109 0.8604612350463867 1284
1737429458426 0.9137528538703918 1285
1737429458743 0.829440176486969 1286
1737429459062 0.8597432971000671 1287
1737429459382 0.8479166626930237 1288
1737429459700 0.8916854858398438 1289
1737429460021 0.914434015750885 1290
1737429460338 0.8981481194496155 1291
1737429460655 0.9404761791229248 1292
1737429460976 0.8631846308708191 1293
1737429461295 0.8713974952697754 1294
1737429461614 0.8786476254463196 1295
1737429461930 0.8665106892585754 1296
1737429462248 0.9794967174530029 1297
1737429462567 0.8438149094581604 1298
1737429462887 0.9226601123809814 1299
1737429463203 0.8845231533050537 1300
1737429463521 0.8611693382263184 1301
1737429463841 0.9540824890136719 1302
1737429464161 0.8836906552314758 1303
1737429464479 0.8201243281364441 1304
1737429464799 0.9178187251091003 1305
1737429465116 0.9037628173828125 1306
1737429465434 0.8381944298744202 1307
1737429465752 0.8148536086082458 1308
1737429466069 0.8464155197143555 1309
1737429466386 0.8712704181671143 1310
1737429466705 0.846367359161377 1311
1737429467024 0.8820620179176331 1312
1737429467343 0.8674135804176331 1313
1737429467661 0.890259325504303 1314
1737429467978 0.8497722148895264 1315
1737429468299 0.8691453337669373 1316
1737429468617 0.8363787531852722 1317
1737429468934 0.8642764091491699 1318
1737429469250 0.9097363352775574 1319
1737429469568 0.9118256568908691 1320
1737429469887 0.8795454502105713 1321
1737429470207 0.923229992389679 1322
1737429470524 0.8757791519165039 1323
1737429470843 0.8173789381980896 1324
1737429471162 0.8736798167228699 1325
1737429471483 0.8705423474311829 1326
1737429471804 0.880115807056427 1327
1737429472123 0.8167953491210938 1328
1737429472439 0.9230769276618958 1329
1737429472758 0.8536050915718079 1330
1737429473074 0.8483725190162659 1331
1737429473392 0.8295019268989563 1332
1737429473712 0.850240170955658 1333
1737429474030 0.903843879699707 1334
1737429474348 0.9525666236877441 1335
1737429474664 0.8980295658111572 1336
1737429474983 0.9198686480522156 1337
1737429475302 0.9245564937591553 1338
1737429475620 0.8743336200714111 1339
1737429475937 0.8387961387634277 1340
1737429476255 0.8777777552604675 1341
1737429476572 0.9198412895202637 1342
1737429476889 0.8986411690711975 1343
1737429477210 0.8597204089164734 1344
1737429477525 0.8718368411064148 1345
1737429477843 0.8048105239868164 1346
1737429478162 0.9014639854431152 1347
1737429478478 0.8538770079612732 1348
1737429478797 0.823961079120636 1349
1737429479115 0.8801587224006653 1350
1737429479432 0.8931818008422852 1351
1737429479751 0.8648147583007812 1352
1737429480068 0.8402597308158875 1353
1737429480385 0.8611693382263184 1354
1737429480702 0.8688302636146545 1355
1737429481019 0.8180912137031555 1356
1737429481338 0.8808674812316895 1357
1737429481658 0.9044588208198547 1358
1737429481976 0.8241968750953674 1359
1737429482295 0.8217592239379883 1360
1737429482617 0.8383805155754089 1361
1737429482934 0.9189814925193787 1362
1737429483252 0.8469533920288086 1363
1737429483571 0.913780689239502 1364
1737429483890 0.8792102336883545 1365
1737429484211 0.8731555342674255 1366
1737429484530 0.819523811340332 1367
1737429484850 0.8185834884643555 1368
1737429485168 0.8504273891448975 1369
1737429485488 0.8321695923805237 1370
1737429485803 0.8755302429199219 1371
1737429486123 0.8989996314048767 1372
1737429486443 0.7905259728431702 1373
1737429486764 0.8643452525138855 1374
1737429487082 0.8862554430961609 1375
1737429487399 0.8599441647529602 1376
1737429487719 0.940737247467041 1377
1737429488038 0.8845238089561462 1378
1737429488357 0.900595486164093 1379
1737429488674 0.8948412537574768 1380
1737429488992 0.9001424312591553 1381
1737429489311 0.8503313660621643 1382
1737429489628 0.9253336787223816 1383
1737429489946 0.9577922821044922 1384
1737429490263 0.8677248954772949 1385
1737429490580 0.8809523582458496 1386
1737429490900 0.9344151616096497 1387
1737429491219 0.8895238041877747 1388
1737429491536 0.942577064037323 1389
1737429491855 0.8433497548103333 1390
1737429492174 0.8598811626434326 1391
1737429492493 0.9068753123283386 1392
1737429492811 0.954673707485199 1393
1737429493130 0.9150409698486328 1394
1737429493448 0.8904294967651367 1395
1737429493768 0.8607167601585388 1396
1737429494087 0.9100373387336731 1397
1737429494405 0.9339602589607239 1398
1737429494725 0.8910727500915527 1399
1737429495040 0.8925252556800842 1400
1737429495361 0.9305555820465088 1401
1737429495678 0.8619281649589539 1402
1737429495996 0.8907138705253601 1403
1737429496316 0.8751409649848938 1404
1737429496634 0.8876543045043945 1405
1737429496951 0.9040229916572571 1406
1737429497272 0.8836670517921448 1407
1737429497590 0.8768722414970398 1408
1737429497908 0.875353991985321 1409
1737429498226 0.9134588837623596 1410
1737429498546 0.9038932919502258 1411
1737429498866 0.9142810702323914 1412
1737429499184 0.9346728324890137 1413
1737429499504 0.8997001647949219 1414
1737429499823 0.8581699728965759 1415
1737429500141 0.8617417812347412 1416
1737429500462 0.9028010964393616 1417
1737429500779 0.8785247206687927 1418
1737429501097 0.8621573448181152 1419
1737429501414 0.8536124229431152 1420
1737429501732 0.9076786041259766 1421
1737429502050 0.821906328201294 1422
1737429502369 0.821060836315155 1423
1737429502688 0.8448033928871155 1424
1737429503010 0.8660111427307129 1425
1737429503328 0.867222011089325 1426
1737429503645 0.8729224801063538 1427
1737429503963 0.8607552647590637 1428
1737429504280 0.8689286112785339 1429
1737429504597 0.8966627717018127 1430
1737429504917 0.8972430229187012 1431
1737429505234 0.8377668857574463 1432
1737429505550 0.8833333849906921 1433
1737429505869 0.9144737124443054 1434
1737429506187 0.8764880299568176 1435
1737429506508 0.8377976417541504 1436
1737429506824 0.8665266036987305 1437
1737429507144 0.9121381640434265 1438
1737429507463 0.8886957764625549 1439
1737429507781 0.8569445013999939 1440
1737429508100 0.8844653964042664 1441
1737429508416 0.8777310848236084 1442
1737429508732 0.9250357151031494 1443
1737429509050 0.9052345752716064 1444
1737429509372 0.9191071391105652 1445
1737429509687 0.9244862198829651 1446
1737429510006 0.8509128093719482 1447
1737429510324 0.9076786041259766 1448
1737429510643 0.9058928489685059 1449
1737429510961 0.9041666984558105 1450
1737429511280 0.9355292320251465 1451
1737429511598 0.8962724208831787 1452
1737429511915 0.8536519408226013 1453
1737429512234 0.9345872402191162 1454
1737429512552 0.8561426997184753 1455
1737429512868 0.8436781764030457 1456
1737429513186 0.9314489960670471 1457
1737429513505 0.8782679438591003 1458
1737429513823 0.8427862524986267 1459
1737429514139 0.912992000579834 1460
1737429514457 0.8794261813163757 1461
1737429514773 0.8834795355796814 1462
1737429515091 0.8959131240844727 1463
1737429515408 0.8788190484046936 1464
1737429515727 0.899305522441864 1465
1737429516044 0.9099617004394531 1466
1737429516363 0.8781991004943848 1467
1737429516680 0.9113757014274597 1468
1737429516998 0.8866539001464844 1469
1737429517315 0.9114266037940979 1470
1737429517632 0.8804342746734619 1471
1737429517950 0.901547908782959 1472
1737429518267 0.875 1473
1737429518586 0.8321936726570129 1474
1737429518904 0.8667711615562439 1475
1737429519224 0.8993955254554749 1476
1737429519539 0.9060720801353455 1477
1737429519859 0.8561016917228699 1478
1737429520180 0.8655173182487488 1479
1737429520499 0.8048611283302307 1480
1737429520815 0.9180781245231628 1481
1737429521134 0.8902359008789062 1482
1737429521451 0.8952310681343079 1483
1737429521770 0.8541666865348816 1484
1737429522089 0.8375000357627869 1485
1737429522406 0.8838996887207031 1486
1737429522723 0.9241138100624084 1487
1737429523041 0.9450895190238953 1488
1737429523359 0.9224140048027039 1489
1737429523676 0.911215603351593 1490
1737429523993 0.8566415905952454 1491
1737429524312 0.8336182236671448 1492
1737429524629 0.8462120890617371 1493
1737429524945 0.9192261695861816 1494
1737429525264 0.9343914985656738 1495
1737429525583 0.871921956539154 1496
1737429525902 0.9104528427124023 1497
1737429526221 0.9036519527435303 1498
1737429526538 0.9606758952140808 1499
1737429526856 0.9143852591514587 1500
1737429527175 0.8298124670982361 1501
1737429527495 0.9015976786613464 1502
1737429527811 0.8618338704109192 1503
1737429528129 0.8970959782600403 1504
1737429528448 0.9332264065742493 1505
1737429528769 0.8670149445533752 1506
1737429529087 0.8804945349693298 1507
1737429529404 0.8930821418762207 1508
1737429529723 0.8661859035491943 1509
1737429530040 0.9160597324371338 1510
1737429530358 0.8931730389595032 1511
1737429530676 0.8250360488891602 1512
1737429530995 0.8839097023010254 1513
1737429531315 0.9032468199729919 1514
1737429531634 0.8716753125190735 1515
1737429531955 0.9069325923919678 1516
1737429532273 0.8736355304718018 1517
1737429532589 0.8785578608512878 1518
1737429532908 0.8359788060188293 1519
1737429533227 0.8385706543922424 1520
1737429533545 0.8973214030265808 1521
1737429533862 0.8364197611808777 1522
1737429534180 0.8488562107086182 1523
1737429534498 0.8616746068000793 1524
1737429534815 0.8471686244010925 1525
1737429535133 0.8968775272369385 1526
1737429535451 0.9047836661338806 1527
1737429535768 0.8700030446052551 1528
1737429536087 0.8858206272125244 1529
1737429536404 0.876547634601593 1530
1737429536722 0.877269446849823 1531
1737429537040 0.851231575012207 1532
1737429537360 0.8762726187705994 1533
1737429537678 0.8830353617668152 1534
1737429537996 0.8484084606170654 1535
1737429538316 0.9240013957023621 1536
1737429538634 0.8663398623466492 1537
1737429538952 0.9223647117614746 1538
1737429539269 0.8548851013183594 1539
1737429539588 0.8993382453918457 1540
1737429539907 0.7747440338134766 1541
1737429540226 0.8987621665000916 1542
1737429540544 0.8917921185493469 1543
1737429540862 0.8720238208770752 1544
1737429541178 0.8865740895271301 1545
1737429541499 0.9123005867004395 1546
1737429541817 0.8158422112464905 1547
1737429542134 0.8563125729560852 1548
1737429542454 0.8647069931030273 1549
1737429542774 0.9039215445518494 1550
1737429543091 0.891231119632721 1551
1737429543409 0.8539288640022278 1552
1737429543728 0.8819327354431152 1553
1737429544047 0.8920939564704895 1554
1737429544366 0.9506337642669678 1555
1737429544684 0.9194677472114563 1556
1737429545005 0.8901493549346924 1557
1737429545323 0.9126088619232178 1558
1737429545641 0.8742063045501709 1559
1737429545959 0.8331939578056335 1560
1737429546276 0.8595976829528809 1561
1737429546595 0.8725719451904297 1562
1737429546914 0.8719220161437988 1563
1737429547234 0.851385772228241 1564
1737429547553 0.8808398246765137 1565
1737429547871 0.8776070475578308 1566
1737429548192 0.9185185432434082 1567
1737429548509 0.8810036182403564 1568
1737429548827 0.8703861832618713 1569
1737429549143 0.8985385298728943 1570
1737429549460 0.8244547843933105 1571
1737429549778 0.9509909749031067 1572
1737429550099 0.8978524804115295 1573
1737429550415 0.8610177040100098 1574
1737429550734 0.8765432238578796 1575
1737429551051 0.8922073245048523 1576
1737429551366 0.8567736744880676 1577
1737429551686 0.9019400477409363 1578
1737429552004 0.8670995235443115 1579
1737429552324 0.9188838005065918 1580
1737429552640 0.882014811038971 1581
1737429552958 0.8941798806190491 1582
1737429553276 0.8754354119300842 1583
1737429553595 0.9014894366264343 1584
1737429553912 0.9037036895751953 1585
1737429554231 0.8781991004943848 1586
1737429554548 0.838278591632843 1587
1737429554866 0.8925461769104004 1588
1737429555186 0.851111114025116 1589
1737429555504 0.9470915794372559 1590
1737429555821 0.878370463848114 1591
1737429556139 0.8493233323097229 1592
1737429556459 0.8947293162345886 1593
1737429556779 0.8792569041252136 1594
1737429557098 0.9307554364204407 1595
1737429557414 0.8161093592643738 1596
1737429557733 0.8702893853187561 1597
1737429558052 0.8908314108848572 1598
1737429558370 0.9118165969848633 1599
1737429558687 0.8945183157920837 1600
1737429559005 0.898446798324585 1601
1737429559331 0.8971771597862244 1602
1737429559653 0.9021504521369934 1603
1737429559974 0.8673980832099915 1604
1737429560291 0.8790206909179688 1605
1737429560610 0.8754789233207703 1606
1737429560928 0.8691902160644531 1607
1737429561245 0.9118266105651855 1608
1737429561562 0.8854341506958008 1609
1737429561880 0.8277778029441833 1610
1737429562199 0.913167417049408 1611
1737429562518 0.8597221970558167 1612
1737429562836 0.8752913475036621 1613
1737429563153 0.8756547570228577 1614
1737429563471 0.8604753613471985 1615
1737429563789 0.8913690447807312 1616
1737429564108 0.9154796004295349 1617
1737429564429 0.8866049647331238 1618
1737429564747 0.8809744715690613 1619
1737429565066 0.9582027792930603 1620
1737429565385 0.9108734726905823 1621
1737429565702 0.9051492810249329 1622
1737429566021 0.8791071772575378 1623
1737429566339 0.9205319285392761 1624
1737429566658 0.935750424861908 1625
1737429566978 0.8695156574249268 1626
1737429567295 0.9136189818382263 1627
1737429567615 0.8888888955116272 1628
1737429567934 0.888610303401947 1629
1737429568252 0.8147220015525818 1630
1737429568573 0.9026471972465515 1631
1737429568890 0.8562405705451965 1632
1737429569210 0.8853086829185486 1633
1737429569529 0.8979516625404358 1634
1737429569845 0.8885193467140198 1635
1737429570163 0.9046840667724609 1636
1737429570483 0.8890643119812012 1637
1737429570803 0.8799282908439636 1638
1737429571123 0.9081962704658508 1639
1737429571442 0.8690476417541504 1640
1737429571762 0.8919727206230164 1641
1737429572082 0.8273295760154724 1642
1737429572401 0.9329501986503601 1643
1737429572717 0.8412972092628479 1644
1737429573036 0.9076797366142273 1645
1737429573356 0.8539553284645081 1646
1737429573676 0.9133903384208679 1647
1737429573994 0.8952622413635254 1648
1737429574310 0.8169025778770447 1649
1737429574626 0.9562723636627197 1650
1737429574944 0.8359403610229492 1651
1737429575262 0.8921629786491394 1652
1737429575581 0.8876543045043945 1653
1737429575899 0.8497650623321533 1654
1737429576217 0.8960327506065369 1655
1737429576537 0.8358423113822937 1656
1737429576853 0.9509797096252441 1657
1737429577171 0.901996374130249 1658
1737429577489 0.930555522441864 1659
1737429577811 0.9002107977867126 1660
1737429578130 0.8655173182487488 1661
1737429578449 0.899470865726471 1662
1737429578769 0.8773148059844971 1663
1737429579087 0.9124258160591125 1664
1737429579404 0.9376468658447266 1665
1737429579720 0.826208770275116 1666
1737429580039 0.862786591053009 1667
1737429580356 0.9054673314094543 1668
1737429580678 0.8518610000610352 1669
1737429580998 0.9279645085334778 1670
1737429581315 0.9250337481498718 1671
1737429581634 0.9195103049278259 1672
1737429581951 0.8518869280815125 1673
1737429582270 0.850529134273529 1674
1737429582589 0.8930931091308594 1675
1737429582907 0.9014576077461243 1676
1737429583225 0.9064527153968811 1677
1737429583544 0.8824227452278137 1678
1737429583862 0.90625 1679
1737429584179 0.9148073196411133 1680
1737429584499 0.8877280354499817 1681
1737429584815 0.9147909283638 1682
1737429585132 0.9318371415138245 1683
1737429585450 0.8906809687614441 1684
1737429585768 0.8817889094352722 1685
1737429586085 0.8386101722717285 1686
1737429586404 0.8939864039421082 1687
1737429586722 0.867023766040802 1688
1737429587039 0.9269332885742188 1689
1737429587358 0.9196608662605286 1690
1737429587676 0.9060238003730774 1691
1737429587993 0.8718426823616028 1692
1737429588312 0.8916666507720947 1693
1737429588630 0.8563947081565857 1694
1737429588950 0.9332466125488281 1695
1737429589268 0.865545928478241 1696
1737429589586 0.8464600443840027 1697
1737429589905 0.9662280082702637 1698
1737429590224 0.9325396418571472 1699
1737429590544 0.9476785659790039 1700
1737429590860 0.8585233688354492 1701
1737429591179 0.8697388172149658 1702
1737429591503 0.8538011908531189 1703
1737429591824 0.9032738208770752 1704
1737429592142 0.8970528244972229 1705
1737429592460 0.9279645085334778 1706
1737429592780 0.9151785969734192 1707
1737429593098 0.8815226554870605 1708
1737429593417 0.818042516708374 1709
1737429593735 0.8912280201911926 1710
1737429594054 0.9126088619232178 1711
1737429594373 0.903225839138031 1712
1737429594691 0.837421715259552 1713
1737429595012 0.8628663420677185 1714
1737429595327 0.8769438862800598 1715
1737429595647 0.8917220234870911 1716
1737429595965 0.8838639259338379 1717
1737429596283 0.9034228324890137 1718
1737429596599 0.8594276309013367 1719
1737429596921 0.8831369280815125 1720
1737429597241 0.9518206715583801 1721
1737429597557 0.880286693572998 1722
1737429597873 0.8908382058143616 1723
1737429598080 0.9466666579246521 1724
1737429614279 0.8888888955116272 1725
1737429614597 0.9012675881385803 1726
1737429614913 0.862345278263092 1727
1737429615229 0.8298177719116211 1728
1737429615547 0.8356043696403503 1729
1737429615866 0.8833369612693787 1730
1737429616184 0.9255952835083008 1731
1737429616500 0.9547619223594666 1732
1737429616817 0.8754789233207703 1733
1737429617135 0.8896336555480957 1734
1737429617451 0.906757652759552 1735
1737429617770 0.9316536784172058 1736
1737429618088 0.8296739459037781 1737
1737429618405 0.9321839213371277 1738
1737429618721 0.8989996314048767 1739
1737429619040 0.9178842902183533 1740
1737429619358 0.9464285969734192 1741
1737429619673 0.8887806534767151 1742
1737429619991 0.9288308024406433 1743
1737429620309 0.9072537422180176 1744
1737429620631 0.8936842083930969 1745
1737429620947 0.9254515767097473 1746
1737429621264 0.8779323101043701 1747
1737429621581 0.8989526629447937 1748
1737429621897 0.9141755104064941 1749
1737429622215 0.8906776309013367 1750
1737429622534 0.8679099082946777 1751
1737429622853 0.8398496508598328 1752
1737429623169 0.9285376071929932 1753
1737429623488 0.9598930478096008 1754
1737429623804 0.8680555820465088 1755
1737429624123 0.8898962140083313 1756
1737429624440 0.8332033753395081 1757
1737429624759 0.9145810008049011 1758
1737429625077 0.8624976277351379 1759
1737429625393 0.9005260467529297 1760
1737429625710 0.8616809248924255 1761
1737429626029 0.9299622178077698 1762
1737429626348 0.917992889881134 1763
1737429626666 0.8489306569099426 1764
1737429626986 0.8679099082946777 1765
1737429627304 0.8847376704216003 1766
1737429627625 0.8375110626220703 1767
1737429627943 0.8221147060394287 1768
1737429628261 0.8428362011909485 1769
1737429628579 0.8284313678741455 1770
1737429628896 0.8505747318267822 1771
1737429629214 0.9008210301399231 1772
1737429629533 0.8857817649841309 1773
1737429629851 0.8653586506843567 1774
1737429630170 0.8834729194641113 1775
1737429630486 0.9057323932647705 1776
1737429630805 0.8999323844909668 1777
1737429631125 0.9244862198829651 1778
1737429631445 0.8867413401603699 1779
1737429631766 0.8576154708862305 1780
1737429632084 0.875420868396759 1781
1737429632401 0.9455127716064453 1782
1737429632719 0.913196861743927 1783
1737429633036 0.8597597479820251 1784
1737429633356 0.8839225769042969 1785
1737429633672 0.9458267688751221 1786
1737429633993 0.8871352672576904 1787
1737429634309 0.9002639651298523 1788
1737429634628 0.8543078303337097 1789
1737429634945 0.8739573359489441 1790
1737429635264 0.8945493102073669 1791
1737429635582 0.906693696975708 1792
1737429635902 0.9424561858177185 1793
1737429636219 0.9050300121307373 1794
1737429636535 0.8603663444519043 1795
1737429636852 0.8764467835426331 1796
1737429637172 0.8833333849906921 1797
1737429637489 0.8921146392822266 1798
1737429637807 0.8976038098335266 1799
1737429638126 0.95686274766922 1800
1737429638443 0.941964328289032 1801
1737429638764 0.840238094329834 1802
1737429639082 0.91021329164505 1803
1737429639400 0.9110717177391052 1804
1737429639718 0.8820619583129883 1805
1737429640036 0.9048683047294617 1806
1737429640356 0.9356350898742676 1807
1737429640673 0.8400352597236633 1808
1737429640991 0.9226633906364441 1809
1737429641307 0.9122023582458496 1810
1737429641627 0.8781746029853821 1811
1737429641944 0.8737373352050781 1812
1737429642264 0.870535671710968 1813
1737429642582 0.8838868141174316 1814
1737429642901 0.903517484664917 1815
1737429643221 0.8826746940612793 1816
1737429643545 0.8157522678375244 1817
1737429643868 0.8323836326599121 1818
1737429644185 0.8900392651557922 1819
1737429644503 0.904949426651001 1820
1737429644822 0.8789307475090027 1821
1737429645140 0.8943355083465576 1822
1737429645459 0.9024147391319275 1823
1737429645776 0.9106833338737488 1824
1737429646093 0.9370529055595398 1825
1737429646411 0.9033129811286926 1826
1737429646728 0.9424342513084412 1827
1737429647046 0.8618256449699402 1828
1737429647365 0.9047836661338806 1829
1737429647679 0.9455196857452393 1830
1737429648006 0.9123005867004395 1831
1737429648323 0.9337711930274963 1832
1737429648642 0.8923611044883728 1833
1737429648959 0.9340277314186096 1834
1737429649277 0.8628795742988586 1835
1737429649595 0.8946778774261475 1836
1737429649913 0.9012241959571838 1837
1737429650234 0.9594771265983582 1838
1737429650550 0.8652556538581848 1839
1737429650867 0.8470122218132019 1840
1737429651184 0.9691614508628845 1841
1737429651504 0.9545979499816895 1842
1737429651829 0.9245150089263916 1843
1737429652149 0.8798941969871521 1844
1737429652467 0.9407051205635071 1845
1737429652784 0.9257392883300781 1846
1737429653104 0.9242064356803894 1847
1737429653420 0.8825473189353943 1848
1737429653738 0.9139254093170166 1849
1737429654058 0.9340278506278992 1850
1737429654377 0.8937318921089172 1851
1737429654696 0.9246616363525391 1852
1737429655014 0.8755601048469543 1853
1737429655333 0.9045060276985168 1854
1737429655653 0.9180466532707214 1855
1737429655973 0.9589934945106506 1856
1737429656289 0.9236559271812439 1857
1737429656606 0.9412619471549988 1858
1737429656923 0.9291133284568787 1859
1737429657242 0.8468452095985413 1860
1737429657561 0.9340913891792297 1861
1737429657879 0.9270114898681641 1862
1737429658200 0.8891223073005676 1863
1737429658517 0.8927900195121765 1864
1737429658836 0.9133510589599609 1865
1737429659154 0.910714328289032 1866
1737429659473 0.8961234092712402 1867
1737429659791 0.9002334475517273 1868
1737429660108 0.9223073124885559 1869
1737429660424 0.902150571346283 1870
1737429660742 0.9338059425354004 1871
1737429661062 0.949999988079071 1872
1737429661381 0.9338624477386475 1873
1737429661699 0.9105303883552551 1874
1737429662016 0.9112195372581482 1875
1737429662334 0.9334524273872375 1876
1737429662652 0.9391453266143799 1877
1737429662971 0.9105508923530579 1878
1737429663288 0.9157894253730774 1879
1737429663607 0.9521008133888245 1880
1737429663927 0.9321839213371277 1881
1737429664245 0.8755357265472412 1882
1737429664562 0.9131944179534912 1883
1737429664881 0.8694581389427185 1884
1737429665200 0.9241071343421936 1885
1737429665518 0.9539411067962646 1886
1737429665835 0.9338624477386475 1887
1737429666153 0.926349937915802 1888
1737429666470 0.8915644288063049 1889
1737429666788 0.935980498790741 1890
1737429667106 0.922555148601532 1891
1737429667423 0.9015538692474365 1892
1737429667743 0.9250337481498718 1893
1737429668062 0.9241071343421936 1894
1737429668382 0.88456791639328 1895
1737429668699 0.9339826703071594 1896
1737429669018 0.8804234862327576 1897
1737429669336 0.9316611289978027 1898
1737429669652 0.8716216087341309 1899
1737429669973 0.944683849811554 1900
1737429670290 0.9083333015441895 1901
1737429670608 0.8795254230499268 1902
1737429670926 0.8718367218971252 1903
1737429671246 0.9060238003730774 1904
1737429671566 0.9612794518470764 1905
1737429671884 0.9191918969154358 1906
1737429672202 0.9347670078277588 1907
1737429672520 0.8778939843177795 1908
1737429672839 0.9421021342277527 1909
1737429673153 0.9465411305427551 1910
1737429673472 0.9345305562019348 1911
1737429673792 0.883908212184906 1912
1737429674111 0.8983281254768372 1913
1737429674427 0.8839097023010254 1914
1737429674747 0.9347221851348877 1915
1737429675066 0.9503220915794373 1916
1737429675384 0.9027778506278992 1917
1737429675701 0.9295409321784973 1918
1737429676021 0.8909204602241516 1919
1737429676339 0.9451612830162048 1920
1737429676658 0.9749999642372131 1921
1737429676976 0.9003407955169678 1922
1737429677294 0.9043243527412415 1923
1737429677611 0.9454545974731445 1924
1737429677931 0.9325670599937439 1925
1737429678250 0.920634925365448 1926
1737429678567 0.9185519814491272 1927
1737429678884 0.9129032492637634 1928
1737429679201 0.9555556178092957 1929
1737429679520 0.9364326000213623 1930
1737429679837 0.9041550159454346 1931
1737429680154 0.9109308123588562 1932
1737429680474 0.8991653323173523 1933
1737429680792 0.9323442578315735 1934
1737429681110 0.8931519389152527 1935
1737429681428 0.8706205487251282 1936
1737429681746 0.9185185432434082 1937
1737429682065 0.9406796097755432 1938
1737429682384 0.9136905074119568 1939
1737429682704 0.9387626647949219 1940
1737429683023 0.9211775660514832 1941
1737429683338 0.9606879353523254 1942
1737429683657 0.9076479077339172 1943
1737429683975 0.9565421938896179 1944
1737429684292 0.9248676896095276 1945
1737429684610 0.9010100960731506 1946
1737429684929 0.9104650616645813 1947
1737429685248 0.9519400596618652 1948
1737429685565 0.9431003928184509 1949
1737429685884 0.93315190076828 1950
1737429686204 0.9791666865348816 1951
1737429686521 0.8945794105529785 1952
1737429686838 0.9447293281555176 1953
1737429687155 0.9220779538154602 1954
1737429687477 0.8696797490119934 1955
1737429687796 0.8533146977424622 1956
1737429688114 0.9341413974761963 1957
1737429688433 0.9809524416923523 1958
1737429688752 0.9182803630828857 1959
1737429689071 0.9672415852546692 1960
1737429689390 0.920461118221283 1961
1737429689711 0.9553962349891663 1962
1737429690032 0.9224537014961243 1963
1737429690351 0.8892372250556946 1964
1737429690671 0.9126899838447571 1965
1737429690989 0.9016227126121521 1966
1737429691306 0.9055555462837219 1967
1737429691623 0.8905021548271179 1968
1737429691944 0.9388888478279114 1969
1737429692260 0.9088932871818542 1970
1737429692577 0.8917562961578369 1971
1737429692895 0.9368880391120911 1972
1737429693214 0.9534391760826111 1973
1737429693533 0.8495994210243225 1974
1737429693853 0.8961833119392395 1975
1737429694172 0.9337568283081055 1976
1737429694489 0.923719584941864 1977
1737429694809 0.881917417049408 1978
1737429695125 0.939338207244873 1979
1737429695445 0.9488946795463562 1980
1737429695764 0.9160733222961426 1981
1737429696081 0.9176366925239563 1982
1737429696401 0.972178041934967 1983
1737429696719 0.9385365843772888 1984
1737429697038 0.937373697757721 1985
1737429697356 0.9253113269805908 1986
1737429697675 0.9429762363433838 1987
1737429697992 0.9790849685668945 1988
1737429698309 0.9533929228782654 1989
1737429698625 0.962013304233551 1990
1737429698945 0.9060847163200378 1991
1737429699263 0.9345872402191162 1992
1737429699581 0.9410934448242188 1993
1737429699901 0.9574955105781555 1994
1737429700220 0.9097907543182373 1995
1737429700539 0.9107553362846375 1996
1737429700858 0.8770999312400818 1997
1737429701176 0.9335667490959167 1998
1737429701494 0.8645833134651184 1999
1737429701813 0.9358741641044617 2000
1737429702131 0.9391534924507141 2001
1737429702449 0.9518518447875977 2002
1737429702769 0.9773945808410645 2003
1737429703089 0.9120400547981262 2004
1737429703405 0.9532132148742676 2005
1737429703724 0.9495219588279724 2006
1737429704042 0.9443051218986511 2007
1737429704359 0.9572557806968689 2008
1737429704677 0.9349753856658936 2009
1737429704997 0.9091982245445251 2010
1737429705318 0.9779202342033386 2011
1737429705637 0.9209744334220886 2012
1737429705955 0.9268078207969666 2013
1737429706274 0.9195611476898193 2014
1737429706594 0.9492900371551514 2015
1737429706914 0.9523809552192688 2016
1737429707232 0.96860671043396 2017
1737429707550 0.9583333134651184 2018
1737429707869 0.9368627071380615 2019
1737429708187 0.9487178921699524 2020
1737429708506 0.9116246700286865 2021
1737429708825 0.8965727686882019 2022
1737429709142 0.9714285731315613 2023
1737429709459 0.89825838804245 2024
1737429709778 0.8829364776611328 2025
1737429710097 0.9269227981567383 2026
1737429710414 0.9557008147239685 2027
1737429710733 0.9226190447807312 2028
1737429711051 0.9278087615966797 2029
1737429711371 0.9254515171051025 2030
1737429711695 0.9378946423530579 2031
1737429712016 0.9666547179222107 2032
1737429712333 0.9087688326835632 2033
1737429712652 0.9014337062835693 2034
