1737429032741 0.08333333333333333 1
1737429033057 0.034482758620689655 2
1737429033372 0.15789473684210525 3
1737429033687 0.1111111111111111 4
1737429034003 0.28125 5
1737429034329 0.3793103448275862 6
1737429034648 0.5 7
1737429034963 0.7142857142857143 8
1737429035285 0.8333333333333334 9
1737429035600 0.6923076923076923 10
1737429035916 0.8157894736842105 11
1737429036233 0.8387096774193549 12
1737429036549 0.8974358974358975 13
1737429036865 0.9428571428571428 14
1737429037180 0.8888888888888888 15
1737429037495 0.9523809523809523 16
1737429037812 0.9583333333333334 17
1737429038129 0.8285714285714286 18
1737429038445 0.9032258064516129 19
1737429038768 0.8648648648648649 20
1737429039083 0.9310344827586207 21
1737429039398 0.9642857142857143 22
1737429039718 0.9090909090909091 23
1737429040035 0.8285714285714286 24
1737429040443 0.75 25
1737429040808 0.75 26
1737429041188 0.8181818181818182 27
1737429041539 0.7631578947368421 28
1737429041887 0.75 29
1737429042215 0.8 30
1737429042535 0.84375 31
1737429042852 0.7741935483870968 32
1737429043168 0.7741935483870968 33
1737429043484 0.7586206896551724 34
1737429043799 0.8275862068965517 35
1737429044114 0.7741935483870968 36
1737429044429 0.6388888888888888 37
1737429044744 0.8108108108108109 38
1737429045062 0.7083333333333334 39
1737429045377 0.7741935483870968 40
1737429045693 0.8484848484848485 41
1737429046013 0.7027027027027027 42
1737429046334 0.8064516129032258 43
1737429046648 0.9166666666666666 44
1737429046962 0.9473684210526315 45
1737429047276 0.8235294117647058 46
1737429047595 0.8620689655172413 47
1737429047914 1.0 48
1737429048229 1.0 49
1737429048545 0.8709677419354839 50
1737429048860 0.875 51
1737429049179 0.7777777777777778 52
1737429049495 0.7931034482758621 53
1737429049811 0.8333333333333334 54
1737429050127 0.7941176470588235 55
1737429050443 0.9230769230769231 56
1737429050758 0.8529411764705882 57
1737429051075 0.7647058823529411 58
1737429051390 0.7391304347826086 59
1737429051711 0.8108108108108109 60
1737429052027 0.8888888888888888 61
1737429052344 0.8648648648648649 62
1737429052660 0.8518518518518519 63
1737429052977 0.9411764705882353 64
1737429053293 0.64 65
1737429053612 0.8571428571428571 66
1737429053927 0.7837837837837838 67
1737429054241 0.6896551724137931 68
1737429054558 0.8620689655172413 69
1737429054872 1.0 70
1737429055187 0.9090909090909091 71
1737429055502 0.8823529411764706 72
1737429055819 1.0 73
1737429056135 0.7419354838709677 74
1737429056453 0.8292682926829268 75
1737429056769 0.8235294117647058 76
1737429057088 0.7857142857142857 77
1737429057403 0.8 78
1737429057721 0.7878787878787878 79
1737429058052 0.8076923076923077 80
1737429058382 0.7575757575757576 81
1737429058697 0.7692307692307693 82
1737429059016 0.7142857142857143 83
1737429059335 0.5185185185185185 84
1737429059650 0.6857142857142857 85
1737429059966 0.7857142857142857 86
1737429060283 0.825 87
1737429060601 0.8620689655172413 88
1737429060919 0.7857142857142857 89
1737429061237 0.9166666666666666 90
1737429061555 0.8235294117647058 91
1737429061871 0.8214285714285714 92
1737429062189 0.8461538461538461 93
1737429062506 0.7777777777777778 94
1737429062825 0.7419354838709677 95
1737429063142 0.7931034482758621 96
1737429063459 0.7647058823529411 97
1737429063776 0.6764705882352942 98
1737429064093 0.7096774193548387 99
1737429064410 0.7352941176470589 100
1737429064726 0.7941176470588235 101
1737429065044 0.8529411764705882 102
1737429065360 0.8157894736842105 103
1737429065678 0.7419354838709677 104
1737429065994 0.8387096774193549 105
1737429066311 0.9032258064516129 106
1737429066627 0.7692307692307693 107
1737429066944 0.8095238095238095 108
1737429067262 0.84375 109
1737429067581 0.6875 110
1737429067899 0.8157894736842105 111
1737429068216 0.6857142857142857 112
1737429068533 0.7096774193548387 113
1737429068849 0.8333333333333334 114
1737429069166 0.8333333333333334 115
1737429069482 0.9 116
1737429069799 0.8918918918918919 117
1737429070116 0.9615384615384616 118
1737429070434 0.8888888888888888 119
1737429070751 0.8857142857142857 120
1737429071070 0.6923076923076923 121
1737429071387 0.71875 122
1737429071706 0.7857142857142857 123
1737429072022 0.47619047619047616 124
1737429072339 0.7647058823529411 125
1737429072656 0.7 126
1737429072971 0.6206896551724138 127
1737429073288 0.6129032258064516 128
1737429073606 0.6666666666666666 129
1737429073924 0.7307692307692307 130
1737429074242 0.8648648648648649 131
1737429074555 0.8648648648648649 132
1737429074874 0.9032258064516129 133
1737429075192 0.967741935483871 134
1737429075512 0.8421052631578947 135
1737429075827 0.90625 136
1737429076144 0.8918918918918919 137
1737429076459 0.7714285714285715 138
1737429076778 0.9117647058823529 139
1737429077095 0.896551724137931 140
1737429077410 0.8387096774193549 141
1737429077728 0.84375 142
1737429078046 0.7027027027027027 143
1737429078362 0.7647058823529411 144
1737429078677 0.8055555555555556 145
1737429078994 0.9032258064516129 146
1737429079311 0.8857142857142857 147
1737429079630 0.7666666666666667 148
1737429079948 0.8285714285714286 149
1737429080265 0.8333333333333334 150
1737429080583 0.88 151
1737429080901 0.8285714285714286 152
1737429081218 0.84 153
1737429081536 0.8823529411764706 154
1737429081852 0.9310344827586207 155
1737429082170 0.8529411764705882 156
1737429082488 0.8857142857142857 157
1737429082804 0.84 158
1737429083122 0.875 159
1737429083441 0.75 160
1737429083759 0.75 161
1737429084076 0.8148148148148148 162
1737429084393 0.8928571428571429 163
1737429084710 0.8461538461538461 164
1737429085027 0.8333333333333334 165
1737429085345 0.8620689655172413 166
1737429085660 0.6857142857142857 167
1737429085975 0.6666666666666666 168
1737429086293 0.75 169
1737429086611 0.75 170
1737429086927 0.88 171
1737429087243 0.9090909090909091 172
1737429087561 0.72 173
1737429087878 0.7692307692307693 174
1737429088195 0.75 175
1737429088512 0.8620689655172413 176
1737429088830 0.775 177
1737429089151 0.8076923076923077 178
1737429089469 0.84375 179
1737429089786 0.7777777777777778 180
1737429090103 0.8888888888888888 181
1737429090421 0.8787878787878788 182
1737429090737 0.8666666666666667 183
1737429091054 0.7916666666666666 184
1737429091370 0.8108108108108109 185
1737429091687 0.9032258064516129 186
1737429092005 0.875 187
1737429092323 0.7878787878787878 188
1737429092641 0.9090909090909091 189
1737429092959 0.88 190
1737429093277 0.9666666666666667 191
1737429093594 0.8222222222222222 192
1737429093911 0.7333333333333333 193
1737429094229 0.8620689655172413 194
1737429094545 0.8064516129032258 195
1737429094863 0.8064516129032258 196
1737429095180 0.71875 197
1737429095497 0.7037037037037037 198
1737429095815 0.8333333333333334 199
1737429096136 0.8181818181818182 200
1737429096455 0.8275862068965517 201
1737429096770 0.7857142857142857 202
1737429097087 0.96875 203
1737429097405 0.9032258064516129 204
1737429097724 0.96875 205
1737429098039 0.9117647058823529 206
1737429098355 0.8 207
1737429098673 0.7428571428571429 208
1737429098990 0.7575757575757576 209
1737429099308 0.875 210
1737429099623 0.68 211
1737429099939 0.7567567567567568 212
1737429100260 0.8076923076923077 213
1737429100579 0.9565217391304348 214
1737429100896 0.84375 215
1737429101213 0.9375 216
1737429101531 0.8461538461538461 217
1737429101846 0.8636363636363636 218
1737429102163 0.8095238095238095 219
1737429102480 0.8823529411764706 220
1737429102798 0.9428571428571428 221
1737429103116 0.7575757575757576 222
1737429103434 0.9411764705882353 223
1737429103751 0.9459459459459459 224
1737429104068 1.0 225
1737429104385 0.7931034482758621 226
1737429104702 0.9166666666666666 227
1737429105020 0.9285714285714286 228
1737429105337 0.7 229
1737429105655 0.7714285714285715 230
1737429105972 0.8076923076923077 231
1737429106291 0.8333333333333334 232
1737429106606 0.8636363636363636 233
1737429106922 0.9 234
1737429107241 0.8235294117647058 235
1737429107561 0.8571428571428571 236
1737429107879 0.9565217391304348 237
1737429108197 0.8148148148148148 238
1737429108514 0.7777777777777778 239
1737429108832 0.8484848484848485 240
1737429109148 0.8529411764705882 241
1737429109465 0.8529411764705882 242
1737429109785 0.9615384615384616 243
1737429110102 0.9210526315789473 244
1737429110419 0.8846153846153846 245
1737429110736 0.7083333333333334 246
1737429111055 0.8333333333333334 247
1737429111375 0.7777777777777778 248
1737429111698 0.8571428571428571 249
1737429112017 0.7586206896551724 250
1737429112334 0.7096774193548387 251
1737429112651 0.8620689655172413 252
1737429112968 0.8235294117647058 253
1737429113288 0.9310344827586207 254
1737429113604 0.9230769230769231 255
1737429113923 0.8518518518518519 256
1737429114241 0.8333333333333334 257
1737429114559 0.8333333333333334 258
1737429114878 0.9117647058823529 259
1737429115195 0.7560975609756098 260
1737429115515 0.896551724137931 261
1737429115833 0.7692307692307693 262
1737429116150 0.8571428571428571 263
1737429116469 1.0 264
1737429116786 0.9428571428571428 265
1737429117104 0.9230769230769231 266
1737429117421 0.8333333333333334 267
1737429117739 0.8787878787878788 268
1737429118056 0.9 269
1737429118374 0.9142857142857143 270
1737429118691 0.9285714285714286 271
1737429119008 0.7241379310344828 272
1737429119327 0.8378378378378378 273
1737429119646 0.7647058823529411 274
1737429119963 0.8333333333333334 275
1737429120283 0.88 276
1737429120600 0.9285714285714286 277
1737429120918 0.9333333333333333 278
1737429121237 0.9696969696969697 279
1737429121554 0.8 280
1737429121871 0.92 281
1737429122188 0.9069767441860465 282
1737429122505 0.896551724137931 283
1737429122823 0.75 284
1737429123140 0.75 285
1737429123457 0.7948717948717948 286
1737429123776 0.8846153846153846 287
1737429124093 0.88 288
1737429124413 0.7407407407407407 289
1737429124728 0.8666666666666667 290
1737429125046 0.896551724137931 291
1737429125363 0.8636363636363636 292
1737429125681 0.8888888888888888 293
1737429125999 0.9310344827586207 294
1737429126315 0.8787878787878788 295
1737429126631 0.9230769230769231 296
1737429126950 0.8823529411764706 297
1737429127269 0.8518518518518519 298
1737429127588 0.7857142857142857 299
1737429127904 0.8285714285714286 300
1737429128222 0.8 301
1737429128540 0.8260869565217391 302
1737429128859 0.7941176470588235 303
1737429129185 0.84375 304
1737429129518 0.7837837837837838 305
1737429129841 0.8571428571428571 306
1737429130162 0.8947368421052632 307
1737429130482 0.967741935483871 308
1737429130798 0.8648648648648649 309
1737429131116 0.8064516129032258 310
1737429131434 0.9310344827586207 311
1737429131750 0.8125 312
1737429132068 0.8529411764705882 313
1737429132389 0.9 314
1737429132708 0.8787878787878788 315
1737429133022 0.7714285714285715 316
1737429133339 0.8823529411764706 317
1737429133659 0.8260869565217391 318
1737429133977 0.9090909090909091 319
1737429134295 0.8333333333333334 320
1737429134611 0.8285714285714286 321
1737429134931 0.9 322
1737429135250 0.8928571428571429 323
1737429135568 0.8387096774193549 324
1737429135886 0.7307692307692307 325
1737429136202 0.9310344827586207 326
1737429136521 0.6388888888888888 327
1737429136839 0.8275862068965517 328
1737429137158 0.8387096774193549 329
1737429137476 0.84375 330
1737429137792 0.875 331
1737429138108 0.9310344827586207 332
1737429138429 0.918918918918919 333
1737429138747 0.8214285714285714 334
1737429139063 0.8636363636363636 335
1737429139381 0.7666666666666667 336
1737429139699 0.8387096774193549 337
1737429140020 0.8666666666666667 338
1737429140341 0.8611111111111112 339
1737429140661 0.8461538461538461 340
1737429140979 0.7948717948717948 341
1737429141296 0.8695652173913043 342
1737429141619 0.8214285714285714 343
1737429141936 0.8 344
1737429142253 0.7878787878787878 345
1737429142575 0.90625 346
1737429142893 0.9259259259259259 347
1737429143210 0.8918918918918919 348
1737429143527 0.8928571428571429 349
1737429143846 0.9642857142857143 350
1737429144170 0.8666666666666667 351
1737429144489 0.72 352
1737429144808 0.8 353
1737429145126 0.8235294117647058 354
1737429145443 0.6857142857142857 355
1737429145758 0.7083333333333334 356
1737429146074 0.8823529411764706 357
1737429146391 0.9 358
1737429146708 0.8205128205128205 359
1737429147026 1.0 360
1737429147343 0.8518518518518519 361
1737429147662 0.84 362
1737429147981 1.0 363
1737429148296 0.9285714285714286 364
1737429148613 0.7916666666666666 365
1737429148931 0.78125 366
1737429149249 0.7428571428571429 367
1737429149567 0.8387096774193549 368
1737429149884 0.6551724137931034 369
1737429150201 0.7419354838709677 370
1737429150519 0.8518518518518519 371
1737429150837 0.9354838709677419 372
1737429151155 0.8064516129032258 373
1737429151473 0.9090909090909091 374
1737429151790 0.8275862068965517 375
1737429152110 0.8285714285714286 376
1737429152429 0.8333333333333334 377
1737429152747 0.7714285714285715 378
1737429153067 0.9032258064516129 379
1737429153387 0.7407407407407407 380
1737429153704 0.8709677419354839 381
1737429154020 0.9411764705882353 382
1737429154339 0.9565217391304348 383
1737429154655 0.8484848484848485 384
1737429154974 0.8 385
1737429155290 0.7567567567567568 386
1737429155610 0.9666666666666667 387
1737429155929 0.75 388
1737429156248 0.8529411764705882 389
1737429156564 0.8928571428571429 390
1737429156883 0.7741935483870968 391
1737429157199 0.85 392
1737429157517 0.9666666666666667 393
1737429157835 0.8484848484848485 394
1737429158152 0.9655172413793104 395
1737429158469 0.9117647058823529 396
1737429158786 0.9259259259259259 397
1737429159106 0.8285714285714286 398
1737429159422 0.8846153846153846 399
1737429159741 0.7368421052631579 400
1737429160057 0.75 401
1737429160375 0.7727272727272727 402
1737429160693 0.8571428571428571 403
1737429161012 0.5757575757575758 404
1737429161329 0.7647058823529411 405
1737429161650 0.8064516129032258 406
1737429161968 0.8076923076923077 407
1737429162284 0.8571428571428571 408
1737429162601 0.9714285714285714 409
1737429162919 0.9642857142857143 410
1737429163238 0.9642857142857143 411
1737429163555 0.96875 412
1737429163872 0.9444444444444444 413
1737429164189 0.9428571428571428 414
1737429164507 0.9666666666666667 415
1737429164825 0.8529411764705882 416
1737429165145 0.8 417
1737429165464 0.8571428571428571 418
1737429165782 0.7272727272727273 419
1737429166101 0.8666666666666667 420
1737429166418 0.9090909090909091 421
1737429166737 0.8235294117647058 422
1737429167054 0.9090909090909091 423
1737429167371 0.7407407407407407 424
1737429167689 0.7272727272727273 425
1737429168007 0.8 426
1737429168325 0.8235294117647058 427
1737429168644 0.92 428
1737429168963 0.9642857142857143 429
1737429169284 0.9722222222222222 430
1737429169602 0.8928571428571429 431
1737429169923 0.96 432
1737429170240 0.7777777777777778 433
1737429170558 0.8181818181818182 434
1737429170876 1.0 435
1737429171193 0.9024390243902439 436
1737429171513 0.8214285714285714 437
1737429171834 0.9047619047619048 438
1737429172153 0.8928571428571429 439
1737429172472 0.9714285714285714 440
1737429172789 0.9629629629629629 441
1737429173108 0.7272727272727273 442
1737429173424 0.8387096774193549 443
1737429173743 0.896551724137931 444
1737429174062 0.8333333333333334 445
1737429174382 0.7575757575757576 446
1737429174700 0.8148148148148148 447
1737429175016 0.8918918918918919 448
1737429175334 0.9047619047619048 449
1737429175653 0.9655172413793104 450
1737429175970 0.7666666666666667 451
1737429176286 0.7741935483870968 452
1737429176604 0.8333333333333334 453
1737429176922 0.8205128205128205 454
1737429177241 0.9354838709677419 455
1737429177558 0.9285714285714286 456
1737429177875 0.9117647058823529 457
1737429178193 0.9354838709677419 458
1737429178510 0.825 459
1737429178828 0.9032258064516129 460
1737429179146 0.9047619047619048 461
1737429179462 0.6923076923076923 462
1737429179779 0.88 463
1737429180098 0.7419354838709677 464
1737429180416 0.85 465
1737429180733 0.75 466
1737429181052 0.8076923076923077 467
1737429181371 0.7272727272727273 468
1737429181687 0.8108108108108109 469
1737429182005 0.8809523809523809 470
1737429182323 0.8846153846153846 471
1737429182643 0.9333333333333333 472
1737429182961 0.9210526315789473 473
1737429183278 0.9642857142857143 474
1737429183597 0.9142857142857143 475
1737429183915 0.9117647058823529 476
1737429184233 0.7777777777777778 477
1737429184549 0.8095238095238095 478
1737429184867 0.9 479
1737429185184 0.8823529411764706 480
1737429185501 0.8387096774193549 481
1737429185818 0.782608695652174 482
1737429186137 0.7741935483870968 483
1737429186458 0.6944444444444444 484
1737429186773 0.8108108108108109 485
1737429187091 0.7586206896551724 486
1737429187410 0.8148148148148148 487
1737429187729 0.9166666666666666 488
1737429188047 0.925 489
1737429188366 0.8 490
1737429188682 0.8636363636363636 491
1737429189000 0.9285714285714286 492
1737429189317 0.9310344827586207 493
1737429189634 0.9444444444444444 494
1737429189951 0.92 495
1737429190266 0.8529411764705882 496
1737429190582 0.875 497
1737429190899 0.9375 498
1737429191218 0.6410256410256411 499
1737429191536 0.8333333333333334 500
1737429191852 0.6774193548387096 501
1737429192171 0.8214285714285714 502
1737429192488 0.7428571428571429 503
1737429192806 0.9032258064516129 504
1737429193124 0.8 505
1737429193441 0.875 506
1737429193759 0.9615384615384616 507
1737429194074 0.8928571428571429 508
1737429194392 0.9285714285714286 509
1737429194710 0.896551724137931 510
1737429195028 0.8620689655172413 511
1737429195346 0.76 512
1737429195661 0.8 513
1737429195978 0.9565217391304348 514
1737429196294 0.8157894736842105 515
1737429196615 0.75 516
1737429196930 0.8387096774193549 517
1737429197246 0.7619047619047619 518
1737429197564 0.8666666666666667 519
1737429197881 0.78125 520
1737429198198 0.875 521
1737429198516 0.9285714285714286 522
1737429198834 0.7777777777777778 523
1737429199151 0.7857142857142857 524
1737429199471 0.8620689655172413 525
1737429199789 0.90625 526
1737429200108 0.9333333333333333 527
1737429200424 0.8857142857142857 528
1737429200744 0.96 529
1737429201061 0.7777777777777778 530
1737429201380 0.8 531
1737429201699 0.7741935483870968 532
1737429202019 0.9117647058823529 533
1737429202337 0.9310344827586207 534
1737429202656 0.9705882352941176 535
1737429202974 0.9666666666666667 536
1737429203292 0.9411764705882353 537
1737429203610 0.84 538
1737429203926 0.875 539
1737429204244 0.8235294117647058 540
1737429204561 0.9130434782608695 541
1737429204878 0.8974358974358975 542
1737429205195 0.9 543
1737429205513 0.8285714285714286 544
1737429205830 0.896551724137931 545
1737429206149 0.9393939393939394 546
1737429206467 0.85 547
1737429206782 0.8648648648648649 548
1737429207102 0.9375 549
1737429207419 0.9285714285714286 550
1737429207738 0.9375 551
1737429208054 0.8709677419354839 552
1737429208368 0.8888888888888888 553
1737429208685 0.7837837837837838 554
1737429209003 0.8857142857142857 555
1737429209325 0.9117647058823529 556
1737429209641 0.9090909090909091 557
1737429209958 0.8620689655172413 558
1737429210278 0.875 559
1737429210593 0.8478260869565217 560
1737429210910 0.8571428571428571 561
1737429211229 0.92 562
1737429211544 0.7307692307692307 563
1737429211863 0.9714285714285714 564
1737429212180 0.9285714285714286 565
1737429212497 0.8285714285714286 566
1737429212814 0.8571428571428571 567
1737429213133 0.9166666666666666 568
1737429213450 0.88 569
1737429213768 0.7857142857142857 570
1737429214086 0.9 571
1737429214405 0.875 572
1737429214722 0.78125 573
1737429215041 0.75 574
1737429215359 0.7941176470588235 575
1737429215677 0.8529411764705882 576
1737429215997 0.8275862068965517 577
1737429216315 0.9 578
1737429216631 0.9655172413793104 579
1737429216947 0.8571428571428571 580
1737429217266 0.9411764705882353 581
1737429217584 0.9142857142857143 582
1737429217902 0.90625 583
1737429218219 0.8484848484848485 584
1737429218537 0.8275862068965517 585
1737429218858 0.9375 586
1737429219177 0.9714285714285714 587
1737429219494 0.9333333333333333 588
1737429219812 0.9130434782608695 589
1737429220129 0.8709677419354839 590
1737429220447 0.7 591
1737429220764 0.7931034482758621 592
1737429221082 0.8076923076923077 593
1737429221400 0.8285714285714286 594
1737429221717 0.9210526315789473 595
1737429222034 0.8823529411764706 596
1737429222350 0.7741935483870968 597
1737429222671 0.8666666666666667 598
1737429222991 0.896551724137931 599
1737429223308 0.9 600
1737429223626 0.9310344827586207 601
1737429223944 0.8260869565217391 602
1737429224262 0.8333333333333334 603
1737429224580 0.8333333333333334 604
1737429224902 0.7586206896551724 605
1737429225218 0.8888888888888888 606
1737429225536 0.7586206896551724 607
1737429225854 0.7241379310344828 608
1737429226173 0.71875 609
1737429226492 0.8857142857142857 610
1737429226810 0.90625 611
1737429227127 0.9 612
1737429227445 0.8666666666666667 613
1737429227762 0.9032258064516129 614
1737429228079 0.9032258064516129 615
1737429228399 0.7931034482758621 616
1737429228716 0.8275862068965517 617
1737429229033 0.9 618
1737429229353 0.9354838709677419 619
1737429229674 0.7777777777777778 620
1737429229991 0.8571428571428571 621
1737429230307 0.6 622
1737429230623 0.7666666666666667 623
1737429230942 0.782608695652174 624
1737429231259 0.9117647058823529 625
1737429231584 0.7741935483870968 626
1737429231904 0.7619047619047619 627
1737429232219 0.9 628
1737429232537 0.7894736842105263 629
1737429232855 0.8666666666666667 630
1737429233173 0.9545454545454546 631
1737429233490 0.84 632
1737429233807 0.9259259259259259 633
1737429234123 0.8709677419354839 634
1737429234443 0.8888888888888888 635
1737429234759 0.7272727272727273 636
1737429235077 0.967741935483871 637
1737429235394 0.8333333333333334 638
1737429235710 0.8947368421052632 639
1737429236030 0.967741935483871 640
1737429236350 0.8846153846153846 641
1737429236669 1.0 642
1737429236988 0.8484848484848485 643
1737429237306 0.8333333333333334 644
1737429237625 0.9285714285714286 645
1737429237942 0.8387096774193549 646
1737429238262 0.9523809523809523 647
1737429238580 0.7941176470588235 648
1737429238897 0.8181818181818182 649
1737429239217 0.7727272727272727 650
1737429239532 0.8181818181818182 651
1737429239849 0.875 652
1737429240167 0.8108108108108109 653
1737429240485 0.9629629629629629 654
1737429240804 0.9285714285714286 655
1737429241122 0.8387096774193549 656
1737429241440 0.8611111111111112 657
1737429241758 0.8275862068965517 658
1737429242076 0.78125 659
1737429242393 0.75 660
1737429242710 0.7647058823529411 661
1737429243028 0.8076923076923077 662
1737429243345 0.8888888888888888 663
1737429243663 0.8260869565217391 664
1737429243984 0.8148148148148148 665
1737429244301 0.8260869565217391 666
1737429244617 0.9142857142857143 667
1737429244935 0.84375 668
1737429245251 0.9411764705882353 669
1737429245569 0.9310344827586207 670
1737429245888 0.90625 671
1737429246204 0.8518518518518519 672
1737429246524 0.9459459459459459 673
1737429246842 0.9285714285714286 674
1737429247159 0.8 675
1737429247475 0.8666666666666667 676
1737429247793 0.967741935483871 677
1737429248113 0.9333333333333333 678
1737429248433 0.7037037037037037 679
1737429248750 0.8620689655172413 680
1737429249067 0.75 681
1737429249387 0.90625 682
1737429249703 0.875 683
1737429250020 0.967741935483871 684
1737429250337 0.88 685
1737429250656 0.8928571428571429 686
1737429250975 0.9696969696969697 687
1737429251294 0.8823529411764706 688
1737429251613 0.8695652173913043 689
1737429251931 0.8846153846153846 690
1737429252246 0.8214285714285714 691
1737429252564 0.9166666666666666 692
1737429252883 0.7941176470588235 693
1737429253199 0.8571428571428571 694
1737429253514 0.6071428571428571 695
1737429253835 0.8275862068965517 696
1737429254154 0.9166666666666666 697
1737429254472 0.8620689655172413 698
1737429254789 0.9259259259259259 699
1737429255107 0.8787878787878788 700
1737429255426 0.8484848484848485 701
1737429255744 0.7692307692307693 702
1737429256063 0.875 703
1737429256383 0.9032258064516129 704
1737429256700 0.8611111111111112 705
1737429257020 0.9666666666666667 706
1737429257335 0.8484848484848485 707
1737429257653 0.8857142857142857 708
1737429257971 0.9259259259259259 709
1737429258288 0.9666666666666667 710
1737429258605 0.8666666666666667 711
1737429258923 0.8928571428571429 712
1737429259241 0.9259259259259259 713
1737429259561 0.9523809523809523 714
1737429259878 0.84375 715
1737429260198 0.9259259259259259 716
1737429260517 0.7428571428571429 717
1737429260834 0.8461538461538461 718
1737429261154 0.7931034482758621 719
1737429261471 0.8 720
1737429261789 0.7666666666666667 721
1737429262107 0.8461538461538461 722
1737429262425 0.7777777777777778 723
1737429262741 0.8076923076923077 724
1737429263068 0.8518518518518519 725
1737429263395 0.9090909090909091 726
1737429263714 0.918918918918919 727
1737429264030 0.9666666666666667 728
1737429264349 0.9142857142857143 729
1737429264667 0.9310344827586207 730
1737429264986 0.8846153846153846 731
1737429265305 0.8 732
1737429265621 0.8648648648648649 733
1737429265937 0.6956521739130435 734
1737429266256 0.8076923076923077 735
1737429266573 0.8484848484848485 736
1737429266891 0.8857142857142857 737
1737429267210 0.9523809523809523 738
1737429267528 0.8333333333333334 739
1737429267845 0.9459459459459459 740
1737429268162 0.9333333333333333 741
1737429268479 0.7931034482758621 742
1737429268797 0.8620689655172413 743
1737429269117 0.7931034482758621 744
1737429269434 0.9230769230769231 745
1737429269754 0.9090909090909091 746
1737429270072 0.9411764705882353 747
1737429270391 0.85 748
1737429270709 0.8125 749
1737429271026 0.9333333333333333 750
1737429271346 0.9090909090909091 751
1737429271663 0.7428571428571429 752
1737429271980 0.8787878787878788 753
1737429272299 0.84375 754
1737429272617 0.7777777777777778 755
1737429272935 0.7777777777777778 756
1737429273254 0.8823529411764706 757
1737429273572 0.896551724137931 758
1737429273890 0.8636363636363636 759
1737429274209 0.9722222222222222 760
1737429274527 0.72 761
1737429274845 0.918918918918919 762
1737429275164 0.9354838709677419 763
1737429275482 0.9666666666666667 764
1737429275804 0.9333333333333333 765
1737429276122 0.9090909090909091 766
1737429276441 0.8 767
1737429276759 0.8387096774193549 768
1737429277079 0.9655172413793104 769
1737429277397 0.84375 770
1737429277717 0.7037037037037037 771
1737429278035 0.7916666666666666 772
1737429278354 0.8214285714285714 773
1737429278672 0.7647058823529411 774
1737429278990 0.84375 775
1737429279308 0.8666666666666667 776
1737429279626 0.9142857142857143 777
1737429279945 0.8571428571428571 778
1737429280261 0.9642857142857143 779
1737429280580 0.7894736842105263 780
1737429280898 0.896551724137931 781
1737429281216 0.9142857142857143 782
1737429281534 0.9166666666666666 783
1737429281853 0.9117647058823529 784
1737429282170 0.9333333333333333 785
1737429282488 0.8974358974358975 786
1737429282806 0.72 787
1737429283126 0.967741935483871 788
1737429283444 0.7241379310344828 789
1737429283761 0.7575757575757576 790
1737429284080 0.7333333333333333 791
1737429284397 0.8709677419354839 792
1737429284713 0.8636363636363636 793
1737429285030 0.9032258064516129 794
1737429285348 0.9642857142857143 795
1737429285665 0.8947368421052632 796
1737429285984 0.8333333333333334 797
1737429286300 0.88 798
1737429286618 0.896551724137931 799
1737429286935 0.8148148148148148 800
1737429287261 0.9166666666666666 801
1737429287580 0.8064516129032258 802
1737429287897 0.8648648648648649 803
1737429288216 0.8857142857142857 804
1737429288535 0.9333333333333333 805
1737429288852 0.9629629629629629 806
1737429289168 0.8387096774193549 807
1737429289487 0.8666666666666667 808
1737429289806 0.9354838709677419 809
1737429290124 0.8571428571428571 810
1737429290442 0.7878787878787878 811
1737429290758 0.8888888888888888 812
1737429291077 0.8648648648648649 813
1737429291396 0.76 814
1737429291726 0.88 815
1737429292045 0.9166666666666666 816
1737429292369 0.8571428571428571 817
1737429292687 0.8235294117647058 818
1737429293007 0.9523809523809523 819
1737429293324 0.8333333333333334 820
1737429293642 0.8947368421052632 821
1737429293964 0.8064516129032258 822
1737429294283 0.8260869565217391 823
1737429294603 0.8 824
1737429294920 0.9130434782608695 825
1737429295239 0.8125 826
1737429295557 0.8709677419354839 827
1737429295873 0.9696969696969697 828
1737429296191 0.8518518518518519 829
1737429296508 0.8846153846153846 830
1737429296827 0.9545454545454546 831
1737429297147 0.8076923076923077 832
1737429297466 0.7777777777777778 833
1737429297784 0.7567567567567568 834
1737429298102 0.967741935483871 835
1737429298419 0.9210526315789473 836
1737429298739 0.9642857142857143 837
1737429299057 0.9375 838
1737429299373 0.8125 839
1737429299690 0.8148148148148148 840
1737429300013 0.8148148148148148 841
1737429300332 0.8928571428571429 842
1737429300648 0.9117647058823529 843
1737429300968 0.8214285714285714 844
1737429301286 0.8928571428571429 845
1737429301606 0.7878787878787878 846
1737429301924 0.6666666666666666 847
1737429302242 0.868421052631579 848
1737429302560 0.7931034482758621 849
1737429302877 0.8666666666666667 850
1737429303197 0.7692307692307693 851
1737429303513 0.9523809523809523 852
1737429303831 0.7586206896551724 853
1737429304147 0.7804878048780488 854
1737429304463 0.8064516129032258 855
1737429304780 0.8125 856
1737429305099 0.8148148148148148 857
1737429305419 0.84375 858
1737429305738 0.8571428571428571 859
1737429306056 0.7741935483870968 860
1737429306374 0.9259259259259259 861
1737429306588 1.0 862
1737429324084 0.8888888888888888 863
1737429324404 0.8620689655172413 864
1737429324721 0.868421052631579 865
1737429325038 0.8611111111111112 866
1737429325355 0.90625 867
1737429325672 0.8620689655172413 868
1737429325990 0.78125 869
1737429326305 0.9714285714285714 870
1737429326622 0.8888888888888888 871
1737429326939 0.9230769230769231 872
1737429327259 0.7894736842105263 873
1737429327576 0.8387096774193549 874
1737429327895 0.9230769230769231 875
1737429328211 0.9142857142857143 876
1737429328528 0.9166666666666666 877
1737429328843 0.9047619047619048 878
1737429329158 0.9583333333333334 879
1737429329475 0.9428571428571428 880
1737429329793 1.0 881
1737429330109 0.8378378378378378 882
1737429330427 0.896551724137931 883
1737429330744 1.0 884
1737429331062 0.7272727272727273 885
1737429331380 0.7428571428571429 886
1737429331698 0.78125 887
1737429332017 0.71875 888
1737429332336 0.8484848484848485 889
1737429332653 0.7631578947368421 890
1737429332971 0.9318181818181818 891
1737429333288 1.0 892
1737429333605 0.9375 893
1737429333923 0.8709677419354839 894
1737429334241 0.967741935483871 895
1737429334560 0.896551724137931 896
1737429334879 0.896551724137931 897
1737429335196 0.9032258064516129 898
1737429335516 0.6388888888888888 899
1737429335833 0.7297297297297297 900
1737429336149 0.7916666666666666 901
1737429336466 0.7096774193548387 902
1737429336785 0.9090909090909091 903
1737429337104 0.9459459459459459 904
1737429337420 0.7741935483870968 905
1737429337738 0.9444444444444444 906
1737429338058 0.7894736842105263 907
1737429338375 0.7647058823529411 908
1737429338692 0.7931034482758621 909
1737429339008 0.9714285714285714 910
1737429339326 0.9642857142857143 911
1737429339645 0.9032258064516129 912
1737429339961 0.875 913
1737429340279 0.8518518518518519 914
1737429340596 0.9310344827586207 915
1737429340914 0.9333333333333333 916
1737429341232 0.8823529411764706 917
1737429341550 0.8846153846153846 918
1737429341867 0.9117647058823529 919
1737429342188 0.8823529411764706 920
1737429342510 0.9130434782608695 921
1737429342828 0.8918918918918919 922
1737429343148 0.9259259259259259 923
1737429343463 0.9459459459459459 924
1737429343781 0.8518518518518519 925
1737429344100 0.9117647058823529 926
1737429344418 0.84 927
1737429344734 0.7857142857142857 928
1737429345053 0.918918918918919 929
1737429345374 0.8620689655172413 930
1737429345694 0.896551724137931 931
1737429346009 0.967741935483871 932
1737429346325 0.8484848484848485 933
1737429346645 0.7941176470588235 934
1737429346963 0.9615384615384616 935
1737429347279 0.7741935483870968 936
1737429347598 0.8048780487804879 937
1737429347915 0.9117647058823529 938
1737429348234 0.8571428571428571 939
1737429348553 0.84 940
1737429348870 0.8787878787878788 941
1737429349189 0.9615384615384616 942
1737429349507 0.8181818181818182 943
1737429349826 0.8461538461538461 944
1737429350142 0.8928571428571429 945
1737429350461 0.8518518518518519 946
1737429350777 0.9714285714285714 947
1737429351102 0.8571428571428571 948
1737429351434 0.925 949
1737429351757 0.896551724137931 950
1737429352075 0.7857142857142857 951
1737429352394 1.0 952
1737429352713 0.7941176470588235 953
1737429353031 0.8571428571428571 954
1737429353346 0.8846153846153846 955
1737429353664 0.7777777777777778 956
1737429353981 0.8064516129032258 957
1737429354296 0.9310344827586207 958
1737429354618 0.8823529411764706 959
1737429354936 0.8235294117647058 960
1737429355254 0.8064516129032258 961
1737429355569 0.8823529411764706 962
1737429355886 0.9117647058823529 963
1737429356203 0.8823529411764706 964
1737429356523 0.9210526315789473 965
1737429356843 0.8387096774193549 966
1737429357157 0.9354838709677419 967
1737429357474 0.9354838709677419 968
1737429357793 0.8846153846153846 969
1737429358113 0.9523809523809523 970
1737429358431 0.96875 971
1737429358749 0.875 972
1737429359066 0.8421052631578947 973
1737429359384 0.7714285714285715 974
1737429359701 0.9032258064516129 975
1737429360022 0.8333333333333334 976
1737429360341 0.7333333333333333 977
1737429360658 0.7333333333333333 978
1737429360975 0.7837837837837838 979
1737429361293 0.8461538461538461 980
1737429361610 0.8888888888888888 981
1737429361930 0.8 982
1737429362247 0.8846153846153846 983
1737429362562 0.9375 984
1737429362878 0.9642857142857143 985
1737429363196 0.8095238095238095 986
1737429363514 0.8823529411764706 987
1737429363833 0.9 988
1737429364153 0.8275862068965517 989
1737429364470 0.7419354838709677 990
1737429364788 0.7878787878787878 991
1737429365105 0.8461538461538461 992
1737429365422 0.8648648648648649 993
1737429365742 0.8648648648648649 994
1737429366058 0.9032258064516129 995
1737429366377 1.0 996
1737429366694 0.9210526315789473 997
1737429367011 0.90625 998
1737429367328 0.8918918918918919 999
1737429367646 0.8857142857142857 1000
1737429367966 0.9705882352941176 1001
1737429368283 0.9310344827586207 1002
1737429368601 0.967741935483871 1003
1737429368921 0.90625 1004
1737429369242 0.8918918918918919 1005
1737429369558 0.8823529411764706 1006
1737429369876 0.9166666666666666 1007
1737429370195 0.967741935483871 1008
1737429370513 0.8857142857142857 1009
1737429370830 0.7666666666666667 1010
1737429371148 0.9714285714285714 1011
1737429371464 0.8666666666666667 1012
1737429371784 0.92 1013
1737429372101 0.8571428571428571 1014
1737429372417 0.92 1015
1737429372735 0.9705882352941176 1016
1737429373052 1.0 1017
1737429373404 0.9117647058823529 1018
1737429373725 0.8571428571428571 1019
1737429374042 0.8 1020
1737429374361 0.90625 1021
1737429374678 0.6785714285714286 1022
1737429374997 0.875 1023
1737429375314 0.8518518518518519 1024
1737429375634 0.9285714285714286 1025
1737429375950 1.0 1026
1737429376268 0.9 1027
1737429376584 0.9655172413793104 1028
1737429376901 0.9142857142857143 1029
1737429377225 0.9259259259259259 1030
1737429377548 0.9642857142857143 1031
1737429377864 0.9285714285714286 1032
1737429378180 0.92 1033
1737429378501 0.9090909090909091 1034
1737429378817 0.76 1035
1737429379135 0.7435897435897436 1036
1737429379454 0.8 1037
1737429379769 0.9310344827586207 1038
1737429380087 0.85 1039
1737429380406 0.8461538461538461 1040
1737429380725 0.75 1041
1737429381044 0.9166666666666666 1042
1737429381364 0.9166666666666666 1043
1737429381679 0.9090909090909091 1044
1737429382000 0.9 1045
1737429382317 0.875 1046
1737429382635 0.918918918918919 1047
1737429382956 0.9032258064516129 1048
1737429383275 0.9375 1049
1737429383592 0.9090909090909091 1050
1737429383909 0.9393939393939394 1051
1737429384227 0.84 1052
1737429384545 0.9666666666666667 1053
1737429384862 0.8444444444444444 1054
1737429385179 0.9 1055
1737429385496 0.896551724137931 1056
1737429385816 0.8709677419354839 1057
1737429386134 0.9032258064516129 1058
1737429386451 0.9375 1059
1737429386768 0.8888888888888888 1060
1737429387086 0.8333333333333334 1061
1737429387405 0.8636363636363636 1062
1737429387724 0.8620689655172413 1063
1737429388041 1.0 1064
1737429388359 1.0 1065
1737429388688 0.7741935483870968 1066
1737429389019 1.0 1067
1737429389334 0.9705882352941176 1068
1737429389649 0.9333333333333333 1069
1737429389968 0.8285714285714286 1070
1737429390285 0.8787878787878788 1071
1737429390603 0.9375 1072
1737429390919 0.84 1073
1737429391245 0.8648648648648649 1074
1737429391562 0.9615384615384616 1075
1737429391879 0.9130434782608695 1076
1737429392197 0.875 1077
1737429392517 0.875 1078
1737429392836 0.9230769230769231 1079
1737429393153 0.9545454545454546 1080
1737429393470 0.9285714285714286 1081
1737429393788 0.9705882352941176 1082
1737429394105 0.8857142857142857 1083
1737429394423 0.8787878787878788 1084
1737429394741 0.9705882352941176 1085
1737429395059 0.9459459459459459 1086
1737429395378 1.0 1087
1737429395697 0.896551724137931 1088
1737429396015 0.9722222222222222 1089
1737429396331 0.8571428571428571 1090
1737429396649 0.8666666666666667 1091
1737429396969 0.8571428571428571 1092
1737429397291 0.8461538461538461 1093
1737429397610 0.8333333333333334 1094
1737429397928 0.8636363636363636 1095
1737429398246 1.0 1096
1737429398563 0.9411764705882353 1097
1737429398882 0.9642857142857143 1098
1737429399198 0.9565217391304348 1099
1737429399514 0.9629629629629629 1100
1737429399831 0.8333333333333334 1101
1737429400147 0.8787878787878788 1102
1737429400463 0.8823529411764706 1103
1737429400778 0.8823529411764706 1104
1737429401096 1.0 1105
1737429401414 0.9210526315789473 1106
1737429401733 0.8846153846153846 1107
1737429402049 0.75 1108
1737429402365 0.9333333333333333 1109
1737429402683 0.8888888888888888 1110
1737429403001 0.9523809523809523 1111
1737429403318 0.7931034482758621 1112
1737429403638 0.7419354838709677 1113
1737429403957 0.8620689655172413 1114
1737429404274 0.9411764705882353 1115
1737429404592 0.9310344827586207 1116
1737429404907 0.9615384615384616 1117
1737429405226 0.9629629629629629 1118
1737429405544 0.9583333333333334 1119
1737429405863 1.0 1120
1737429406180 0.9117647058823529 1121
1737429406498 0.9024390243902439 1122
1737429406814 1.0 1123
1737429407133 0.9230769230769231 1124
1737429407449 0.9428571428571428 1125
1737429407767 1.0 1126
1737429408086 0.8285714285714286 1127
1737429408404 0.9487179487179487 1128
1737429408721 0.7777777777777778 1129
1737429409042 0.9090909090909091 1130
1737429409373 1.0 1131
1737429409690 0.8857142857142857 1132
1737429410008 0.8928571428571429 1133
1737429410325 0.8620689655172413 1134
1737429410643 0.972972972972973 1135
1737429410961 0.9411764705882353 1136
1737429411280 0.9166666666666666 1137
1737429411599 0.92 1138
1737429411921 0.8571428571428571 1139
1737429412236 0.9333333333333333 1140
1737429412556 0.9696969696969697 1141
1737429412874 0.8 1142
1737429413191 0.92 1143
1737429413507 0.9069767441860465 1144
1737429413827 0.9310344827586207 1145
1737429414144 0.8125 1146
1737429414461 0.8571428571428571 1147
1737429414780 0.7948717948717948 1148
1737429415096 0.9615384615384616 1149
1737429415415 1.0 1150
1737429415739 0.8518518518518519 1151
1737429416058 0.9666666666666667 1152
1737429416377 0.9310344827586207 1153
1737429416695 0.9090909090909091 1154
1737429417012 0.9259259259259259 1155
1737429417330 0.7931034482758621 1156
1737429417648 0.8787878787878788 1157
1737429417967 0.9230769230769231 1158
1737429418285 0.9117647058823529 1159
1737429418604 0.8888888888888888 1160
1737429418923 0.8571428571428571 1161
1737429419243 0.9142857142857143 1162
1737429419561 0.9 1163
1737429419878 0.9565217391304348 1164
1737429420198 0.9117647058823529 1165
1737429420530 0.875 1166
1737429420858 0.7837837837837838 1167
1737429421177 0.8857142857142857 1168
1737429421493 0.8947368421052632 1169
1737429421811 0.967741935483871 1170
1737429422128 0.972972972972973 1171
1737429422446 0.9354838709677419 1172
1737429422767 0.9655172413793104 1173
1737429423092 0.875 1174
1737429423410 0.9117647058823529 1175
1737429423730 0.9666666666666667 1176
1737429424048 0.8787878787878788 1177
1737429424365 0.8 1178
1737429424685 0.9705882352941176 1179
1737429425004 0.782608695652174 1180
1737429425324 0.9696969696969697 1181
1737429425644 0.8333333333333334 1182
1737429425962 0.8571428571428571 1183
1737429426281 0.9666666666666667 1184
1737429426598 0.9285714285714286 1185
1737429426918 0.9032258064516129 1186
1737429427236 0.8461538461538461 1187
1737429427555 1.0 1188
1737429427876 0.8611111111111112 1189
1737429428194 0.9310344827586207 1190
1737429428511 0.8387096774193549 1191
1737429428830 0.875 1192
1737429429149 0.8125 1193
1737429429466 0.896551724137931 1194
1737429429784 0.9459459459459459 1195
1737429430102 0.8571428571428571 1196
1737429430421 0.9545454545454546 1197
1737429430739 0.8 1198
1737429431056 0.9354838709677419 1199
1737429431374 0.9 1200
1737429431691 0.9722222222222222 1201
1737429432009 0.9230769230769231 1202
1737429432330 0.9487179487179487 1203
1737429432647 0.9565217391304348 1204
1737429432966 0.8928571428571429 1205
1737429433285 0.7714285714285715 1206
1737429433603 0.7575757575757576 1207
1737429433920 0.875 1208
1737429434238 1.0 1209
1737429434558 0.918918918918919 1210
1737429434877 0.8214285714285714 1211
1737429435195 0.9285714285714286 1212
1737429435514 0.9 1213
1737429435832 0.88 1214
1737429436151 0.9714285714285714 1215
1737429436469 0.9411764705882353 1216
1737429436786 0.9428571428571428 1217
1737429437105 0.9166666666666666 1218
1737429437426 0.9705882352941176 1219
1737429437744 0.9666666666666667 1220
1737429438063 0.8974358974358975 1221
1737429438383 1.0 1222
1737429438700 0.8888888888888888 1223
1737429439020 0.8 1224
1737429439337 1.0 1225
1737429439654 0.8928571428571429 1226
1737429439971 0.9166666666666666 1227
1737429440288 0.875 1228
1737429440605 0.8857142857142857 1229
1737429440923 0.9032258064516129 1230
1737429441242 0.8275862068965517 1231
1737429441561 0.8387096774193549 1232
1737429441879 0.8888888888888888 1233
1737429442197 0.9354838709677419 1234
1737429442513 0.9032258064516129 1235
1737429442831 0.9393939393939394 1236
1737429443149 0.8620689655172413 1237
1737429443469 0.8857142857142857 1238
1737429443785 0.8 1239
1737429444102 0.8285714285714286 1240
1737429444421 0.9354838709677419 1241
1737429444739 0.8518518518518519 1242
1737429445055 0.967741935483871 1243
1737429445375 0.9411764705882353 1244
1737429445692 0.9130434782608695 1245
1737429446014 0.9090909090909091 1246
1737429446331 0.8333333333333334 1247
1737429446649 0.918918918918919 1248
1737429446968 0.9666666666666667 1249
1737429447289 0.96875 1250
1737429447605 0.9705882352941176 1251
1737429447923 0.8928571428571429 1252
1737429448240 0.7741935483870968 1253
1737429448559 0.85 1254
1737429448877 0.9666666666666667 1255
1737429449193 0.8484848484848485 1256
1737429449511 0.896551724137931 1257
1737429449829 1.0 1258
1737429450148 0.9629629629629629 1259
1737429450466 1.0 1260
1737429450782 0.8846153846153846 1261
1737429451100 0.868421052631579 1262
1737429451417 0.9166666666666666 1263
1737429451736 0.9545454545454546 1264
1737429452053 0.9714285714285714 1265
1737429452372 0.8787878787878788 1266
1737429452693 0.8529411764705882 1267
1737429453011 0.8709677419354839 1268
1737429453328 0.8076923076923077 1269
1737429453646 0.7142857142857143 1270
1737429453965 0.9714285714285714 1271
1737429454282 0.9642857142857143 1272
1737429454601 0.9642857142857143 1273
1737429454919 0.9375 1274
1737429455237 1.0 1275
1737429455556 0.9714285714285714 1276
1737429455875 1.0 1277
1737429456191 0.9117647058823529 1278
1737429456511 0.9428571428571428 1279
1737429456828 0.8928571428571429 1280
1737429457147 0.9696969696969697 1281
1737429457467 0.9 1282
1737429457784 0.9090909090909091 1283
1737429458103 0.8529411764705882 1284
1737429458419 0.8787878787878788 1285
1737429458737 0.8888888888888888 1286
1737429459056 0.9090909090909091 1287
1737429459376 0.8 1288
1737429459693 0.8529411764705882 1289
1737429460014 0.96 1290
1737429460331 0.9285714285714286 1291
1737429460649 1.0 1292
1737429460970 0.8928571428571429 1293
1737429461288 0.92 1294
1737429461608 0.8518518518518519 1295
1737429461924 0.9393939393939394 1296
1737429462242 0.9655172413793104 1297
1737429462560 0.926829268292683 1298
1737429462880 0.9285714285714286 1299
1737429463197 0.9523809523809523 1300
1737429463515 0.9285714285714286 1301
1737429463834 0.9714285714285714 1302
1737429464155 0.8888888888888888 1303
1737429464473 0.7575757575757576 1304
1737429464793 0.967741935483871 1305
1737429465110 0.896551724137931 1306
1737429465428 0.8666666666666667 1307
1737429465746 0.7878787878787878 1308
1737429466063 0.8148148148148148 1309
1737429466380 0.918918918918919 1310
1737429466699 0.9047619047619048 1311
1737429467018 0.9310344827586207 1312
1737429467337 0.8333333333333334 1313
1737429467655 0.9354838709677419 1314
1737429467972 0.8888888888888888 1315
1737429468292 0.8974358974358975 1316
1737429468610 0.967741935483871 1317
1737429468927 0.9642857142857143 1318
1737429469244 0.9705882352941176 1319
1737429469562 0.9032258064516129 1320
1737429469880 0.875 1321
1737429470201 0.967741935483871 1322
1737429470518 0.9047619047619048 1323
1737429470837 0.8076923076923077 1324
1737429471156 0.88 1325
1737429471476 0.8709677419354839 1326
1737429471798 0.95 1327
1737429472117 0.8888888888888888 1328
1737429472433 0.9230769230769231 1329
1737429472752 0.8787878787878788 1330
1737429473068 0.8918918918918919 1331
1737429473386 0.8809523809523809 1332
1737429473705 0.8461538461538461 1333
1737429474024 0.9666666666666667 1334
1737429474342 0.8947368421052632 1335
1737429474658 0.9285714285714286 1336
1737429474976 0.9714285714285714 1337
1737429475296 0.9117647058823529 1338
1737429475614 0.9629629629629629 1339
1737429475931 0.8095238095238095 1340
1737429476249 0.9 1341
1737429476566 1.0 1342
1737429476883 0.9354838709677419 1343
1737429477202 0.8695652173913043 1344
1737429477519 0.9032258064516129 1345
1737429477836 0.8333333333333334 1346
1737429478155 0.8918918918918919 1347
1737429478472 0.6896551724137931 1348
1737429478791 0.7777777777777778 1349
1737429479109 0.8333333333333334 1350
1737429479426 0.925 1351
1737429479745 0.9 1352
1737429480062 0.8636363636363636 1353
1737429480379 0.9285714285714286 1354
1737429480696 0.9310344827586207 1355
1737429481013 0.9722222222222222 1356
1737429481332 1.0 1357
1737429481652 0.9705882352941176 1358
1737429481970 0.8333333333333334 1359
1737429482289 0.9375 1360
1737429482610 0.7435897435897436 1361
1737429482928 0.9444444444444444 1362
1737429483246 0.7741935483870968 1363
1737429483565 0.8928571428571429 1364
1737429483884 0.8571428571428571 1365
1737429484204 0.9354838709677419 1366
1737429484524 0.8285714285714286 1367
1737429484844 0.78125 1368
1737429485162 0.8846153846153846 1369
1737429485481 0.9285714285714286 1370
1737429485797 0.8928571428571429 1371
1737429486117 0.9655172413793104 1372
1737429486437 0.9655172413793104 1373
1737429486758 0.96 1374
1737429487076 0.9428571428571428 1375
1737429487392 0.9565217391304348 1376
1737429487712 0.9736842105263158 1377
1737429488032 0.9285714285714286 1378
1737429488351 0.8709677419354839 1379
1737429488667 0.8095238095238095 1380
1737429488986 0.9333333333333333 1381
1737429489305 0.78125 1382
1737429489622 0.875 1383
1737429489940 0.9642857142857143 1384
1737429490257 0.8888888888888888 1385
1737429490574 0.8928571428571429 1386
1737429490893 0.9310344827586207 1387
1737429491212 1.0 1388
1737429491530 1.0 1389
1737429491848 0.9142857142857143 1390
1737429492168 0.88 1391
1737429492487 0.9629629629629629 1392
1737429492804 0.9714285714285714 1393
1737429493124 0.967741935483871 1394
1737429493443 0.9117647058823529 1395
1737429493762 0.9655172413793104 1396
1737429494080 0.9705882352941176 1397
1737429494399 0.8666666666666667 1398
1737429494718 0.8823529411764706 1399
1737429495034 0.92 1400
1737429495354 0.9166666666666666 1401
1737429495671 0.8823529411764706 1402
1737429495990 0.9565217391304348 1403
1737429496309 0.9230769230769231 1404
1737429496627 0.9 1405
1737429496944 0.8857142857142857 1406
1737429497266 0.9655172413793104 1407
1737429497584 0.9696969696969697 1408
1737429497901 0.85 1409
1737429498220 0.8918918918918919 1410
1737429498540 0.90625 1411
1737429498859 0.9285714285714286 1412
1737429499178 0.9375 1413
1737429499498 0.9354838709677419 1414
1737429499816 0.9333333333333333 1415
1737429500135 0.8918918918918919 1416
1737429500456 0.9142857142857143 1417
1737429500773 0.9117647058823529 1418
1737429501091 0.9090909090909091 1419
1737429501408 0.896551724137931 1420
1737429501726 0.96875 1421
1737429502044 0.8695652173913043 1422
1737429502363 0.8095238095238095 1423
1737429502682 0.96 1424
1737429503003 0.8461538461538461 1425
1737429503322 0.9428571428571428 1426
1737429503639 0.9285714285714286 1427
1737429503957 0.8285714285714286 1428
1737429504274 0.9142857142857143 1429
1737429504591 0.9166666666666666 1430
1737429504910 0.96 1431
1737429505228 0.8571428571428571 1432
1737429505544 0.9666666666666667 1433
1737429505863 0.875 1434
1737429506181 0.90625 1435
1737429506502 0.8571428571428571 1436
1737429506818 0.7352941176470589 1437
1737429507136 0.9411764705882353 1438
1737429507456 0.7931034482758621 1439
1737429507775 0.9333333333333333 1440
1737429508094 0.9655172413793104 1441
1737429508410 0.8214285714285714 1442
1737429508726 0.9411764705882353 1443
1737429509043 0.8571428571428571 1444
1737429509366 0.96875 1445
1737429509680 0.9090909090909091 1446
1737429510000 0.9310344827586207 1447
1737429510317 0.96875 1448
1737429510636 0.9714285714285714 1449
1737429510954 1.0 1450
1737429511273 1.0 1451
1737429511591 0.9354838709677419 1452
1737429511909 0.85 1453
1737429512227 0.9310344827586207 1454
1737429512546 0.8461538461538461 1455
1737429512862 0.8857142857142857 1456
1737429513179 0.868421052631579 1457
1737429513498 0.8529411764705882 1458
1737429513816 0.7096774193548387 1459
1737429514133 0.9333333333333333 1460
1737429514451 0.8620689655172413 1461
1737429514767 0.9333333333333333 1462
1737429515085 0.9655172413793104 1463
1737429515402 0.8695652173913043 1464
1737429515721 0.9583333333333334 1465
1737429516037 0.9444444444444444 1466
1737429516357 0.896551724137931 1467
1737429516674 0.9722222222222222 1468
1737429516992 0.9655172413793104 1469
1737429517309 0.9310344827586207 1470
1737429517626 0.84375 1471
1737429517943 0.9428571428571428 1472
1737429518261 0.90625 1473
1737429518579 0.8 1474
1737429518898 0.8333333333333334 1475
1737429519218 0.8387096774193549 1476
1737429519533 0.8064516129032258 1477
1737429519853 0.7931034482758621 1478
1737429520174 0.896551724137931 1479
1737429520492 0.9333333333333333 1480
1737429520809 0.967741935483871 1481
1737429521128 0.9259259259259259 1482
1737429521445 0.9642857142857143 1483
1737429521764 0.85 1484
1737429522082 0.8333333333333334 1485
1737429522401 0.9130434782608695 1486
1737429522717 0.9117647058823529 1487
1737429523035 0.9354838709677419 1488
1737429523353 0.9047619047619048 1489
1737429523670 0.9666666666666667 1490
1737429523987 0.7894736842105263 1491
1737429524305 0.8 1492
1737429524622 0.8636363636363636 1493
1737429524939 0.88 1494
1737429525258 0.8888888888888888 1495
1737429525576 0.8387096774193549 1496
1737429525896 0.8518518518518519 1497
1737429526215 0.9090909090909091 1498
1737429526532 0.967741935483871 1499
1737429526850 0.9333333333333333 1500
1737429527168 0.9473684210526315 1501
1737429527489 1.0 1502
1737429527805 0.9615384615384616 1503
1737429528123 1.0 1504
1737429528442 0.9090909090909091 1505
1737429528762 0.9333333333333333 1506
1737429529080 0.9523809523809523 1507
1737429529398 0.8709677419354839 1508
1737429529717 1.0 1509
1737429530034 0.8529411764705882 1510
1737429530352 0.8484848484848485 1511
1737429530670 0.7727272727272727 1512
1737429530988 0.8787878787878788 1513
1737429531309 0.9166666666666666 1514
1737429531628 0.8378378378378378 1515
1737429531949 0.9259259259259259 1516
1737429532266 0.8571428571428571 1517
1737429532583 0.8709677419354839 1518
1737429532902 0.9722222222222222 1519
1737429533221 0.9310344827586207 1520
1737429533539 0.9375 1521
1737429533855 0.9166666666666666 1522
1737429534174 0.8823529411764706 1523
1737429534492 0.9615384615384616 1524
1737429534809 1.0 1525
1737429535127 0.9130434782608695 1526
1737429535444 0.9259259259259259 1527
1737429535762 0.8478260869565217 1528
1737429536081 0.9142857142857143 1529
1737429536398 0.8125 1530
1737429536716 0.7058823529411765 1531
1737429537034 0.896551724137931 1532
1737429537353 0.84375 1533
1737429537671 0.9259259259259259 1534
1737429537990 0.8918918918918919 1535
1737429538309 1.0 1536
1737429538628 0.9666666666666667 1537
1737429538946 1.0 1538
1737429539263 1.0 1539
1737429539581 1.0 1540
1737429539901 0.7407407407407407 1541
1737429540219 0.9655172413793104 1542
1737429540538 0.9166666666666666 1543
1737429540856 0.90625 1544
1737429541172 0.8125 1545
1737429541492 0.8709677419354839 1546
1737429541811 0.84 1547
1737429542128 0.8571428571428571 1548
1737429542448 0.9696969696969697 1549
1737429542766 0.9117647058823529 1550
1737429543085 0.9565217391304348 1551
1737429543402 0.9230769230769231 1552
1737429543722 0.8928571428571429 1553
1737429544041 0.9583333333333334 1554
1737429544359 0.9705882352941176 1555
1737429544678 0.9642857142857143 1556
1737429544998 0.8214285714285714 1557
1737429545316 0.8620689655172413 1558
1737429545635 0.9583333333333334 1559
1737429545952 0.896551724137931 1560
1737429546270 0.9629629629629629 1561
1737429546588 0.8787878787878788 1562
1737429546908 0.8484848484848485 1563
1737429547228 0.7692307692307693 1564
1737429547546 0.875 1565
1737429547865 0.8709677419354839 1566
1737429548185 0.8888888888888888 1567
1737429548503 0.9333333333333333 1568
1737429548821 0.9393939393939394 1569
1737429549137 0.9142857142857143 1570
1737429549454 0.9259259259259259 1571
1737429549771 1.0 1572
1737429550092 0.9666666666666667 1573
1737429550408 0.8928571428571429 1574
1737429550728 0.9629629629629629 1575
1737429551044 0.9047619047619048 1576
1737429551360 0.90625 1577
1737429551680 0.9629629629629629 1578
1737429551998 0.9142857142857143 1579
1737429552318 0.9615384615384616 1580
1737429552634 0.8275862068965517 1581
1737429552952 0.9333333333333333 1582
1737429553269 0.7333333333333333 1583
1737429553588 0.8846153846153846 1584
1737429553906 0.8611111111111112 1585
1737429554224 0.8461538461538461 1586
1737429554542 0.8888888888888888 1587
1737429554860 0.8787878787878788 1588
1737429555180 1.0 1589
1737429555498 0.9666666666666667 1590
1737429555814 0.9714285714285714 1591
1737429556133 0.9310344827586207 1592
1737429556452 0.9230769230769231 1593
1737429556772 0.9142857142857143 1594
1737429557091 0.972972972972973 1595
1737429557407 0.8260869565217391 1596
1737429557727 0.9230769230769231 1597
1737429558045 0.9090909090909091 1598
1737429558364 0.9428571428571428 1599
1737429558680 1.0 1600
1737429558999 0.8888888888888888 1601
1737429559324 0.8648648648648649 1602
1737429559647 0.9 1603
1737429559968 0.7931034482758621 1604
1737429560285 0.8275862068965517 1605
1737429560603 0.7931034482758621 1606
1737429560922 0.8461538461538461 1607
1737429561239 0.9090909090909091 1608
1737429561556 0.9705882352941176 1609
1737429561874 0.9 1610
1737429562192 0.9375 1611
1737429562511 1.0 1612
1737429562830 1.0 1613
1737429563147 0.8857142857142857 1614
1737429563465 0.8484848484848485 1615
1737429563783 0.90625 1616
1737429564102 0.9259259259259259 1617
1737429564422 0.8148148148148148 1618
1737429564741 0.8235294117647058 1619
1737429565060 0.9655172413793104 1620
1737429565379 0.9090909090909091 1621
1737429565696 0.9722222222222222 1622
1737429566014 0.84 1623
1737429566333 0.9459459459459459 1624
1737429566652 0.9354838709677419 1625
1737429566972 0.9333333333333333 1626
1737429567289 1.0 1627
1737429567609 0.9090909090909091 1628
1737429567928 0.9333333333333333 1629
1737429568246 0.8709677419354839 1630
1737429568566 0.9655172413793104 1631
1737429568884 0.9375 1632
1737429569203 0.9259259259259259 1633
1737429569523 0.9166666666666666 1634
1737429569838 0.8214285714285714 1635
1737429570157 0.8529411764705882 1636
1737429570476 0.90625 1637
1737429570797 0.8333333333333334 1638
1737429571117 0.8857142857142857 1639
1737429571436 0.9285714285714286 1640
1737429571755 0.9642857142857143 1641
1737429572076 0.8157894736842105 1642
1737429572395 0.9655172413793104 1643
1737429572711 0.9142857142857143 1644
1737429573030 0.9583333333333334 1645
1737429573349 0.9411764705882353 1646
1737429573669 0.9666666666666667 1647
1737429573988 0.9487179487179487 1648
1737429574304 0.84 1649
1737429574620 0.967741935483871 1650
1737429574938 0.7931034482758621 1651
1737429575256 0.8787878787878788 1652
1737429575575 0.7 1653
1737429575893 0.8387096774193549 1654
1737429576211 0.9545454545454546 1655
1737429576531 0.8709677419354839 1656
1737429576847 0.9642857142857143 1657
1737429577164 0.9473684210526315 1658
1737429577483 0.9583333333333334 1659
1737429577805 0.92 1660
1737429578124 0.896551724137931 1661
1737429578443 0.8888888888888888 1662
1737429578763 0.9444444444444444 1663
1737429579080 0.9032258064516129 1664
1737429579398 0.918918918918919 1665
1737429579714 0.8571428571428571 1666
1737429580032 0.9333333333333333 1667
1737429580350 0.9259259259259259 1668
1737429580672 0.8709677419354839 1669
1737429580991 0.9666666666666667 1670
1737429581309 0.967741935483871 1671
1737429581628 0.9285714285714286 1672
1737429581945 0.8484848484848485 1673
1737429582264 0.9444444444444444 1674
1737429582583 0.9459459459459459 1675
1737429582901 0.88 1676
1737429583219 0.96 1677
1737429583538 0.9166666666666666 1678
1737429583856 1.0 1679
1737429584173 0.8823529411764706 1680
1737429584492 0.8571428571428571 1681
1737429584809 0.8888888888888888 1682
1737429585126 0.9210526315789473 1683
1737429585443 0.8387096774193549 1684
1737429585762 0.9130434782608695 1685
1737429586079 0.7666666666666667 1686
1737429586397 0.8695652173913043 1687
1737429586716 0.8125 1688
1737429587033 0.9354838709677419 1689
1737429587352 0.9696969696969697 1690
1737429587670 0.9259259259259259 1691
1737429587987 0.9230769230769231 1692
1737429588305 1.0 1693
1737429588624 0.9230769230769231 1694
1737429588943 0.9259259259259259 1695
1737429589262 0.918918918918919 1696
1737429589579 0.9354838709677419 1697
1737429589898 0.9736842105263158 1698
1737429590218 0.9642857142857143 1699
1737429590537 0.96875 1700
1737429590854 0.8125 1701
1737429591173 0.8148148148148148 1702
1737429591495 0.8148148148148148 1703
1737429591818 0.9285714285714286 1704
1737429592136 0.9117647058823529 1705
1737429592454 0.9642857142857143 1706
1737429592774 0.9642857142857143 1707
1737429593092 0.8484848484848485 1708
1737429593410 0.8 1709
1737429593729 0.9736842105263158 1710
1737429594048 0.8620689655172413 1711
1737429594366 1.0 1712
1737429594684 0.8846153846153846 1713
1737429595005 0.9523809523809523 1714
1737429595321 0.8620689655172413 1715
1737429595640 0.9024390243902439 1716
1737429595959 0.9032258064516129 1717
1737429596277 0.84375 1718
1737429596592 0.8888888888888888 1719
1737429596914 0.875 1720
1737429597234 0.9142857142857143 1721
1737429597551 0.8709677419354839 1722
1737429597867 0.8518518518518519 1723
1737429598073 1.0 1724
1737429614273 0.9166666666666666 1725
1737429614590 0.8620689655172413 1726
1737429614907 0.868421052631579 1727
1737429615223 0.8611111111111112 1728
1737429615541 0.875 1729
1737429615860 0.8620689655172413 1730
1737429616177 0.84375 1731
1737429616494 0.9714285714285714 1732
1737429616811 0.9444444444444444 1733
1737429617129 0.9615384615384616 1734
1737429617444 0.868421052631579 1735
1737429617763 0.9354838709677419 1736
1737429618082 0.9743589743589743 1737
1737429618399 0.9714285714285714 1738
1737429618715 0.9166666666666666 1739
1737429619034 0.9523809523809523 1740
1737429619352 1.0 1741
1737429619667 0.9428571428571428 1742
1737429619985 1.0 1743
1737429620302 0.9459459459459459 1744
1737429620624 1.0 1745
1737429620941 1.0 1746
1737429621258 0.9090909090909091 1747
1737429621573 0.8285714285714286 1748
1737429621891 0.84375 1749
1737429622208 0.84375 1750
1737429622527 0.8787878787878788 1751
1737429622847 0.7631578947368421 1752
1737429623163 0.9090909090909091 1753
1737429623482 1.0 1754
1737429623798 0.9375 1755
1737429624116 0.9354838709677419 1756
1737429624434 0.967741935483871 1757
1737429624753 0.9655172413793104 1758
1737429625070 0.9655172413793104 1759
1737429625387 0.967741935483871 1760
1737429625704 0.8055555555555556 1761
1737429626023 0.918918918918919 1762
1737429626342 0.9166666666666666 1763
1737429626659 0.8709677419354839 1764
1737429626980 0.8484848484848485 1765
1737429627298 0.918918918918919 1766
1737429627618 0.9032258064516129 1767
1737429627936 0.9166666666666666 1768
1737429628255 0.7368421052631579 1769
1737429628573 0.7352941176470589 1770
1737429628889 0.8620689655172413 1771
1737429629207 0.9142857142857143 1772
1737429629527 0.9642857142857143 1773
1737429629845 0.8709677419354839 1774
1737429630163 0.9375 1775
1737429630480 0.9259259259259259 1776
1737429630799 0.9655172413793104 1777
1737429631117 0.9333333333333333 1778
1737429631438 0.9411764705882353 1779
1737429631760 0.9230769230769231 1780
1737429632077 1.0 1781
1737429632395 1.0 1782
1737429632713 0.9565217391304348 1783
1737429633030 0.9459459459459459 1784
1737429633349 0.9629629629629629 1785
1737429633666 0.9459459459459459 1786
1737429633986 0.8148148148148148 1787
1737429634303 0.9411764705882353 1788
1737429634622 0.8 1789
1737429634939 0.75 1790
1737429635257 0.8648648648648649 1791
1737429635576 0.9655172413793104 1792
1737429635896 1.0 1793
1737429636213 1.0 1794
1737429636529 0.9393939393939394 1795
1737429636846 0.9117647058823529 1796
1737429637166 1.0 1797
1737429637483 0.8387096774193549 1798
1737429637801 0.9024390243902439 1799
1737429638120 0.9705882352941176 1800
1737429638437 0.8571428571428571 1801
1737429638757 0.76 1802
1737429639076 0.8787878787878788 1803
1737429639393 0.9230769230769231 1804
1737429639711 0.8484848484848485 1805
1737429640030 0.8076923076923077 1806
1737429640349 0.9642857142857143 1807
1737429640667 0.9629629629629629 1808
1737429640984 1.0 1809
1737429641301 0.8928571428571429 1810
1737429641621 0.95 1811
1737429641938 1.0 1812
1737429642258 0.8928571428571429 1813
1737429642576 0.9722222222222222 1814
1737429642895 0.9117647058823529 1815
1737429643215 0.9285714285714286 1816
1737429643539 0.8461538461538461 1817
1737429643862 0.7407407407407407 1818
1737429644179 0.9032258064516129 1819
1737429644497 0.9310344827586207 1820
1737429644815 0.8529411764705882 1821
1737429645134 0.7941176470588235 1822
1737429645453 0.8387096774193549 1823
1737429645770 0.8823529411764706 1824
1737429646087 0.9117647058823529 1825
1737429646405 0.8823529411764706 1826
1737429646722 0.9210526315789473 1827
1737429647040 0.8387096774193549 1828
1737429647359 0.9354838709677419 1829
1737429647673 0.9354838709677419 1830
1737429648000 0.9230769230769231 1831
1737429648317 1.0 1832
1737429648636 0.96875 1833
1737429648952 0.96875 1834
1737429649271 0.9210526315789473 1835
1737429649588 0.9428571428571428 1836
1737429649906 0.967741935483871 1837
1737429650227 0.9666666666666667 1838
1737429650544 0.8666666666666667 1839
1737429650861 0.8666666666666667 1840
1737429651178 0.9459459459459459 1841
1737429651498 0.9615384615384616 1842
1737429651822 0.9259259259259259 1843
1737429652143 0.8857142857142857 1844
1737429652461 0.8846153846153846 1845
1737429652778 0.90625 1846
1737429653097 0.9642857142857143 1847
1737429653414 0.8095238095238095 1848
1737429653732 0.9411764705882353 1849
1737429654052 0.8666666666666667 1850
1737429654371 0.8620689655172413 1851
1737429654689 0.8709677419354839 1852
1737429655008 0.8484848484848485 1853
1737429655327 0.9230769230769231 1854
1737429655647 0.972972972972973 1855
1737429655967 0.9459459459459459 1856
1737429656283 0.967741935483871 1857
1737429656600 0.967741935483871 1858
1737429656917 0.868421052631579 1859
1737429657236 0.90625 1860
1737429657554 0.972972972972973 1861
1737429657873 0.8857142857142857 1862
1737429658194 0.9411764705882353 1863
1737429658511 0.896551724137931 1864
1737429658830 0.967741935483871 1865
1737429659148 0.9375 1866
1737429659467 0.9459459459459459 1867
1737429659784 0.9411764705882353 1868
1737429660102 0.9444444444444444 1869
1737429660418 0.9354838709677419 1870
1737429660736 0.9428571428571428 1871
1737429661056 0.9 1872
1737429661374 1.0 1873
1737429661692 0.9 1874
1737429662010 0.88 1875
1737429662328 0.9428571428571428 1876
1737429662646 0.92 1877
1737429662964 0.9411764705882353 1878
1737429663282 1.0 1879
1737429663600 0.9705882352941176 1880
1737429663920 0.9714285714285714 1881
1737429664238 0.84 1882
1737429664556 0.90625 1883
1737429664875 0.7857142857142857 1884
1737429665194 0.875 1885
1737429665512 0.9259259259259259 1886
1737429665829 0.8571428571428571 1887
1737429666147 0.9615384615384616 1888
1737429666464 0.9333333333333333 1889
1737429666781 0.9655172413793104 1890
1737429667099 0.9428571428571428 1891
1737429667417 0.9259259259259259 1892
1737429667737 0.9285714285714286 1893
1737429668056 0.9285714285714286 1894
1737429668376 1.0 1895
1737429668693 0.9090909090909091 1896
1737429669012 0.84 1897
1737429669330 0.8717948717948718 1898
1737429669646 0.95 1899
1737429669967 0.896551724137931 1900
1737429670284 0.875 1901
1737429670602 0.8846153846153846 1902
1737429670920 0.78125 1903
1737429671240 0.8611111111111112 1904
1737429671559 0.9444444444444444 1905
1737429671878 0.9090909090909091 1906
1737429672196 0.9333333333333333 1907
1737429672514 0.8333333333333334 1908
1737429672832 0.972972972972973 1909
1737429673147 0.9354838709677419 1910
1737429673466 0.96875 1911
1737429673786 0.9696969696969697 1912
1737429674105 0.9696969696969697 1913
1737429674421 0.92 1914
1737429674740 0.9666666666666667 1915
1737429675059 0.9777777777777777 1916
1737429675378 0.9 1917
1737429675695 0.9310344827586207 1918
1737429676014 0.8387096774193549 1919
1737429676332 0.967741935483871 1920
1737429676652 1.0 1921
1737429676970 0.9259259259259259 1922
1737429677288 0.9 1923
1737429677605 0.8863636363636364 1924
1737429677925 0.9310344827586207 1925
1737429678243 1.0 1926
1737429678561 1.0 1927
1737429678878 0.8387096774193549 1928
1737429679195 1.0 1929
1737429679513 0.9705882352941176 1930
1737429679831 0.9666666666666667 1931
1737429680148 0.9714285714285714 1932
1737429680468 0.9393939393939394 1933
1737429680785 0.96875 1934
1737429681104 0.88 1935
1737429681422 0.972972972972973 1936
1737429681740 1.0 1937
1737429682059 0.9565217391304348 1938
1737429682378 0.90625 1939
1737429682698 0.9375 1940
1737429683016 1.0 1941
1737429683332 0.9090909090909091 1942
1737429683651 0.9047619047619048 1943
1737429683969 0.9705882352941176 1944
1737429684286 0.8857142857142857 1945
1737429684604 0.9696969696969697 1946
1737429684923 0.9411764705882353 1947
1737429685242 1.0 1948
1737429685559 0.9583333333333334 1949
1737429685878 0.9310344827586207 1950
1737429686198 1.0 1951
1737429686515 0.9642857142857143 1952
1737429686832 0.9666666666666667 1953
1737429687149 0.8857142857142857 1954
1737429687469 0.8846153846153846 1955
1737429687789 0.8666666666666667 1956
1737429688107 0.9090909090909091 1957
1737429688427 1.0 1958
1737429688745 0.9411764705882353 1959
1737429689065 0.9642857142857143 1960
1737429689383 0.8695652173913043 1961
1737429689705 0.9629629629629629 1962
1737429690025 0.8611111111111112 1963
1737429690345 0.9090909090909091 1964
1737429690664 0.9411764705882353 1965
1737429690982 0.9117647058823529 1966
1737429691300 1.0 1967
1737429691617 0.9473684210526315 1968
1737429691937 1.0 1969
1737429692254 0.9583333333333334 1970
1737429692571 0.9333333333333333 1971
1737429692889 0.9629629629629629 1972
1737429693208 1.0 1973
1737429693527 0.8275862068965517 1974
1737429693847 0.8709677419354839 1975
1737429694166 0.8275862068965517 1976
1737429694483 0.9117647058823529 1977
1737429694803 0.9310344827586207 1978
1737429695119 1.0 1979
1737429695439 0.9629629629629629 1980
1737429695757 0.9583333333333334 1981
1737429696074 0.9666666666666667 1982
1737429696395 0.9705882352941176 1983
1737429696713 0.975609756097561 1984
1737429697032 1.0 1985
1737429697349 0.9230769230769231 1986
1737429697668 0.9714285714285714 1987
1737429697986 1.0 1988
1737429698303 0.9714285714285714 1989
1737429698619 0.9230769230769231 1990
1737429698939 0.8611111111111112 1991
1737429699257 0.9393939393939394 1992
1737429699575 1.0 1993
1737429699895 0.9428571428571428 1994
1737429700213 0.9285714285714286 1995
1737429700533 0.896551724137931 1996
1737429700852 1.0 1997
1737429701170 0.9411764705882353 1998
1737429701487 0.9166666666666666 1999
1737429701806 1.0 2000
1737429702124 0.9642857142857143 2001
1737429702443 0.9666666666666667 2002
1737429702762 1.0 2003
1737429703083 0.9 2004
1737429703399 0.92 2005
1737429703718 0.9302325581395349 2006
1737429704036 0.896551724137931 2007
1737429704353 0.90625 2008
1737429704671 1.0 2009
1737429704990 0.8974358974358975 2010
1737429705312 0.9615384615384616 2011
1737429705630 1.0 2012
1737429705949 0.8518518518518519 2013
1737429706268 0.9666666666666667 2014
1737429706588 0.9655172413793104 2015
1737429706908 1.0 2016
1737429707226 0.9629629629629629 2017
1737429707544 1.0 2018
1737429707863 1.0 2019
1737429708181 1.0 2020
1737429708500 0.9705882352941176 2021
1737429708819 0.9629629629629629 2022
1737429709136 0.9642857142857143 2023
1737429709453 0.9428571428571428 2024
1737429709772 0.875 2025
1737429710091 0.9130434782608695 2026
1737429710408 0.9411764705882353 2027
1737429710727 0.90625 2028
1737429711044 0.8918918918918919 2029
1737429711364 0.9142857142857143 2030
1737429711689 0.9736842105263158 2031
1737429712008 0.967741935483871 2032
1737429712326 0.972972972972973 2033
1737429712646 0.967741935483871 2034
