1737429032749 1.0979729890823364 1
1737429033064 1.0991733074188232 2
1737429033380 1.1000103950500488 3
1737429033695 1.099595546722412 4
1737429034011 1.098355770111084 5
1737429034341 1.097955584526062 6
1737429034656 1.0968507528305054 7
1737429034970 1.09469473361969 8
1737429035293 1.0950261354446411 9
1737429035607 1.0969992876052856 10
1737429035924 1.0952541828155518 11
1737429036241 1.0940784215927124 12
1737429036557 1.0943078994750977 13
1737429036873 1.092464804649353 14
1737429037188 1.090968132019043 15
1737429037503 1.0976593494415283 16
1737429037820 1.0945665836334229 17
1737429038137 1.0925822257995605 18
1737429038453 1.0917431116104126 19
1737429038776 1.0901665687561035 20
1737429039090 1.0900698900222778 21
1737429039406 1.0851304531097412 22
1737429039726 1.08796226978302 23
1737429040043 1.085839033126831 24
1737429040453 1.0852214097976685 25
1737429040826 1.0864348411560059 26
1737429041196 1.085218071937561 27
1737429041547 1.0825622081756592 28
1737429041896 1.0759299993515015 29
1737429042223 1.080877423286438 30
1737429042543 1.0774387121200562 31
1737429042860 1.0752794742584229 32
1737429043175 1.0762944221496582 33
1737429043491 1.0785624980926514 34
1737429043806 1.0726112127304077 35
1737429044122 1.060119867324829 36
1737429044437 1.0660206079483032 37
1737429044751 1.0495233535766602 38
1737429045069 1.0565677881240845 39
1737429045385 1.0558069944381714 40
1737429045700 1.0415173768997192 41
1737429046022 1.0470377206802368 42
1737429046342 1.0471811294555664 43
1737429046656 1.033750057220459 44
1737429046969 1.0162173509597778 45
1737429047283 1.0303099155426025 46
1737429047603 1.0289555788040161 47
1737429047922 0.9916206002235413 48
1737429048237 1.0059794187545776 49
1737429048552 0.9930201172828674 50
1737429048868 0.9857962131500244 51
1737429049187 0.9775769710540771 52
1737429049502 0.9841303825378418 53
1737429049819 0.971217930316925 54
1737429050135 0.9701527953147888 55
1737429050451 0.965631902217865 56
1737429050765 0.9410915374755859 57
1737429051082 0.9421736598014832 58
1737429051397 0.9706980586051941 59
1737429051718 0.9247070550918579 60
1737429052034 0.9046080112457275 61
1737429052352 0.8960822820663452 62
1737429052668 0.9050212502479553 63
1737429052984 0.837315022945404 64
1737429053301 0.9248958230018616 65
1737429053619 0.899278998374939 66
1737429053934 0.8661519885063171 67
1737429054248 0.9180554151535034 68
1737429054566 0.7954208254814148 69
1737429054880 0.8520478010177612 70
1737429055195 0.8366191983222961 71
1737429055509 0.8805550336837769 72
1737429055826 0.8592882752418518 73
1737429056142 0.816128134727478 74
1737429056460 0.8036350011825562 75
1737429056776 0.7549962401390076 76
1737429057095 0.7949570417404175 77
1737429057411 0.8262392282485962 78
1737429057729 0.7633412480354309 79
1737429058068 0.7658491730690002 80
1737429058389 0.7956796884536743 81
1737429058705 0.8256250619888306 82
1737429059023 0.7971941232681274 83
1737429059342 0.8860865831375122 84
1737429059658 0.7165940999984741 85
1737429059974 0.7120545506477356 86
1737429060291 0.6534988880157471 87
1737429060609 0.7524863481521606 88
1737429060928 0.7355635166168213 89
1737429061245 0.6375139355659485 90
1737429061563 0.7366547584533691 91
1737429061879 0.6762043237686157 92
1737429062196 0.7900249361991882 93
1737429062514 0.8342118263244629 94
1737429062833 0.7230237722396851 95
1737429063150 0.661277711391449 96
1737429063467 0.6256723403930664 97
1737429063783 0.6675055623054504 98
1737429064101 0.6783673167228699 99
1737429064417 0.6551167964935303 100
1737429064733 0.6209262609481812 101
1737429065052 0.6552751660346985 102
1737429065367 0.5751495957374573 103
1737429065686 0.7765682935714722 104
1737429066001 0.6963257789611816 105
1737429066318 0.5974790453910828 106
1737429066634 0.5852007865905762 107
1737429066951 0.6138635873794556 108
1737429067269 0.6579633355140686 109
1737429067590 0.8502709865570068 110
1737429067907 0.6381480097770691 111
1737429068224 0.7751043438911438 112
1737429068541 0.625042736530304 113
1737429068857 0.527639627456665 114
1737429069174 0.5574856400489807 115
1737429069490 0.6536486148834229 116
1737429069806 0.49468231201171875 117
1737429070123 0.6833313703536987 118
1737429070442 0.7100088000297546 119
1737429070759 0.6063769459724426 120
1737429071078 0.6659129858016968 121
1737429071395 0.6188120245933533 122
1737429071713 0.7014819979667664 123
1737429072029 0.7376153469085693 124
1737429072348 0.6047410368919373 125
1737429072663 0.6028673052787781 126
1737429072980 0.7059705257415771 127
1737429073296 0.5956932902336121 128
1737429073614 0.6448928117752075 129
1737429073931 0.6026721000671387 130
1737429074249 0.5830562114715576 131
1737429074563 0.5374992489814758 132
1737429074881 0.6338959336280823 133
1737429075200 0.6522831916809082 134
1737429075519 0.5226821303367615 135
1737429075834 0.6336678862571716 136
1737429076152 0.530726969242096 137
1737429076467 0.513271152973175 138
1737429076785 0.5391130447387695 139
1737429077103 0.6058381795883179 140
1737429077418 0.6583919525146484 141
1737429077736 0.535487711429596 142
1737429078053 0.6224324703216553 143
1737429078369 0.5321136713027954 144
1737429078685 0.649107038974762 145
1737429079002 0.5497957468032837 146
1737429079319 0.567116379737854 147
1737429079638 0.6092019081115723 148
1737429079956 0.5502551198005676 149
1737429080273 0.5716659426689148 150
1737429080590 0.5698704719543457 151
1737429080909 0.578352153301239 152
1737429081226 0.594415009021759 153
1737429081543 0.5503107309341431 154
1737429081860 0.44353991746902466 155
1737429082178 0.5446907877922058 156
1737429082495 0.5022088885307312 157
1737429082812 0.6594963669776917 158
1737429083129 0.5563258528709412 159
1737429083449 0.6649518013000488 160
1737429083767 0.5475383400917053 161
1737429084083 0.5050823092460632 162
1737429084400 0.4978230595588684 163
1737429084718 0.5000804662704468 164
1737429085035 0.6625820994377136 165
1737429085353 0.5307526588439941 166
1737429085668 0.5201242566108704 167
1737429085983 0.5876566767692566 168
1737429086300 0.5938924551010132 169
1737429086619 0.4653932750225067 170
1737429086935 0.5926182270050049 171
1737429087251 0.43675920367240906 172
1737429087568 0.6176058650016785 173
1737429087886 0.527779221534729 174
1737429088202 0.7117494344711304 175
1737429088520 0.5973946452140808 176
1737429088837 0.5179275870323181 177
1737429089158 0.6035907864570618 178
1737429089477 0.5435560345649719 179
1737429089794 0.4589509665966034 180
1737429090111 0.47734883427619934 181
1737429090428 0.5370584726333618 182
1737429090744 0.5451955199241638 183
1737429091062 0.626452624797821 184
1737429091378 0.46714189648628235 185
1737429091695 0.5727741122245789 186
1737429092013 0.5736950039863586 187
1737429092331 0.6081646680831909 188
1737429092650 0.601952314376831 189
1737429092966 0.5400699377059937 190
1737429093284 0.4916766285896301 191
1737429093602 0.5174140334129333 192
1737429093919 0.6202101707458496 193
1737429094236 0.5421865582466125 194
1737429094553 0.5750436186790466 195
1737429094871 0.5327366590499878 196
1737429095187 0.5200985074043274 197
1737429095504 0.5612974762916565 198
1737429095823 0.6627618074417114 199
1737429096143 0.4488421380519867 200
1737429096463 0.6912128329277039 201
1737429096778 0.7819163203239441 202
1737429097095 0.6431597471237183 203
1737429097412 0.5642121434211731 204
1737429097732 0.543038010597229 205
1737429098047 0.5543082356452942 206
1737429098362 0.5415089130401611 207
1737429098681 0.5305957198143005 208
1737429098998 0.4856395721435547 209
1737429099316 0.46176877617836 210
1737429099631 0.5784639120101929 211
1737429099947 0.654103696346283 212
1737429100267 0.5294657945632935 213
1737429100587 0.4483931064605713 214
1737429100904 0.45931968092918396 215
1737429101221 0.42340531945228577 216
1737429101538 0.6035864353179932 217
1737429101854 0.4553490877151489 218
1737429102171 0.5323448777198792 219
1737429102489 0.5733850002288818 220
1737429102806 0.43246859312057495 221
1737429103123 0.5750088691711426 222
1737429103442 0.49977239966392517 223
1737429103758 0.45120662450790405 224
1737429104075 0.43037956953048706 225
1737429104392 0.4950796663761139 226
1737429104709 0.41566202044487 227
1737429105028 0.5082122087478638 228
1737429105344 0.5582454800605774 229
1737429105663 0.6208218932151794 230
1737429105980 0.5906199216842651 231
1737429106298 0.608517587184906 232
1737429106613 0.5475569367408752 233
1737429106929 0.4546303153038025 234
1737429107249 0.5260483622550964 235
1737429107568 0.409630686044693 236
1737429107887 0.4390394687652588 237
1737429108204 0.4804937243461609 238
1737429108522 0.6006786227226257 239
1737429108839 0.5945409536361694 240
1737429109156 0.5084342360496521 241
1737429109472 0.46262452006340027 242
1737429109793 0.4808466136455536 243
1737429110109 0.49566978216171265 244
1737429110427 0.4685516357421875 245
1737429110743 0.581941545009613 246
1737429111062 0.5604376792907715 247
1737429111383 0.5189223289489746 248
1737429111706 0.4847446084022522 249
1737429112025 0.6343411207199097 250
1737429112342 0.5117184519767761 251
1737429112659 0.5386066436767578 252
1737429112975 0.5347789525985718 253
1737429113295 0.5378357172012329 254
1737429113612 0.4397004544734955 255
1737429113931 0.5091713070869446 256
1737429114249 0.5867664217948914 257
1737429114567 0.5561870336532593 258
1737429114885 0.42298516631126404 259
1737429115203 0.5498975515365601 260
1737429115523 0.4040587842464447 261
1737429115841 0.5588972568511963 262
1737429116157 0.5391233563423157 263
1737429116477 0.43911051750183105 264
1737429116794 0.3390660583972931 265
1737429117111 0.45860058069229126 266
1737429117429 0.5965304970741272 267
1737429117746 0.5470162630081177 268
1737429118064 0.43515610694885254 269
1737429118381 0.4071255028247833 270
1737429118699 0.4989802837371826 271
1737429119016 0.520622193813324 272
1737429119335 0.6153848767280579 273
1737429119653 0.5096722841262817 274
1737429119971 0.48834121227264404 275
1737429120291 0.5912802815437317 276
1737429120607 0.49980220198631287 277
1737429120926 0.4473399221897125 278
1737429121245 0.45403775572776794 279
1737429121562 0.5877483487129211 280
1737429121878 0.4363774359226227 281
1737429122196 0.4599969685077667 282
1737429122513 0.3599376678466797 283
1737429122831 0.5622015595436096 284
1737429123147 0.6067700982093811 285
1737429123465 0.5427152514457703 286
1737429123783 0.3183461129665375 287
1737429124101 0.5389607548713684 288
1737429124420 0.5247622132301331 289
1737429124736 0.4693382978439331 290
1737429125053 0.5047585368156433 291
1737429125370 0.5537862181663513 292
1737429125688 0.34025147557258606 293
1737429126007 0.4221721291542053 294
1737429126323 0.41533163189888 295
1737429126639 0.4079650938510895 296
1737429126958 0.5563222765922546 297
1737429127277 0.5524803400039673 298
1737429127596 0.5235099792480469 299
1737429127911 0.5229206681251526 300
1737429128229 0.55900639295578 301
1737429128548 0.544249415397644 302
1737429128868 0.4341997802257538 303
1737429129194 0.3651166260242462 304
1737429129528 0.5816763639450073 305
1737429129849 0.5752171874046326 306
1737429130170 0.4914553761482239 307
1737429130490 0.36295393109321594 308
1737429130806 0.5154302716255188 309
1737429131124 0.618399977684021 310
1737429131442 0.4595910906791687 311
1737429131758 0.5230793952941895 312
1737429132076 0.37754368782043457 313
1737429132397 0.40360501408576965 314
1737429132715 0.44682905077934265 315
1737429133030 0.47453752160072327 316
1737429133347 0.3347013294696808 317
1737429133667 0.5655025243759155 318
1737429133985 0.3796177804470062 319
1737429134302 0.5054614543914795 320
1737429134619 0.5614722371101379 321
1737429134938 0.40420931577682495 322
1737429135258 0.4719443619251251 323
1737429135576 0.4253880977630615 324
1737429135894 0.4595741629600525 325
1737429136210 0.39272671937942505 326
1737429136529 0.625016987323761 327
1737429136847 0.4663235545158386 328
1737429137166 0.43983596563339233 329
1737429137484 0.45165741443634033 330
1737429137799 0.6524235010147095 331
1737429138116 0.4127713143825531 332
1737429138437 0.5238478779792786 333
1737429138755 0.5614935755729675 334
1737429139071 0.5066521763801575 335
1737429139388 0.6197634339332581 336
1737429139707 0.46707576513290405 337
1737429140027 0.505132794380188 338
1737429140348 0.4861515760421753 339
1737429140668 0.5028375387191772 340
1737429140987 0.4337254762649536 341
1737429141304 0.44606664776802063 342
1737429141626 0.4379359483718872 343
1737429141943 0.5285022854804993 344
1737429142260 0.4732363224029541 345
1737429142584 0.4501919150352478 346
1737429142901 0.47089430689811707 347
1737429143217 0.3996553122997284 348
1737429143535 0.5367797017097473 349
1737429143854 0.44303587079048157 350
1737429144178 0.4303234815597534 351
1737429144498 0.6105049848556519 352
1737429144816 0.35016104578971863 353
1737429145133 0.5265704989433289 354
1737429145450 0.7312933802604675 355
1737429145766 0.6846174597740173 356
1737429146082 0.46965524554252625 357
1737429146399 0.36989495158195496 358
1737429146716 0.3861171007156372 359
1737429147034 0.4114042818546295 360
1737429147350 0.42353203892707825 361
1737429147670 0.46836796402931213 362
1737429147988 0.3995485305786133 363
1737429148304 0.5862575173377991 364
1737429148621 0.46920064091682434 365
1737429148939 0.5594646334648132 366
1737429149257 0.4156186580657959 367
1737429149575 0.4554970860481262 368
1737429149891 0.49199655652046204 369
1737429150208 0.5832681059837341 370
1737429150527 0.5209762454032898 371
1737429150845 0.4542728066444397 372
1737429151163 0.6099903583526611 373
1737429151481 0.6178373098373413 374
1737429151798 0.4344010651111603 375
1737429152118 0.4026961028575897 376
1737429152436 0.5742081999778748 377
1737429152755 0.5413942337036133 378
1737429153075 0.48513349890708923 379
1737429153395 0.6742828488349915 380
1737429153712 0.4457732141017914 381
1737429154027 0.39161449670791626 382
1737429154346 0.43422287702560425 383
1737429154662 0.5096021294593811 384
1737429154981 0.4176923930644989 385
1737429155297 0.48457449674606323 386
1737429155618 0.47169336676597595 387
1737429155937 0.6433153748512268 388
1737429156255 0.4870237410068512 389
1737429156572 0.48879680037498474 390
1737429156891 0.5197640061378479 391
1737429157207 0.4439834654331207 392
1737429157525 0.41965579986572266 393
1737429157843 0.6232251524925232 394
1737429158159 0.4964546263217926 395
1737429158477 0.43754470348358154 396
1737429158794 0.4377075135707855 397
1737429159114 0.464316189289093 398
1737429159430 0.4623188376426697 399
1737429159748 0.5503501296043396 400
1737429160065 0.6665101647377014 401
1737429160383 0.3848898410797119 402
1737429160702 0.47064825892448425 403
1737429161019 0.5523134469985962 404
1737429161336 0.6232823729515076 405
1737429161658 0.39528945088386536 406
1737429161975 0.5260320901870728 407
1737429162291 0.4877871572971344 408
1737429162609 0.4239601194858551 409
1737429162927 0.515306293964386 410
1737429163246 0.47838908433914185 411
1737429163563 0.5633556246757507 412
1737429163880 0.45968320965766907 413
1737429164197 0.44356486201286316 414
1737429164515 0.4687524735927582 415
1737429164833 0.49198392033576965 416
1737429165153 0.4167146682739258 417
1737429165472 0.47950002551078796 418
1737429165790 0.4651663303375244 419
1737429166108 0.4012353718280792 420
1737429166426 0.4096555709838867 421
1737429166744 0.460938036441803 422
1737429167061 0.42069071531295776 423
1737429167379 0.6023945212364197 424
1737429167696 0.5451474189758301 425
1737429168015 0.564797580242157 426
1737429168333 0.40900561213493347 427
1737429168652 0.39113885164260864 428
1737429168972 0.3778139650821686 429
1737429169292 0.29066529870033264 430
1737429169610 0.4979037940502167 431
1737429169930 0.4294433891773224 432
1737429170248 0.49062684178352356 433
1737429170566 0.5264016389846802 434
1737429170884 0.26139944791793823 435
1737429171200 0.5069056153297424 436
1737429171521 0.45876532793045044 437
1737429171842 0.44805338978767395 438
1737429172161 0.45612335205078125 439
1737429172479 0.3367595970630646 440
1737429172797 0.4453586935997009 441
1737429173116 0.673951268196106 442
1737429173432 0.45640894770622253 443
1737429173751 0.47750988602638245 444
1737429174069 0.46071282029151917 445
1737429174389 0.5225824117660522 446
1737429174709 0.4697423577308655 447
1737429175025 0.41337528824806213 448
1737429175342 0.4099613130092621 449
1737429175660 0.4193023145198822 450
1737429175977 0.49523141980171204 451
1737429176294 0.5188813805580139 452
1737429176612 0.5703694224357605 453
1737429176930 0.4223005473613739 454
1737429177249 0.5006501078605652 455
1737429177566 0.532397449016571 456
1737429177882 0.45116955041885376 457
1737429178200 0.35798975825309753 458
1737429178518 0.400397926568985 459
1737429178836 0.3918965756893158 460
1737429179153 0.45801976323127747 461
1737429179470 0.5987938642501831 462
1737429179788 0.4879423677921295 463
1737429180105 0.44867458939552307 464
1737429180424 0.39055335521698 465
1737429180741 0.4594781696796417 466
1737429181059 0.3013409674167633 467
1737429181378 0.6221160292625427 468
1737429181694 0.4590964615345001 469
1737429182012 0.513822615146637 470
1737429182330 0.5631881356239319 471
1737429182651 0.5536720156669617 472
1737429182969 0.3395776152610779 473
1737429183286 0.5015175938606262 474
1737429183604 0.36223816871643066 475
1737429183923 0.39408957958221436 476
1737429184241 0.4398036599159241 477
1737429184557 0.4690411686897278 478
1737429184875 0.5255935192108154 479
1737429185191 0.33762452006340027 480
1737429185508 0.4601324200630188 481
1737429185826 0.49073877930641174 482
1737429186145 0.5653687715530396 483
1737429186465 0.61600261926651 484
1737429186781 0.4863617420196533 485
1737429187099 0.5145455002784729 486
1737429187418 0.5221378803253174 487
1737429187737 0.445088267326355 488
1737429188055 0.349773108959198 489
1737429188373 0.5983548164367676 490
1737429188690 0.5531518459320068 491
1737429189008 0.5464034080505371 492
1737429189324 0.4205496907234192 493
1737429189642 0.5306843519210815 494
1737429189959 0.5991591215133667 495
1737429190274 0.5063011646270752 496
1737429190590 0.48217669129371643 497
1737429190906 0.3995365798473358 498
1737429191225 0.5734997391700745 499
1737429191544 0.4032832384109497 500
1737429191860 0.4919631779193878 501
1737429192178 0.39781349897384644 502
1737429192495 0.5175149440765381 503
1737429192814 0.5114031434059143 504
1737429193131 0.5640593767166138 505
1737429193449 0.49812278151512146 506
1737429193767 0.5066779851913452 507
1737429194082 0.5589446425437927 508
1737429194400 0.4772182106971741 509
1737429194719 0.4543246328830719 510
1737429195035 0.5444487929344177 511
1737429195353 0.49408093094825745 512
1737429195668 0.4122905731201172 513
1737429195986 0.49390071630477905 514
1737429196302 0.39743632078170776 515
1737429196622 0.5247968435287476 516
1737429196938 0.44372451305389404 517
1737429197253 0.35294800996780396 518
1737429197572 0.37512072920799255 519
1737429197888 0.4915945529937744 520
1737429198205 0.3090054392814636 521
1737429198523 0.259080171585083 522
1737429198841 0.5691434741020203 523
1737429199159 0.5857213735580444 524
1737429199478 0.4448889493942261 525
1737429199796 0.4685491621494293 526
1737429200115 0.32305386662483215 527
1737429200432 0.5733479857444763 528
1737429200752 0.4064534306526184 529
1737429201068 0.5663222670555115 530
1737429201387 0.3184221386909485 531
1737429201707 0.45269978046417236 532
1737429202027 0.43329310417175293 533
1737429202345 0.5136783719062805 534
1737429202664 0.4701264798641205 535
1737429202982 0.2884208858013153 536
1737429203299 0.40776774287223816 537
1737429203617 0.5087763667106628 538
1737429203933 0.3816457688808441 539
1737429204251 0.4679310917854309 540
1737429204568 0.37648773193359375 541
1737429204886 0.37062689661979675 542
1737429205203 0.37782344222068787 543
1737429205521 0.4902493357658386 544
1737429205838 0.37343621253967285 545
1737429206157 0.5766521692276001 546
1737429206475 0.39963385462760925 547
1737429206790 0.4336674213409424 548
1737429207110 0.4302878975868225 549
1737429207427 0.3736228048801422 550
1737429207745 0.4199468493461609 551
1737429208061 0.43467575311660767 552
1737429208376 0.47428345680236816 553
1737429208692 0.5674734711647034 554
1737429209012 0.4360562562942505 555
1737429209332 0.40436699986457825 556
1737429209648 0.47487515211105347 557
1737429209966 0.48312556743621826 558
1737429210284 0.45876336097717285 559
1737429210600 0.4508815407752991 560
1737429210918 0.5016372799873352 561
1737429211236 0.5920993685722351 562
1737429211553 0.6032182574272156 563
1737429211871 0.37965965270996094 564
1737429212188 0.38477689027786255 565
1737429212504 0.44215404987335205 566
1737429212822 0.44489359855651855 567
1737429213141 0.42097485065460205 568
1737429213457 0.3596024215221405 569
1737429213776 0.6236764192581177 570
1737429214094 0.4742431640625 571
1737429214412 0.34979721903800964 572
1737429214730 0.4949713945388794 573
1737429215049 0.5437051653862 574
1737429215366 0.3926958739757538 575
1737429215685 0.3581380844116211 576
1737429216005 0.47156044840812683 577
1737429216322 0.5052184462547302 578
1737429216639 0.432516872882843 579
1737429216955 0.4265233874320984 580
1737429217274 0.368589848279953 581
1737429217592 0.4118395745754242 582
1737429217910 0.40608885884284973 583
1737429218227 0.4708462059497833 584
1737429218545 0.5300918817520142 585
1737429218866 0.43143048882484436 586
1737429219184 0.4170171618461609 587
1737429219502 0.38076329231262207 588
1737429219819 0.35158923268318176 589
1737429220137 0.4396698474884033 590
1737429220454 0.4797395169734955 591
1737429220771 0.32926562428474426 592
1737429221090 0.4756585955619812 593
1737429221407 0.41887927055358887 594
1737429221725 0.3523658812046051 595
1737429222041 0.46193405985832214 596
1737429222357 0.43490105867385864 597
1737429222680 0.4274001717567444 598
1737429222999 0.4702577292919159 599
1737429223315 0.5240254402160645 600
1737429223633 0.44077834486961365 601
1737429223951 0.5320250988006592 602
1737429224269 0.35876718163490295 603
1737429224588 0.4137025773525238 604
1737429224909 0.4669760763645172 605
1737429225225 0.35091620683670044 606
1737429225544 0.44003748893737793 607
1737429225863 0.44410935044288635 608
1737429226181 0.4761365056037903 609
1737429226500 0.4306163489818573 610
1737429226818 0.40456950664520264 611
1737429227135 0.5548023581504822 612
1737429227452 0.4650886058807373 613
1737429227770 0.3317766487598419 614
1737429228087 0.35324108600616455 615
1737429228407 0.5649412870407104 616
1737429228723 0.5451652407646179 617
1737429229041 0.6198053956031799 618
1737429229361 0.3625418245792389 619
1737429229681 0.4381951093673706 620
1737429229999 0.43900713324546814 621
1737429230315 0.6295472979545593 622
1737429230631 0.48409968614578247 623
1737429230949 0.4675462245941162 624
1737429231268 0.34281179308891296 625
1737429231592 0.3154034912586212 626
1737429231911 0.378275990486145 627
1737429232226 0.40809863805770874 628
1737429232545 0.6199635863304138 629
1737429232863 0.48356372117996216 630
1737429233181 0.5444130897521973 631
1737429233499 0.40312460064888 632
1737429233814 0.35686802864074707 633
1737429234131 0.5096458792686462 634
1737429234450 0.3674139082431793 635
1737429234767 0.49971821904182434 636
1737429235084 0.29257985949516296 637
1737429235402 0.3307357132434845 638
1737429235718 0.4769338071346283 639
1737429236037 0.345175564289093 640
1737429236358 0.5521078705787659 641
1737429236677 0.43567395210266113 642
1737429236996 0.3477120101451874 643
1737429237313 0.4734475016593933 644
1737429237632 0.3994472324848175 645
1737429237950 0.4149850010871887 646
1737429238269 0.4787694811820984 647
1737429238587 0.5321670174598694 648
1737429238905 0.4060156047344208 649
1737429239224 0.632921576499939 650
1737429239539 0.5178003907203674 651
1737429239856 0.30388593673706055 652
1737429240174 0.4444020688533783 653
1737429240493 0.3777772784233093 654
1737429240811 0.4647456407546997 655
1737429241130 0.4663057029247284 656
1737429241447 0.5632213354110718 657
1737429241766 0.6158745884895325 658
1737429242083 0.47303304076194763 659
1737429242401 0.5333542823791504 660
1737429242718 0.5475964546203613 661
1737429243036 0.5054975748062134 662
1737429243352 0.5148765444755554 663
1737429243672 0.43719494342803955 664
1737429243992 0.3636290431022644 665
1737429244308 0.4217364192008972 666
1737429244624 0.4379834234714508 667
1737429244942 0.4175221025943756 668
1737429245259 0.4158863425254822 669
1737429245577 0.6176946759223938 670
1737429245895 0.5292600393295288 671
1737429246212 0.5363286733627319 672
1737429246532 0.4672987163066864 673
1737429246850 0.350053071975708 674
1737429247166 0.5326294898986816 675
1737429247483 0.3671880066394806 676
1737429247800 0.42290252447128296 677
1737429248121 0.4226609170436859 678
1737429248441 0.6339676380157471 679
1737429248758 0.4123021960258484 680
1737429249075 0.45694732666015625 681
1737429249394 0.4675225019454956 682
1737429249711 0.4103538990020752 683
1737429250027 0.3385910093784332 684
1737429250345 0.5528623461723328 685
1737429250663 0.5100548267364502 686
1737429250982 0.5309751033782959 687
1737429251303 0.4755682051181793 688
1737429251620 0.4060450792312622 689
1737429251938 0.626354992389679 690
1737429252254 0.3913145065307617 691
1737429252573 0.46222198009490967 692
1737429252891 0.38055285811424255 693
1737429253206 0.32829228043556213 694
1737429253522 0.5226027965545654 695
1737429253843 0.37246522307395935 696
1737429254162 0.4477460980415344 697
1737429254480 0.603162944316864 698
1737429254796 0.5059776902198792 699
1737429255115 0.4023803174495697 700
1737429255434 0.4143824875354767 701
1737429255751 0.4973348081111908 702
1737429256071 0.41808417439460754 703
1737429256391 0.3829236924648285 704
1737429256707 0.43692851066589355 705
1737429257028 0.3949703276157379 706
1737429257343 0.4833488464355469 707
1737429257660 0.47369861602783203 708
1737429257978 0.5372326970100403 709
1737429258296 0.29166629910469055 710
1737429258612 0.4289485812187195 711
1737429258931 0.47363364696502686 712
1737429259251 0.4992524981498718 713
1737429259570 0.4228716194629669 714
1737429259886 0.4061228334903717 715
1737429260206 0.46706846356391907 716
1737429260524 0.4477873146533966 717
1737429260841 0.38311076164245605 718
1737429261161 0.45831266045570374 719
1737429261479 0.389273077249527 720
1737429261797 0.37498122453689575 721
1737429262114 0.42555534839630127 722
1737429262432 0.4641369879245758 723
1737429262749 0.41639718413352966 724
1737429263082 0.5829781889915466 725
1737429263403 0.3557833731174469 726
1737429263721 0.4292573928833008 727
1737429264038 0.2841504216194153 728
1737429264357 0.39547625184059143 729
1737429264675 0.41616183519363403 730
1737429264994 0.366548627614975 731
1737429265313 0.43186715245246887 732
1737429265629 0.4464392364025116 733
1737429265945 0.4669446647167206 734
1737429266263 0.43081972002983093 735
1737429266580 0.39213433861732483 736
1737429266899 0.4821491539478302 737
1737429267218 0.43169060349464417 738
1737429267536 0.40180161595344543 739
1737429267853 0.4145757555961609 740
1737429268169 0.4678916931152344 741
1737429268487 0.4609837234020233 742
1737429268804 0.4545591473579407 743
1737429269124 0.5211179852485657 744
1737429269442 0.5197840929031372 745
1737429269762 0.49260902404785156 746
1737429270080 0.41324999928474426 747
1737429270398 0.45209404826164246 748
1737429270717 0.34835824370384216 749
1737429271034 0.5484375953674316 750
1737429271353 0.4216862916946411 751
1737429271670 0.5389614701271057 752
1737429271989 0.44738420844078064 753
1737429272307 0.4306800663471222 754
1737429272625 0.43516719341278076 755
1737429272942 0.4849986135959625 756
1737429273262 0.4348069131374359 757
1737429273580 0.40055051445961 758
1737429273897 0.4532921016216278 759
1737429274216 0.3430752456188202 760
1737429274535 0.44554340839385986 761
1737429274853 0.3650186061859131 762
1737429275172 0.33294788002967834 763
1737429275488 0.47446948289871216 764
1737429275812 0.36933305859565735 765
1737429276129 0.4520285129547119 766
1737429276449 0.4454481601715088 767
1737429276767 0.5650424361228943 768
1737429277087 0.30396831035614014 769
1737429277405 0.5033746957778931 770
1737429277724 0.4801197052001953 771
1737429278043 0.3480425179004669 772
1737429278361 0.3404088020324707 773
1737429278679 0.41688865423202515 774
1737429278997 0.4200769066810608 775
1737429279316 0.39204278588294983 776
1737429279634 0.4133985638618469 777
1737429279953 0.5693227648735046 778
1737429280269 0.4411638379096985 779
1737429280588 0.6502764821052551 780
1737429280905 0.3482377827167511 781
1737429281223 0.5268074870109558 782
1737429281541 0.3831934630870819 783
1737429281861 0.4564484655857086 784
1737429282178 0.34209609031677246 785
1737429282495 0.3927576541900635 786
1737429282814 0.5116256475448608 787
1737429283134 0.2059577852487564 788
1737429283451 0.46627184748649597 789
1737429283769 0.43526533246040344 790
1737429284088 0.3718127906322479 791
1737429284404 0.40681859850883484 792
1737429284721 0.395567923784256 793
1737429285037 0.4554390013217926 794
1737429285355 0.31833505630493164 795
1737429285673 0.40241557359695435 796
1737429285992 0.4132506847381592 797
1737429286308 0.39173102378845215 798
1737429286627 0.39878737926483154 799
1737429286943 0.47289660573005676 800
1737429287269 0.4459814727306366 801
1737429287587 0.4129437208175659 802
1737429287906 0.34088242053985596 803
1737429288223 0.4393461048603058 804
1737429288542 0.31092333793640137 805
1737429288860 0.476800799369812 806
1737429289176 0.4989703297615051 807
1737429289495 0.39487573504447937 808
1737429289814 0.40092021226882935 809
1737429290132 0.39340707659721375 810
1737429290450 0.5317190289497375 811
1737429290766 0.4327181577682495 812
1737429291084 0.46020931005477905 813
1737429291404 0.5590936541557312 814
1737429291733 0.4608783721923828 815
1737429292053 0.41910529136657715 816
1737429292377 0.398840993642807 817
1737429292695 0.45523694157600403 818
1737429293014 0.3745693266391754 819
1737429293332 0.4505161941051483 820
1737429293649 0.3422997295856476 821
1737429293972 0.40007349848747253 822
1737429294291 0.5114732384681702 823
1737429294610 0.5120545029640198 824
1737429294928 0.32388803362846375 825
1737429295246 0.4615674912929535 826
1737429295565 0.37422752380371094 827
1737429295881 0.3543055057525635 828
1737429296198 0.37573349475860596 829
1737429296516 0.5355700850486755 830
1737429296835 0.4850345551967621 831
1737429297154 0.4645649790763855 832
1737429297474 0.356957346200943 833
1737429297791 0.536452054977417 834
1737429298109 0.4672843813896179 835
1737429298427 0.25924086570739746 836
1737429298746 0.36443474888801575 837
1737429299064 0.264403760433197 838
1737429299381 0.5447715520858765 839
1737429299698 0.40727347135543823 840
1737429300022 0.5419489145278931 841
1737429300339 0.442119300365448 842
1737429300656 0.36920759081840515 843
1737429300976 0.3010532259941101 844
1737429301294 0.3576646149158478 845
1737429301614 0.42847827076911926 846
1737429301932 0.5046977400779724 847
1737429302250 0.38891327381134033 848
1737429302568 0.40626761317253113 849
1737429302885 0.4210525155067444 850
1737429303204 0.5808978080749512 851
1737429303521 0.47006067633628845 852
1737429303838 0.38854220509529114 853
1737429304155 0.43026259541511536 854
1737429304470 0.4627833664417267 855
1737429304787 0.40773072838783264 856
1737429305106 0.5271859765052795 857
1737429305426 0.4470920264720917 858
1737429305746 0.3132134974002838 859
1737429306063 0.4885180592536926 860
1737429306382 0.4011256992816925 861
1737429306596 0.4791213274002075 862
1737429324092 0.40077975392341614 863
1737429324412 0.4001130759716034 864
1737429324728 0.4917203187942505 865
1737429325045 0.5267858505249023 866
1737429325362 0.43477535247802734 867
1737429325679 0.43375664949417114 868
1737429325998 0.36752602458000183 869
1737429326312 0.282008558511734 870
1737429326629 0.4245583117008209 871
1737429326947 0.4496232271194458 872
1737429327267 0.3969120681285858 873
1737429327584 0.3497876226902008 874
1737429327902 0.5190728902816772 875
1737429328218 0.312966912984848 876
1737429328536 0.3671274185180664 877
1737429328850 0.41367200016975403 878
1737429329165 0.3359266221523285 879
1737429329483 0.43576323986053467 880
1737429329800 0.27880531549453735 881
1737429330116 0.3931545317173004 882
1737429330434 0.3939386010169983 883
1737429330752 0.41657784581184387 884
1737429331070 0.46032077074050903 885
1737429331388 0.4794539213180542 886
1737429331706 0.4852750897407532 887
1737429332025 0.47120201587677 888
1737429332344 0.5780122876167297 889
1737429332661 0.6296178698539734 890
1737429332978 0.29413989186286926 891
1737429333296 0.24708117544651031 892
1737429333612 0.5606784820556641 893
1737429333931 0.5137320160865784 894
1737429334249 0.45444127917289734 895
1737429334568 0.43198493123054504 896
1737429334887 0.4832850694656372 897
1737429335204 0.4028538763523102 898
1737429335524 0.6385605335235596 899
1737429335840 0.35369977355003357 900
1737429336156 0.33169472217559814 901
1737429336473 0.5042672157287598 902
1737429336793 0.4522647559642792 903
1737429337112 0.4176521599292755 904
1737429337427 0.5145959258079529 905
1737429337745 0.4704578220844269 906
1737429338066 0.45945218205451965 907
1737429338383 0.42582523822784424 908
1737429338700 0.4905708134174347 909
1737429339016 0.3359142243862152 910
1737429339334 0.3993118405342102 911
1737429339652 0.4353315830230713 912
1737429339969 0.40717482566833496 913
1737429340286 0.3810608983039856 914
1737429340604 0.39527106285095215 915
1737429340922 0.32910919189453125 916
1737429341240 0.41415128111839294 917
1737429341558 0.4295586347579956 918
1737429341874 0.3724512755870819 919
1737429342196 0.3174905478954315 920
1737429342518 0.3678223490715027 921
1737429342835 0.4867626130580902 922
1737429343155 0.4493059813976288 923
1737429343471 0.3887474536895752 924
1737429343789 0.4351617693901062 925
1737429344107 0.38504618406295776 926
1737429344426 0.5356378555297852 927
1737429344741 0.4071347713470459 928
1737429345060 0.36682945489883423 929
1737429345382 0.4354155659675598 930
1737429345701 0.34233012795448303 931
1737429346016 0.4015565514564514 932
1737429346333 0.37553563714027405 933
1737429346653 0.5804907083511353 934
1737429346970 0.39497488737106323 935
1737429347287 0.43229153752326965 936
1737429347606 0.42827141284942627 937
1737429347923 0.24912522733211517 938
1737429348242 0.32993003726005554 939
1737429348560 0.42438626289367676 940
1737429348877 0.3062596321105957 941
1737429349197 0.42213791608810425 942
1737429349515 0.4917845129966736 943
1737429349834 0.37938573956489563 944
1737429350150 0.40763258934020996 945
1737429350468 0.6452509760856628 946
1737429350785 0.28989937901496887 947
1737429351109 0.31205564737319946 948
1737429351443 0.40300676226615906 949
1737429351764 0.4080750048160553 950
1737429352083 0.4541522264480591 951
1737429352403 0.4155676066875458 952
1737429352721 0.42515355348587036 953
1737429353039 0.3951512277126312 954
1737429353354 0.5403282046318054 955
1737429353671 0.529819667339325 956
1737429353988 0.4434976577758789 957
1737429354304 0.3288293480873108 958
1737429354626 0.41890770196914673 959
1737429354943 0.4322974681854248 960
1737429355262 0.48828303813934326 961
1737429355577 0.29760193824768066 962
1737429355894 0.29425328969955444 963
1737429356211 0.4125613868236542 964
1737429356530 0.31512731313705444 965
1737429356850 0.6082592010498047 966
1737429357165 0.40981483459472656 967
1737429357482 0.3046222925186157 968
1737429357802 0.40205445885658264 969
1737429358120 0.37498602271080017 970
1737429358439 0.40749719738960266 971
1737429358757 0.45940884947776794 972
1737429359073 0.4141407907009125 973
1737429359392 0.4396803081035614 974
1737429359708 0.33753207325935364 975
1737429360031 0.20894813537597656 976
1737429360349 0.38537245988845825 977
1737429360666 0.4822731912136078 978
1737429360983 0.305271714925766 979
1737429361300 0.305495947599411 980
1737429361618 0.42175090312957764 981
1737429361938 0.40290746092796326 982
1737429362254 0.3217959702014923 983
1737429362569 0.3714714050292969 984
1737429362885 0.33654212951660156 985
1737429363203 0.4493117928504944 986
1737429363522 0.3596196472644806 987
1737429363841 0.32836800813674927 988
1737429364161 0.4143177568912506 989
1737429364478 0.43970078229904175 990
1737429364795 0.37054768204689026 991
1737429365112 0.3525354564189911 992
1737429365430 0.38638097047805786 993
1737429365749 0.3223908543586731 994
1737429366066 0.30574795603752136 995
1737429366385 0.2729146480560303 996
1737429366702 0.3172306418418884 997
1737429367019 0.4711458086967468 998
1737429367336 0.29018938541412354 999
1737429367654 0.2741219103336334 1000
1737429367974 0.39017394185066223 1001
1737429368290 0.47088348865509033 1002
1737429368609 0.38399121165275574 1003
1737429368929 0.3407878279685974 1004
1737429369249 0.3398335874080658 1005
1737429369566 0.4060079753398895 1006
1737429369884 0.46247217059135437 1007
1737429370202 0.313456654548645 1008
1737429370521 0.2918870151042938 1009
1737429370838 0.37810152769088745 1010
1737429371154 0.27389466762542725 1011
1737429371472 0.35198166966438293 1012
1737429371792 0.3206714391708374 1013
1737429372108 0.3137867748737335 1014
1737429372425 0.36548537015914917 1015
1737429372742 0.3473716378211975 1016
1737429373060 0.2627403140068054 1017
1737429373412 0.3295488655567169 1018
1737429373732 0.3594473898410797 1019
1737429374050 0.4168297350406647 1020
1737429374369 0.34187600016593933 1021
1737429374686 0.5316178798675537 1022
1737429375005 0.3655546307563782 1023
1737429375321 0.2598235309123993 1024
1737429375641 0.27528831362724304 1025
1737429375957 0.336897075176239 1026
1737429376276 0.45632460713386536 1027
1737429376592 0.2675188183784485 1028
1737429376909 0.27179038524627686 1029
1737429377233 0.37869179248809814 1030
1737429377556 0.35730502009391785 1031
1737429377872 0.2713444232940674 1032
1737429378188 0.42930686473846436 1033
1737429378508 0.31221771240234375 1034
1737429378824 0.40000393986701965 1035
1737429379143 0.42041414976119995 1036
1737429379462 0.5025511384010315 1037
1737429379777 0.3581703305244446 1038
1737429380094 0.3375002443790436 1039
1737429380414 0.44288939237594604 1040
1737429380733 0.3571130037307739 1041
1737429381051 0.27976325154304504 1042
1737429381371 0.22588035464286804 1043
1737429381687 0.3476596772670746 1044
1737429382008 0.4059472680091858 1045
1737429382324 0.4334295392036438 1046
1737429382643 0.290893018245697 1047
1737429382963 0.4607963562011719 1048
1737429383282 0.32868584990501404 1049
1737429383600 0.36599332094192505 1050
1737429383917 0.43472880125045776 1051
1737429384234 0.39606785774230957 1052
1737429384552 0.33333656191825867 1053
1737429384870 0.30367404222488403 1054
1737429385186 0.34390535950660706 1055
1737429385504 0.223936066031456 1056
1737429385824 0.4226369559764862 1057
1737429386142 0.3005947768688202 1058
1737429386458 0.2575930953025818 1059
1737429386775 0.33363795280456543 1060
1737429387094 0.463937371969223 1061
1737429387413 0.292715847492218 1062
1737429387732 0.4194958806037903 1063
1737429388049 0.4053223729133606 1064
1737429388367 0.41973525285720825 1065
1737429388700 0.3411402404308319 1066
1737429389026 0.2559218406677246 1067
1737429389341 0.34906575083732605 1068
1737429389657 0.33326542377471924 1069
1737429389976 0.2767760157585144 1070
1737429390292 0.38638705015182495 1071
1737429390609 0.22369183599948883 1072
1737429390927 0.393687903881073 1073
1737429391252 0.3943953216075897 1074
1737429391570 0.32193583250045776 1075
1737429391887 0.23773951828479767 1076
1737429392204 0.2767133414745331 1077
1737429392524 0.23353710770606995 1078
1737429392843 0.35277196764945984 1079
1737429393161 0.20553995668888092 1080
1737429393477 0.3212869167327881 1081
1737429393796 0.3214309811592102 1082
1737429394115 0.2855786085128784 1083
1737429394431 0.4691236615180969 1084
1737429394749 0.3605932295322418 1085
1737429395066 0.3242277204990387 1086
1737429395385 0.24965141713619232 1087
1737429395705 0.29111742973327637 1088
1737429396022 0.18684065341949463 1089
1737429396338 0.39448311924934387 1090
1737429396658 0.30191078782081604 1091
1737429396977 0.3977985084056854 1092
1737429397299 0.3681974411010742 1093
1737429397618 0.41347983479499817 1094
1737429397936 0.3074686527252197 1095
1737429398254 0.19619084894657135 1096
1737429398571 0.2854549288749695 1097
1737429398889 0.1904408037662506 1098
1737429399206 0.23267032206058502 1099
1737429399522 0.27034878730773926 1100
1737429399838 0.4227086007595062 1101
1737429400155 0.4213714599609375 1102
1737429400471 0.309688001871109 1103
1737429400786 0.30973461270332336 1104
1737429401104 0.3404000401496887 1105
1737429401421 0.3495168387889862 1106
1737429401741 0.35218214988708496 1107
1737429402056 0.3852439224720001 1108
1737429402372 0.3662744462490082 1109
1737429402691 0.31024089455604553 1110
1737429403009 0.3760170638561249 1111
1737429403326 0.442301869392395 1112
1737429403646 0.3833378851413727 1113
1737429403964 0.2824722230434418 1114
1737429404282 0.2573945224285126 1115
1737429404599 0.4015240967273712 1116
1737429404915 0.2762107849121094 1117
1737429405234 0.3129695951938629 1118
1737429405551 0.4143853783607483 1119
1737429405871 0.310075044631958 1120
1737429406188 0.25946640968322754 1121
1737429406506 0.30743828415870667 1122
1737429406822 0.20770831406116486 1123
1737429407141 0.2695477306842804 1124
1737429407456 0.3054719865322113 1125
1737429407775 0.2243424355983734 1126
1737429408093 0.24701347947120667 1127
1737429408411 0.2776264548301697 1128
1737429408729 0.41898661851882935 1129
1737429409057 0.36851638555526733 1130
1737429409380 0.20572729408740997 1131
1737429409697 0.25029778480529785 1132
1737429410016 0.3621376156806946 1133
1737429410332 0.3510924279689789 1134
1737429410651 0.48585566878318787 1135
1737429410969 0.26878291368484497 1136
1737429411287 0.3450602889060974 1137
1737429411608 0.4847694933414459 1138
1737429411929 0.3313422203063965 1139
1737429412244 0.25107136368751526 1140
1737429412563 0.24258624017238617 1141
1737429412882 0.3963846266269684 1142
1737429413198 0.2195957452058792 1143
1737429413515 0.264583945274353 1144
1737429413834 0.22684308886528015 1145
1737429414152 0.3257993161678314 1146
1737429414469 0.39009520411491394 1147
1737429414787 0.4471687972545624 1148
1737429415104 0.17035122215747833 1149
1737429415423 0.422406405210495 1150
1737429415747 0.2944982349872589 1151
1737429416066 0.30965563654899597 1152
1737429416384 0.39655572175979614 1153
1737429416703 0.30984076857566833 1154
1737429417019 0.18112510442733765 1155
1737429417337 0.2908317744731903 1156
1737429417656 0.21461030840873718 1157
1737429417975 0.24036550521850586 1158
1737429418293 0.32070377469062805 1159
1737429418611 0.4588695168495178 1160
1737429418931 0.3734046220779419 1161
1737429419250 0.3889531195163727 1162
1737429419568 0.3521343171596527 1163
1737429419886 0.41042548418045044 1164
1737429420206 0.196523517370224 1165
1737429420543 0.22045521438121796 1166
1737429420867 0.43041306734085083 1167
1737429421184 0.41704291105270386 1168
1737429421500 0.3454243242740631 1169
1737429421818 0.3154144287109375 1170
1737429422135 0.3543723523616791 1171
1737429422454 0.5179572105407715 1172
1737429422774 0.29439041018486023 1173
1737429423100 0.413299560546875 1174
1737429423417 0.2374858856201172 1175
1737429423738 0.26743483543395996 1176
1737429424056 0.27047082781791687 1177
1737429424374 0.35661497712135315 1178
1737429424692 0.19763633608818054 1179
1737429425011 0.3175232410430908 1180
1737429425331 0.29071131348609924 1181
1737429425651 0.34742239117622375 1182
1737429425970 0.32593899965286255 1183
1737429426289 0.2537199854850769 1184
1737429426606 0.2480696439743042 1185
1737429426926 0.3600570857524872 1186
1737429427244 0.37969496846199036 1187
1737429427563 0.22265538573265076 1188
1737429427884 0.4319199323654175 1189
1737429428201 0.3692181706428528 1190
1737429428519 0.2887885570526123 1191
1737429428837 0.3063899874687195 1192
1737429429156 0.43805235624313354 1193
1737429429473 0.22786404192447662 1194
1737429429791 0.24350757896900177 1195
1737429430110 0.3911533057689667 1196
1737429430429 0.33223068714141846 1197
1737429430747 0.45102912187576294 1198
1737429431064 0.38091111183166504 1199
1737429431382 0.4045789837837219 1200
1737429431699 0.35760697722435 1201
1737429432017 0.3047327697277069 1202
1737429432337 0.19756931066513062 1203
1737429432655 0.2694104313850403 1204
1737429432974 0.2874676287174225 1205
1737429433292 0.37103649973869324 1206
1737429433611 0.41322222352027893 1207
1737429433928 0.3424518406391144 1208
1737429434246 0.23646070063114166 1209
1737429434566 0.2718268036842346 1210
1737429434885 0.391320139169693 1211
1737429435203 0.29709094762802124 1212
1737429435521 0.3386180102825165 1213
1737429435840 0.4129736125469208 1214
1737429436158 0.24929408729076385 1215
1737429436476 0.3456677794456482 1216
1737429436794 0.4616919755935669 1217
1737429437113 0.5176524519920349 1218
1737429437434 0.25495627522468567 1219
1737429437751 0.25290048122406006 1220
1737429438072 0.22748035192489624 1221
1737429438391 0.3251393437385559 1222
1737429438707 0.26131191849708557 1223
1737429439028 0.44975173473358154 1224
1737429439345 0.22546933591365814 1225
1737429439662 0.4075643718242645 1226
1737429439979 0.2750284671783447 1227
1737429440296 0.5699263215065002 1228
1737429440613 0.2988712191581726 1229
1737429440931 0.30492985248565674 1230
1737429441249 0.32076022028923035 1231
1737429441568 0.3780706524848938 1232
1737429441886 0.4137163460254669 1233
1737429442204 0.3239676356315613 1234
1737429442521 0.4064615070819855 1235
1737429442838 0.3578042984008789 1236
1737429443157 0.29929107427597046 1237
1737429443477 0.3012923300266266 1238
1737429443792 0.44291314482688904 1239
1737429444110 0.38064122200012207 1240
1737429444429 0.33649685978889465 1241
1737429444746 0.5399011373519897 1242
1737429445063 0.3467805087566376 1243
1737429445383 0.23483827710151672 1244
1737429445700 0.31157106161117554 1245
1737429446022 0.3677268326282501 1246
1737429446338 0.2892276644706726 1247
1737429446656 0.2582821846008301 1248
1737429446976 0.27588513493537903 1249
1737429447297 0.42730212211608887 1250
1737429447613 0.2964257299900055 1251
1737429447930 0.39235588908195496 1252
1737429448247 0.30308201909065247 1253
1737429448566 0.2786393463611603 1254
1737429448885 0.3140529692173004 1255
1737429449201 0.48419031500816345 1256
1737429449519 0.38515356183052063 1257
1737429449837 0.23668788373470306 1258
1737429450155 0.26178011298179626 1259
1737429450473 0.27869996428489685 1260
1737429450789 0.32589173316955566 1261
1737429451108 0.36410287022590637 1262
1737429451424 0.41381675004959106 1263
1737429451744 0.21122916042804718 1264
1737429452060 0.2735167145729065 1265
1737429452380 0.320211797952652 1266
1737429452700 0.42745280265808105 1267
1737429453019 0.2292027622461319 1268
1737429453336 0.4040166735649109 1269
1737429453654 0.3707121014595032 1270
1737429453972 0.3313648998737335 1271
1737429454290 0.36611515283584595 1272
1737429454608 0.2443719506263733 1273
1737429454926 0.3969293534755707 1274
1737429455244 0.3848549425601959 1275
1737429455564 0.3320161700248718 1276
1737429455883 0.3145347535610199 1277
1737429456198 0.4161263704299927 1278
1737429456519 0.2506592571735382 1279
1737429456837 0.35690540075302124 1280
1737429457155 0.3283117413520813 1281
1737429457475 0.2530641257762909 1282
1737429457792 0.2843140661716461 1283
1737429458110 0.3292698264122009 1284
1737429458428 0.3303501605987549 1285
1737429458745 0.4232195019721985 1286
1737429459063 0.3409443199634552 1287
1737429459383 0.3950091600418091 1288
1737429459701 0.2885918617248535 1289
1737429460022 0.21550236642360687 1290
1737429460339 0.27397438883781433 1291
1737429460656 0.19855116307735443 1292
1737429460977 0.3586612641811371 1293
1737429461296 0.3958107829093933 1294
1737429461615 0.30575019121170044 1295
1737429461932 0.3512289524078369 1296
1737429462249 0.14039982855319977 1297
1737429462568 0.3389430642127991 1298
1737429462888 0.26841506361961365 1299
1737429463205 0.29091981053352356 1300
1737429463522 0.30289873480796814 1301
1737429463842 0.17464780807495117 1302
1737429464162 0.27240145206451416 1303
1737429464481 0.5344610810279846 1304
1737429464801 0.24827679991722107 1305
1737429465118 0.31795892119407654 1306
1737429465435 0.36537253856658936 1307
1737429465754 0.46245652437210083 1308
1737429466070 0.36111101508140564 1309
1737429466388 0.2686240077018738 1310
1737429466706 0.35324421525001526 1311
1737429467025 0.30039340257644653 1312
1737429467345 0.4183097183704376 1313
1737429467663 0.31497514247894287 1314
1737429467979 0.3767998218536377 1315
1737429468300 0.344503790140152 1316
1737429468618 0.434204638004303 1317
1737429468935 0.42480212450027466 1318
1737429469252 0.2596004605293274 1319
1737429469570 0.2149610072374344 1320
1737429469889 0.30965855717658997 1321
1737429470209 0.2249564528465271 1322
1737429470526 0.3236946165561676 1323
1737429470845 0.46358370780944824 1324
1737429471164 0.3693233132362366 1325
1737429471484 0.35312843322753906 1326
1737429471805 0.31981873512268066 1327
1737429472124 0.32804304361343384 1328
1737429472440 0.18165799975395203 1329
1737429472759 0.3778325915336609 1330
1737429473075 0.32913196086883545 1331
1737429473394 0.4511696398258209 1332
1737429473713 0.36755532026290894 1333
1737429474032 0.23936553299427032 1334
1737429474349 0.22174274921417236 1335
1737429474665 0.300047904253006 1336
1737429474984 0.22620271146297455 1337
1737429475303 0.23540925979614258 1338
1737429475621 0.2754453122615814 1339
1737429475938 0.2522859275341034 1340
1737429476256 0.352374404668808 1341
1737429476574 0.2007296234369278 1342
1737429476891 0.23814789950847626 1343
1737429477211 0.37461215257644653 1344
1737429477526 0.455476313829422 1345
1737429477844 0.41261759400367737 1346
1737429478163 0.30955439805984497 1347
1737429478480 0.32483920454978943 1348
1737429478799 0.39921581745147705 1349
1737429479116 0.2851002812385559 1350
1737429479433 0.2091733068227768 1351
1737429479753 0.38359788060188293 1352
1737429480069 0.4322429597377777 1353
1737429480387 0.3630160391330719 1354
1737429480704 0.31397590041160583 1355
1737429481021 0.40940478444099426 1356
1737429481340 0.47926512360572815 1357
1737429481659 0.276490718126297 1358
1737429481977 0.4866188168525696 1359
1737429482297 0.29536208510398865 1360
1737429482618 0.34646010398864746 1361
1737429482936 0.24479834735393524 1362
1737429483254 0.3398847281932831 1363
1737429483572 0.3027039170265198 1364
1737429483892 0.42927321791648865 1365
1737429484212 0.3628007769584656 1366
1737429484532 0.4901196360588074 1367
1737429484851 0.37998253107070923 1368
1737429485170 0.36529988050460815 1369
1737429485489 0.4109881520271301 1370
1737429485805 0.30201947689056396 1371
1737429486124 0.33511021733283997 1372
1737429486445 0.45590081810951233 1373
1737429486766 0.3313843905925751 1374
1737429487083 0.2786112427711487 1375
1737429487400 0.42159634828567505 1376
1737429487721 0.24171653389930725 1377
1737429488040 0.3522851765155792 1378
1737429488359 0.25549423694610596 1379
1737429488675 0.25207147002220154 1380
1737429488994 0.3094884753227234 1381
1737429489312 0.3984120488166809 1382
1737429489630 0.22533157467842102 1383
1737429489947 0.19634415209293365 1384
1737429490264 0.3251464068889618 1385
1737429490581 0.35832443833351135 1386
1737429490901 0.24950887262821198 1387
1737429491220 0.3090008497238159 1388
1737429491538 0.19932107627391815 1389
1737429491856 0.4420616626739502 1390
1737429492175 0.3190562129020691 1391
1737429492495 0.3467997610569 1392
1737429492812 0.17460224032402039 1393
1737429493132 0.32070082426071167 1394
1737429493450 0.3321636915206909 1395
1737429493769 0.32991284132003784 1396
1737429494088 0.3660709261894226 1397
1737429494406 0.1510862112045288 1398
1737429494726 0.32108166813850403 1399
1737429495043 0.30002838373184204 1400
1737429495362 0.2150268405675888 1401
1737429495679 0.36867958307266235 1402
1737429495998 0.25626593828201294 1403
1737429496317 0.2716157138347626 1404
1737429496635 0.314431756734848 1405
1737429496953 0.3621061444282532 1406
1737429497273 0.28313130140304565 1407
1737429497592 0.3852519094944 1408
1737429497909 0.2582564055919647 1409
1737429498228 0.2829657793045044 1410
1737429498548 0.2935130298137665 1411
1737429498867 0.2561105787754059 1412
1737429499186 0.2402489334344864 1413
1737429499506 0.2738249897956848 1414
1737429499825 0.29453369975090027 1415
1737429500143 0.3371557295322418 1416
1737429500463 0.3416067063808441 1417
1737429500780 0.3240676820278168 1418
1737429501098 0.377892404794693 1419
1737429501416 0.34625035524368286 1420
1737429501733 0.35335540771484375 1421
1737429502052 0.343553364276886 1422
1737429502371 0.41048556566238403 1423
1737429502690 0.40136241912841797 1424
1737429503011 0.4483560025691986 1425
1737429503330 0.2770964205265045 1426
1737429503647 0.34066659212112427 1427
1737429503964 0.3515406548976898 1428
1737429504281 0.29844799637794495 1429
1737429504599 0.3374054431915283 1430
1737429504918 0.29869550466537476 1431
1737429505236 0.41424432396888733 1432
1737429505552 0.3448014259338379 1433
1737429505871 0.24075591564178467 1434
1737429506188 0.31168320775032043 1435
1737429506509 0.4374687075614929 1436
1737429506826 0.33503884077072144 1437
1737429507145 0.25551941990852356 1438
1737429507465 0.3421778678894043 1439
1737429507782 0.35190698504447937 1440
1737429508101 0.33090007305145264 1441
1737429508417 0.25842568278312683 1442
1737429508733 0.23826396465301514 1443
1737429509051 0.29078683257102966 1444
1737429509373 0.3102162778377533 1445
1737429509688 0.2947632074356079 1446
1737429510008 0.39264723658561707 1447
1737429510325 0.27117133140563965 1448
1737429510644 0.28032949566841125 1449
1737429510962 0.22835324704647064 1450
1737429511281 0.2250143140554428 1451
1737429511599 0.29502588510513306 1452
1737429511917 0.3041553199291229 1453
1737429512235 0.17651331424713135 1454
1737429512554 0.3064102232456207 1455
1737429512870 0.3300032913684845 1456
1737429513187 0.22986754775047302 1457
1737429513506 0.40560486912727356 1458
1737429513824 0.4461010992527008 1459
1737429514140 0.3012365400791168 1460
1737429514458 0.26973292231559753 1461
1737429514775 0.32361531257629395 1462
1737429515092 0.2503463923931122 1463
1737429515410 0.32166415452957153 1464
1737429515728 0.2893799841403961 1465
1737429516045 0.2153974026441574 1466
1737429516365 0.3852238059043884 1467
1737429516682 0.2570931911468506 1468
1737429516999 0.2651546895503998 1469
1737429517317 0.2577228248119354 1470
1737429517634 0.31103798747062683 1471
1737429517951 0.2461748570203781 1472
1737429518269 0.3310176730155945 1473
1737429518587 0.39240309596061707 1474
1737429518906 0.355280339717865 1475
1737429519225 0.24888010323047638 1476
1737429519541 0.283185750246048 1477
1737429519860 0.4087943136692047 1478
1737429520182 0.36769965291023254 1479
1737429520501 0.4915628433227539 1480
1737429520817 0.2458488792181015 1481
1737429521135 0.32430189847946167 1482
1737429521453 0.2999171316623688 1483
1737429521771 0.4381287693977356 1484
1737429522090 0.3848450183868408 1485
1737429522408 0.3405449390411377 1486
1737429522724 0.20925448834896088 1487
1737429523042 0.214186891913414 1488
1737429523361 0.23366756737232208 1489
1737429523678 0.2688961923122406 1490
1737429523995 0.3593733310699463 1491
1737429524313 0.4037209749221802 1492
1737429524630 0.46596622467041016 1493
1737429524947 0.30990976095199585 1494
1737429525265 0.2510327100753784 1495
1737429525584 0.35005176067352295 1496
1737429525903 0.25037509202957153 1497
1737429526222 0.30583181977272034 1498
1737429526539 0.16175755858421326 1499
1737429526858 0.2106911838054657 1500
1737429527176 0.40716108679771423 1501
1737429527497 0.24281205236911774 1502
1737429527813 0.399364173412323 1503
1737429528131 0.31261715292930603 1504
1737429528449 0.19125615060329437 1505
1737429528770 0.2727859914302826 1506
1737429529088 0.2791666090488434 1507
1737429529406 0.2874600291252136 1508
1737429529724 0.3144984245300293 1509
1737429530041 0.3644813895225525 1510
1737429530360 0.263223260641098 1511
1737429530677 0.4945104718208313 1512
1737429530996 0.38814619183540344 1513
1737429531317 0.23239171504974365 1514
1737429531635 0.3250361382961273 1515
1737429531957 0.29050594568252563 1516
1737429532274 0.3829383850097656 1517
1737429532591 0.3264903128147125 1518
1737429532909 0.46006256341934204 1519
1737429533229 0.3682662844657898 1520
1737429533546 0.32987120747566223 1521
1737429533863 0.3660125732421875 1522
1737429534181 0.4898722767829895 1523
1737429534499 0.325534850358963 1524
1737429534816 0.3920019268989563 1525
1737429535135 0.3286013901233673 1526
1737429535452 0.21809415519237518 1527
1737429535770 0.3562338054180145 1528
1737429536088 0.3108849823474884 1529
1737429536405 0.2648034989833832 1530
1737429536723 0.2920561730861664 1531
1737429537042 0.34597352147102356 1532
1737429537361 0.31030428409576416 1533
1737429537679 0.3520386219024658 1534
1737429537998 0.35870012640953064 1535
1737429538317 0.2637886703014374 1536
1737429538635 0.3881058990955353 1537
1737429538954 0.2348901927471161 1538
1737429539271 0.32838520407676697 1539
1737429539589 0.3130320906639099 1540
1737429539908 0.5010196566581726 1541
1737429540227 0.26082074642181396 1542
1737429540546 0.28192585706710815 1543
1737429540863 0.3678353726863861 1544
1737429541180 0.3571542799472809 1545
1737429541500 0.2705059349536896 1546
1737429541818 0.45323288440704346 1547
1737429542136 0.30961593985557556 1548
1737429542456 0.3998951315879822 1549
1737429542775 0.2952364683151245 1550
1737429543092 0.2994351089000702 1551
1737429543410 0.45344895124435425 1552
1737429543730 0.30953460931777954 1553
1737429544049 0.36117321252822876 1554
1737429544367 0.21801260113716125 1555
1737429544686 0.2058853954076767 1556
1737429545006 0.2950344383716583 1557
1737429545324 0.2274283766746521 1558
1737429545643 0.3005031943321228 1559
1737429545960 0.4154027998447418 1560
1737429546277 0.3432407081127167 1561
1737429546596 0.2611768841743469 1562
1737429546915 0.2888169586658478 1563
1737429547236 0.33010414242744446 1564
1737429547554 0.3367931544780731 1565
1737429547873 0.26989075541496277 1566
1737429548193 0.23966334760189056 1567
1737429548511 0.3077738881111145 1568
1737429548828 0.32110360264778137 1569
1737429549145 0.3307255208492279 1570
1737429549462 0.3913867473602295 1571
1737429549779 0.19878144562244415 1572
1737429550100 0.24212127923965454 1573
1737429550416 0.4258725047111511 1574
1737429550735 0.3272247612476349 1575
1737429551052 0.2815365493297577 1576
1737429551367 0.282226026058197 1577
1737429551688 0.26995012164115906 1578
1737429552006 0.307119756937027 1579
1737429552325 0.21335279941558838 1580
1737429552642 0.2926003038883209 1581
1737429552959 0.26626256108283997 1582
1737429553277 0.2756583094596863 1583
1737429553596 0.2454756498336792 1584
1737429553913 0.2960745096206665 1585
1737429554232 0.3333989977836609 1586
1737429554550 0.3897290527820587 1587
1737429554867 0.2897011935710907 1588
1737429555188 0.2971651554107666 1589
1737429555506 0.20118176937103271 1590
1737429555822 0.28735053539276123 1591
1737429556140 0.2717958390712738 1592
1737429556460 0.2651001811027527 1593
1737429556780 0.3012409508228302 1594
1737429557099 0.23508372902870178 1595
1737429557415 0.48919162154197693 1596
1737429557735 0.2911716103553772 1597
1737429558053 0.2516036033630371 1598
1737429558371 0.34179219603538513 1599
1737429558688 0.26670506596565247 1600
1737429559007 0.34198644757270813 1601
1737429559332 0.3392234742641449 1602
1737429559654 0.3264186680316925 1603
1737429559975 0.31410151720046997 1604
1737429560293 0.328572154045105 1605
1737429560611 0.3124769330024719 1606
1737429560929 0.32055968046188354 1607
1737429561247 0.2641673982143402 1608
1737429561564 0.30183145403862 1609
1737429561881 0.35499975085258484 1610
1737429562200 0.23860576748847961 1611
1737429562519 0.37382760643959045 1612
1737429562838 0.2788735628128052 1613
1737429563155 0.3136267364025116 1614
1737429563472 0.28869810700416565 1615
1737429563790 0.2925167977809906 1616
1737429564110 0.23804976046085358 1617
1737429564430 0.3023393750190735 1618
1737429564748 0.30293652415275574 1619
1737429565068 0.15874657034873962 1620
1737429565386 0.30535560846328735 1621
1737429565704 0.2585172951221466 1622
1737429566022 0.33040890097618103 1623
1737429566341 0.22288133203983307 1624
1737429566660 0.211113840341568 1625
1737429566979 0.3032020926475525 1626
1737429567297 0.24294091761112213 1627
1737429567616 0.2744772136211395 1628
1737429567936 0.30578911304473877 1629
1737429568254 0.42310938239097595 1630
1737429568574 0.2552528977394104 1631
1737429568891 0.4446709156036377 1632
1737429569211 0.31758514046669006 1633
1737429569531 0.29045218229293823 1634
1737429569846 0.27153241634368896 1635
1737429570165 0.31339016556739807 1636
1737429570484 0.2958482503890991 1637
1737429570805 0.24136285483837128 1638
1737429571125 0.34270229935646057 1639
1737429571443 0.37329766154289246 1640
1737429571763 0.31363600492477417 1641
1737429572084 0.5256437063217163 1642
1737429572402 0.24140971899032593 1643
1737429572719 0.3750419616699219 1644
1737429573037 0.21586239337921143 1645
1737429573357 0.3969230353832245 1646
1737429573677 0.27108386158943176 1647
1737429573995 0.3094199597835541 1648
1737429574311 0.41257157921791077 1649
1737429574628 0.14998725056648254 1650
1737429574946 0.30401572585105896 1651
1737429575264 0.28303495049476624 1652
1737429575583 0.2522979974746704 1653
1737429575900 0.3277837336063385 1654
1737429576218 0.34062451124191284 1655
1737429576539 0.31384119391441345 1656
1737429576854 0.15421590209007263 1657
1737429577172 0.33302098512649536 1658
1737429577491 0.25193604826927185 1659
1737429577812 0.22270844876766205 1660
1737429578132 0.28054285049438477 1661
1737429578452 0.2709253132343292 1662
1737429578771 0.31220176815986633 1663
1737429579088 0.26451799273490906 1664
1737429579405 0.20774267613887787 1665
1737429579722 0.32684776186943054 1666
1737429580040 0.23952975869178772 1667
1737429580357 0.2974338233470917 1668
1737429580679 0.31278538703918457 1669
1737429580999 0.29375365376472473 1670
1737429581316 0.3002515733242035 1671
1737429581636 0.23214584589004517 1672
1737429581954 0.40346699953079224 1673
1737429582272 0.374525249004364 1674
1737429582591 0.32183316349983215 1675
1737429582908 0.35542285442352295 1676
1737429583226 0.3206098973751068 1677
1737429583545 0.28832903504371643 1678
1737429583863 0.3058845102787018 1679
1737429584181 0.3086605966091156 1680
1737429584500 0.2740921974182129 1681
1737429584816 0.3142983615398407 1682
1737429585133 0.24279813468456268 1683
1737429585452 0.26922833919525146 1684
1737429585769 0.31538626551628113 1685
1737429586086 0.386597216129303 1686
1737429586405 0.28324753046035767 1687
1737429586724 0.3523630201816559 1688
1737429587040 0.20488125085830688 1689
1737429587360 0.23777994513511658 1690
1737429587678 0.22228825092315674 1691
1737429587995 0.3313775956630707 1692
1737429588313 0.36347696185112 1693
1737429588632 0.3945522606372833 1694
1737429588951 0.20430627465248108 1695
1737429589270 0.3546198606491089 1696
1737429589587 0.43948695063591003 1697
1737429589906 0.1522780805826187 1698
1737429590225 0.23791435360908508 1699
1737429590545 0.1570228934288025 1700
1737429590862 0.4379235506057739 1701
1737429591181 0.2779007852077484 1702
1737429591504 0.3423946797847748 1703
1737429591825 0.2702871561050415 1704
1737429592144 0.23154602944850922 1705
1737429592462 0.1724158376455307 1706
1737429592781 0.1859271377325058 1707
1737429593099 0.2691255509853363 1708
1737429593418 0.33388015627861023 1709
1737429593736 0.25075000524520874 1710
1737429594055 0.2299770712852478 1711
1737429594374 0.21595871448516846 1712
1737429594692 0.3792770206928253 1713
1737429595013 0.3401621878147125 1714
1737429595329 0.26503250002861023 1715
1737429595648 0.2926122546195984 1716
1737429595966 0.3334345519542694 1717
1737429596285 0.3265463709831238 1718
1737429596601 0.3478788435459137 1719
1737429596922 0.25641167163848877 1720
1737429597242 0.16466832160949707 1721
1737429597559 0.32984107732772827 1722
1737429597875 0.22376641631126404 1723
1737429598081 0.19307659566402435 1724
1737429614280 0.2843307554721832 1725
1737429614598 0.2448674887418747 1726
1737429614915 0.3073732554912567 1727
1737429615230 0.3793604373931885 1728
1737429615548 0.37194132804870605 1729
1737429615868 0.29654577374458313 1730
1737429616185 0.21874745190143585 1731
1737429616502 0.1558382213115692 1732
1737429616819 0.3134802579879761 1733
1737429617136 0.2959061563014984 1734
1737429617452 0.28589946031570435 1735
1737429617771 0.21098649501800537 1736
1737429618089 0.4202600121498108 1737
1737429618407 0.1978854238986969 1738
1737429618723 0.258421391248703 1739
1737429619042 0.2849414646625519 1740
1737429619359 0.26513391733169556 1741
1737429619674 0.2983182966709137 1742
1737429619992 0.18115763366222382 1743
1737429620310 0.20760180056095123 1744
1737429620632 0.23059587180614471 1745
1737429620949 0.2663085162639618 1746
1737429621266 0.3270910680294037 1747
1737429621583 0.357771098613739 1748
1737429621898 0.2803475260734558 1749
1737429622216 0.27387896180152893 1750
1737429622535 0.4348210096359253 1751
1737429622854 0.43101173639297485 1752
1737429623170 0.15066230297088623 1753
1737429623489 0.13971610367298126 1754
1737429623806 0.41155412793159485 1755
1737429624124 0.2786312997341156 1756
1737429624441 0.3764727711677551 1757
1737429624760 0.249195858836174 1758
1737429625078 0.42197707295417786 1759
1737429625394 0.3051290214061737 1760
1737429625711 0.44940587878227234 1761
1737429626030 0.20444656908512115 1762
1737429626349 0.22096528112888336 1763
1737429626667 0.3379048705101013 1764
1737429626988 0.34523719549179077 1765
1737429627305 0.3695765733718872 1766
1737429627626 0.34426161646842957 1767
1737429627944 0.35551029443740845 1768
1737429628262 0.350048691034317 1769
1737429628580 0.36707520484924316 1770
1737429628897 0.3037060797214508 1771
1737429629215 0.2818393111228943 1772
1737429629534 0.25007960200309753 1773
1737429629853 0.3031427264213562 1774
1737429630171 0.2826796770095825 1775
1737429630488 0.272047758102417 1776
1737429630806 0.267104834318161 1777
1737429631126 0.21581803262233734 1778
1737429631446 0.2739114463329315 1779
1737429631767 0.317976713180542 1780
1737429632085 0.25021350383758545 1781
1737429632402 0.193670392036438 1782
1737429632721 0.25558897852897644 1783
1737429633039 0.35269495844841003 1784
1737429633357 0.33720797300338745 1785
1737429633673 0.27086517214775085 1786
1737429633994 0.32311558723449707 1787
1737429634311 0.3601053059101105 1788
1737429634630 0.32035136222839355 1789
1737429634946 0.2698144018650055 1790
1737429635265 0.2824586033821106 1791
1737429635583 0.27191251516342163 1792
1737429635903 0.21705082058906555 1793
1737429636220 0.2564777433872223 1794
1737429636537 0.3208315968513489 1795
1737429636854 0.40051940083503723 1796
1737429637173 0.2837468981742859 1797
1737429637491 0.2879936099052429 1798
1737429637808 0.223615363240242 1799
1737429638127 0.13163000345230103 1800
1737429638445 0.20582827925682068 1801
1737429638765 0.4014492332935333 1802
1737429639083 0.22909730672836304 1803
1737429639401 0.28023210167884827 1804
1737429639719 0.26307395100593567 1805
1737429640037 0.22769033908843994 1806
1737429640357 0.2362324446439743 1807
1737429640674 0.47186988592147827 1808
1737429640992 0.2529558539390564 1809
1737429641309 0.21433649957180023 1810
1737429641629 0.30776435136795044 1811
1737429641945 0.34735745191574097 1812
1737429642266 0.36962947249412537 1813
1737429642584 0.34355032444000244 1814
1737429642902 0.25531691312789917 1815
1737429643223 0.27855050563812256 1816
1737429643546 0.34625935554504395 1817
1737429643870 0.339478462934494 1818
1737429644187 0.26926854252815247 1819
1737429644504 0.2107745110988617 1820
1737429644823 0.31889140605926514 1821
1737429645141 0.35606592893600464 1822
1737429645460 0.40797892212867737 1823
1737429645778 0.2115803211927414 1824
1737429646095 0.18643531203269958 1825
1737429646412 0.3267308175563812 1826
1737429646729 0.21788476407527924 1827
1737429647048 0.4167115092277527 1828
1737429647366 0.2613371014595032 1829
1737429647680 0.19622226059436798 1830
1737429648007 0.2864934206008911 1831
1737429648325 0.22438769042491913 1832
1737429648643 0.26725348830223083 1833
1737429648961 0.2843579351902008 1834
1737429649278 0.26814988255500793 1835
1737429649596 0.30672866106033325 1836
1737429649914 0.2394939512014389 1837
1737429650235 0.11847543716430664 1838
1737429650552 0.2529762387275696 1839
1737429650869 0.40498360991477966 1840
1737429651185 0.12440655380487442 1841
1737429651505 0.18427589535713196 1842
1737429651831 0.27458351850509644 1843
1737429652150 0.2974500358104706 1844
1737429652468 0.17970332503318787 1845
1737429652785 0.24898265302181244 1846
1737429653105 0.28245535492897034 1847
1737429653422 0.2679247558116913 1848
1737429653740 0.25319626927375793 1849
1737429654060 0.22148682177066803 1850
1737429654379 0.2767239511013031 1851
1737429654697 0.2643025517463684 1852
1737429655016 0.1969267874956131 1853
1737429655334 0.25352343916893005 1854
1737429655654 0.1919654905796051 1855
1737429655975 0.19614723324775696 1856
1737429656290 0.26150017976760864 1857
1737429656607 0.19663295149803162 1858
1737429656924 0.199866384267807 1859
1737429657243 0.38762274384498596 1860
1737429657562 0.17613603174686432 1861
1737429657881 0.17829464375972748 1862
1737429658201 0.2831725776195526 1863
1737429658518 0.2582140266895294 1864
1737429658837 0.20902033150196075 1865
1737429659156 0.23211060464382172 1866
1737429659475 0.2582913041114807 1867
1737429659792 0.2755613625049591 1868
1737429660109 0.24011003971099854 1869
1737429660425 0.20647206902503967 1870
1737429660744 0.20684264600276947 1871
1737429661063 0.1758277714252472 1872
1737429661382 0.1750897467136383 1873
1737429661700 0.21660302579402924 1874
1737429662017 0.2080431431531906 1875
1737429662336 0.1922968626022339 1876
1737429662654 0.18149851262569427 1877
1737429662972 0.23328687250614166 1878
1737429663289 0.2170555293560028 1879
1737429663608 0.20516128838062286 1880
1737429663928 0.2878478765487671 1881
1737429664246 0.2506841719150543 1882
1737429664564 0.1898079514503479 1883
1737429664882 0.3570782244205475 1884
1737429665202 0.22321566939353943 1885
1737429665519 0.16614025831222534 1886
1737429665837 0.16918669641017914 1887
1737429666154 0.2212533801794052 1888
1737429666472 0.30190035700798035 1889
1737429666789 0.18947534263134003 1890
1737429667107 0.1821863204240799 1891
1737429667425 0.29489079117774963 1892
1737429667745 0.22251848876476288 1893
1737429668064 0.19998948276042938 1894
1737429668384 0.2786642909049988 1895
1737429668700 0.21966299414634705 1896
1737429669019 0.2537945508956909 1897
1737429669337 0.2793303430080414 1898
1737429669654 0.37534675002098083 1899
1737429669975 0.23362138867378235 1900
1737429670291 0.24892573058605194 1901
1737429670609 0.31987133622169495 1902
1737429670927 0.21030892431735992 1903
1737429671247 0.21515771746635437 1904
1737429671567 0.12027908116579056 1905
1737429671885 0.2572113573551178 1906
1737429672203 0.23999641835689545 1907
1737429672521 0.28607794642448425 1908
1737429672840 0.1684695929288864 1909
1737429673155 0.23713159561157227 1910
1737429673474 0.22517861425876617 1911
1737429673794 0.23044206202030182 1912
1737429674112 0.27231645584106445 1913
1737429674429 0.30233848094940186 1914
1737429674748 0.21254421770572662 1915
1737429675067 0.13953398168087006 1916
1737429675386 0.21202823519706726 1917
1737429675703 0.15771201252937317 1918
1737429676022 0.3031521141529083 1919
1737429676340 0.18537570536136627 1920
1737429676659 0.13372468948364258 1921
1737429676977 0.26007962226867676 1922
1737429677295 0.2687416970729828 1923
1737429677613 0.1725892871618271 1924
1737429677932 0.2824440002441406 1925
1737429678251 0.24611864984035492 1926
1737429678569 0.3003436326980591 1927
1737429678886 0.19337931275367737 1928
1737429679202 0.1037474274635315 1929
1737429679521 0.1800442636013031 1930
1737429679839 0.1881384253501892 1931
1737429680156 0.12033522874116898 1932
1737429680475 0.3486773371696472 1933
1737429680793 0.13167546689510345 1934
1737429681111 0.30447643995285034 1935
1737429681430 0.28914767503738403 1936
1737429681748 0.20865757763385773 1937
1737429682066 0.15047968924045563 1938
1737429682386 0.17869429290294647 1939
1737429682705 0.13103161752223969 1940
1737429683024 0.17391876876354218 1941
1737429683340 0.107709139585495 1942
1737429683659 0.27487555146217346 1943
1737429683976 0.17379675805568695 1944
1737429684293 0.2853376269340515 1945
1737429684611 0.33909672498703003 1946
1737429684930 0.22775571048259735 1947
1737429685249 0.20688089728355408 1948
1737429685567 0.16147279739379883 1949
1737429685886 0.1901894062757492 1950
1737429686206 0.07752257585525513 1951
1737429686523 0.27667778730392456 1952
1737429686839 0.20827648043632507 1953
1737429687156 0.1731565147638321 1954
1737429687478 0.3173983097076416 1955
1737429687797 0.354939341545105 1956
1737429688115 0.1764121949672699 1957
1737429688435 0.09265979379415512 1958
1737429688754 0.19720251858234406 1959
1737429689072 0.11964607983827591 1960
1737429689391 0.21652387082576752 1961
1737429689713 0.14734824001789093 1962
1737429690033 0.2558683454990387 1963
1737429690353 0.21759988367557526 1964
1737429690672 0.18292126059532166 1965
1737429690990 0.2348550707101822 1966
1737429691307 0.22547350823879242 1967
1737429691624 0.2411365509033203 1968
1737429691945 0.1860891431570053 1969
1737429692261 0.24249467253684998 1970
1737429692579 0.22209204733371735 1971
1737429692897 0.16959859430789948 1972
1737429693215 0.21803654730319977 1973
1737429693535 0.34632807970046997 1974
1737429693854 0.2209717035293579 1975
1737429694173 0.17834949493408203 1976
1737429694490 0.13537228107452393 1977
1737429694811 0.3306332528591156 1978
1737429695127 0.1566316932439804 1979
1737429695447 0.20113776624202728 1980
1737429695765 0.2708599269390106 1981
1737429696082 0.15995246171951294 1982
1737429696402 0.13643047213554382 1983
1737429696721 0.15819098055362701 1984
1737429697039 0.16719584167003632 1985
1737429697357 0.18064987659454346 1986
1737429697676 0.20333613455295563 1987
1737429697993 0.08814141899347305 1988
1737429698310 0.14335058629512787 1989
1737429698627 0.15414829552173615 1990
1737429698947 0.2405831664800644 1991
1737429699264 0.1982758343219757 1992
1737429699582 0.11835126578807831 1993
1737429699903 0.1315828412771225 1994
1737429700222 0.28238147497177124 1995
1737429700540 0.2367616593837738 1996
1737429700860 0.30456045269966125 1997
1737429701177 0.17167241871356964 1998
1737429701496 0.2886519730091095 1999
1737429701814 0.27130287885665894 2000
1737429702132 0.17657014727592468 2001
1737429702451 0.12353457510471344 2002
1737429702770 0.10319645702838898 2003
1737429703091 0.19723816215991974 2004
1737429703407 0.11539661139249802 2005
1737429703726 0.1954432725906372 2006
1737429704044 0.1759987473487854 2007
1737429704361 0.16524243354797363 2008
1737429704678 0.2164008766412735 2009
1737429704998 0.2774166762828827 2010
1737429705319 0.06969483196735382 2011
1737429705638 0.2760152518749237 2012
1737429705957 0.28639915585517883 2013
1737429706275 0.27591627836227417 2014
1737429706596 0.21291165053844452 2015
1737429706915 0.14665518701076508 2016
1737429707234 0.09984242171049118 2017
1737429707552 0.16519497334957123 2018
1737429707871 0.15618668496608734 2019
1737429708189 0.14538131654262543 2020
1737429708507 0.20559310913085938 2021
1737429708826 0.35513147711753845 2022
1737429709143 0.1668320894241333 2023
1737429709461 0.28109651803970337 2024
1737429709779 0.313190758228302 2025
1737429710099 0.24633531272411346 2026
1737429710415 0.11121546477079391 2027
1737429710734 0.1761118620634079 2028
1737429711052 0.24582450091838837 2029
1737429711372 0.19855476915836334 2030
1737429711697 0.1915336549282074 2031
1737429712018 0.1154123991727829 2032
1737429712335 0.2173995077610016 2033
1737429712653 0.3198665380477905 2034
