1737429032737 0.9285714285714286 1
1737429033053 0.8709677419354839 2
1737429033369 0.9047619047619048 3
1737429033683 0.7727272727272727 4
1737429034000 0.6451612903225806 5
1737429034322 0.3783783783783784 6
1737429034645 0.5357142857142857 7
1737429034959 0.5357142857142857 8
1737429035281 0.2413793103448276 9
1737429035596 0.3448275862068966 10
1737429035913 0.2222222222222222 11
1737429036229 0.3333333333333333 12
1737429036545 0.06451612903225806 13
1737429036861 0.10344827586206896 14
1737429037177 0.1111111111111111 15
1737429037491 0.029411764705882353 16
1737429037808 0.075 17
1737429038126 0.030303030303030304 18
1737429038441 0.08823529411764706 19
1737429038764 0.08695652173913043 20
1737429039079 0.16 21
1737429039395 0.17142857142857143 22
1737429039714 0.29411764705882354 23
1737429040032 0.4117647058823529 24
1737429040439 0.2903225806451613 25
1737429040801 0.3333333333333333 26
1737429041184 0.3076923076923077 27
1737429041535 0.4 28
1737429041884 0.36 29
1737429042211 0.30303030303030304 30
1737429042531 0.3 31
1737429042848 0.3333333333333333 32
1737429043164 0.34285714285714286 33
1737429043480 0.25 34
1737429043796 0.4375 35
1737429044111 0.5517241379310345 36
1737429044425 0.38461538461538464 37
1737429044741 0.5416666666666666 38
1737429045058 0.5128205128205128 39
1737429045374 0.42857142857142855 40
1737429045689 0.4230769230769231 41
1737429046010 0.4411764705882353 42
1737429046330 0.35714285714285715 43
1737429046645 0.2903225806451613 44
1737429046958 0.625 45
1737429047272 0.32142857142857145 46
1737429047591 0.27586206896551724 47
1737429047911 0.4642857142857143 48
1737429048226 0.3333333333333333 49
1737429048541 0.35714285714285715 50
1737429048857 0.3181818181818182 51
1737429049175 0.47058823529411764 52
1737429049491 0.3103448275862069 53
1737429049807 0.48484848484848486 54
1737429050124 0.32142857142857145 55
1737429050439 0.2857142857142857 56
1737429050754 0.36363636363636365 57
1737429051071 0.78125 58
1737429051386 0.5714285714285714 59
1737429051707 0.44 60
1737429052023 0.7058823529411765 61
1737429052340 0.4074074074074074 62
1737429052657 0.5757575757575758 63
1737429052973 0.5384615384615384 64
1737429053290 0.29411764705882354 65
1737429053608 0.35135135135135137 66
1737429053923 0.4444444444444444 67
1737429054237 0.5294117647058824 68
1737429054554 0.56 69
1737429054868 0.5135135135135135 70
1737429055184 0.4838709677419355 71
1737429055498 0.36363636363636365 72
1737429055815 0.6333333333333333 73
1737429056131 0.7741935483870968 74
1737429056449 0.6086956521739131 75
1737429056765 0.6666666666666666 76
1737429057084 0.65625 77
1737429057400 0.6857142857142857 78
1737429057718 0.6296296296296297 79
1737429058046 0.45161290322580644 80
1737429058378 0.6 81
1737429058694 0.5142857142857142 82
1737429059012 0.5757575757575758 83
1737429059331 0.6333333333333333 84
1737429059647 0.7419354838709677 85
1737429059962 0.78125 86
1737429060280 0.8333333333333334 87
1737429060598 0.696969696969697 88
1737429060914 0.6875 89
1737429061234 0.5862068965517241 90
1737429061551 0.5151515151515151 91
1737429061869 0.6774193548387096 92
1737429062185 0.375 93
1737429062503 0.4358974358974359 94
1737429062821 0.6486486486486487 95
1737429063139 0.7073170731707317 96
1737429063456 0.6521739130434783 97
1737429063772 0.7777777777777778 98
1737429064089 0.65625 99
1737429064406 0.76 100
1737429064722 0.8484848484848485 101
1737429065040 0.8275862068965517 102
1737429065356 0.84375 103
1737429065674 0.625 104
1737429065990 0.7058823529411765 105
1737429066307 0.8064516129032258 106
1737429066623 0.8064516129032258 107
1737429066940 0.6206896551724138 108
1737429067258 0.6388888888888888 109
1737429067577 0.5555555555555556 110
1737429067895 0.6206896551724138 111
1737429068213 0.625 112
1737429068529 0.7857142857142857 113
1737429068846 0.8529411764705882 114
1737429069162 0.6666666666666666 115
1737429069478 0.7647058823529411 116
1737429069795 0.7692307692307693 117
1737429070113 0.5714285714285714 118
1737429070430 0.6666666666666666 119
1737429070748 0.7142857142857143 120
1737429071066 0.625 121
1737429071383 0.7096774193548387 122
1737429071702 0.575 123
1737429072018 0.6052631578947368 124
1737429072336 0.6521739130434783 125
1737429072652 0.71875 126
1737429072968 0.7307692307692307 127
1737429073285 0.8275862068965517 128
1737429073603 0.8157894736842105 129
1737429073920 0.7941176470588235 130
1737429074238 0.7931034482758621 131
1737429074552 0.7586206896551724 132
1737429074870 0.7096774193548387 133
1737429075188 0.4230769230769231 134
1737429075508 0.7567567567567568 135
1737429075823 0.52 136
1737429076141 0.7741935483870968 137
1737429076455 0.7241379310344828 138
1737429076774 0.7142857142857143 139
1737429077091 0.7878787878787878 140
1737429077407 0.6052631578947368 141
1737429077724 0.6785714285714286 142
1737429078042 0.6363636363636364 143
1737429078358 0.7666666666666667 144
1737429078673 0.6896551724137931 145
1737429078991 0.6451612903225806 146
1737429079307 0.5161290322580645 147
1737429079627 0.65 148
1737429079944 0.5238095238095238 149
1737429080261 0.6666666666666666 150
1737429080579 0.6829268292682927 151
1737429080897 0.68 152
1737429081214 0.6666666666666666 153
1737429081532 0.7857142857142857 154
1737429081848 0.72 155
1737429082166 0.6857142857142857 156
1737429082484 0.7241379310344828 157
1737429082801 0.5625 158
1737429083118 0.5666666666666667 159
1737429083437 0.6 160
1737429083756 0.6071428571428571 161
1737429084072 0.6923076923076923 162
1737429084389 0.6944444444444444 163
1737429084706 0.8064516129032258 164
1737429085023 0.6666666666666666 165
1737429085341 0.9 166
1737429085657 0.8695652173913043 167
1737429085971 0.7241379310344828 168
1737429086289 0.696969696969697 169
1737429086608 0.71875 170
1737429086924 0.7037037037037037 171
1737429087240 0.75 172
1737429087557 0.5862068965517241 173
1737429087875 0.6956521739130435 174
1737429088191 0.5714285714285714 175
1737429088508 0.59375 176
1737429088826 0.7 177
1737429089147 0.6896551724137931 178
1737429089465 0.8387096774193549 179
1737429089782 0.7931034482758621 180
1737429090099 0.7575757575757576 181
1737429090417 0.696969696969697 182
1737429090734 0.5161290322580645 183
1737429091050 0.7027027027027027 184
1737429091367 0.8 185
1737429091683 0.7352941176470589 186
1737429092001 0.6538461538461539 187
1737429092320 0.6071428571428571 188
1737429092638 0.6206896551724138 189
1737429092955 0.696969696969697 190
1737429093273 0.5666666666666667 191
1737429093590 0.782608695652174 192
1737429093908 0.59375 193
1737429094225 0.7837837837837838 194
1737429094542 0.7241379310344828 195
1737429094860 0.6333333333333333 196
1737429095176 0.7 197
1737429095493 0.6486486486486487 198
1737429095812 0.68 199
1737429096132 0.7 200
1737429096452 0.6 201
1737429096767 0.5 202
1737429097083 0.47058823529411764 203
1737429097401 0.4666666666666667 204
1737429097720 0.6 205
1737429098036 0.6451612903225806 206
1737429098351 0.6176470588235294 207
1737429098670 0.7916666666666666 208
1737429098987 0.8148148148148148 209
1737429099305 0.7407407407407407 210
1737429099620 0.5862068965517241 211
1737429099936 0.6071428571428571 212
1737429100256 0.6944444444444444 213
1737429100576 0.7931034482758621 214
1737429100892 0.75 215
1737429101210 0.6666666666666666 216
1737429101527 0.6666666666666666 217
1737429101842 0.8378378378378378 218
1737429102159 0.6818181818181818 219
1737429102476 0.71875 220
1737429102794 0.7037037037037037 221
1737429103112 0.6333333333333333 222
1737429103430 0.6216216216216216 223
1737429103747 0.6428571428571429 224
1737429104065 0.6129032258064516 225
1737429104381 0.8421052631578947 226
1737429104698 0.75 227
1737429105016 0.7575757575757576 228
1737429105333 0.8333333333333334 229
1737429105651 0.7428571428571429 230
1737429105969 0.6129032258064516 231
1737429106287 0.7857142857142857 232
1737429106602 0.7555555555555555 233
1737429106918 0.7142857142857143 234
1737429107238 0.6571428571428571 235
1737429107557 0.7741935483870968 236
1737429107875 0.88 237
1737429108193 0.8064516129032258 238
1737429108511 0.625 239
1737429108828 0.6551724137931034 240
1737429109144 0.6129032258064516 241
1737429109461 0.7241379310344828 242
1737429109782 0.6 243
1737429110098 0.5862068965517241 244
1737429110416 0.6666666666666666 245
1737429110732 0.7948717948717948 246
1737429111051 0.6774193548387096 247
1737429111371 0.8275862068965517 248
1737429111694 0.8055555555555556 249
1737429112014 0.7666666666666667 250
1737429112330 0.8571428571428571 251
1737429112648 0.631578947368421 252
1737429112964 0.5454545454545454 253
1737429113283 0.5806451612903226 254
1737429113600 0.6176470588235294 255
1737429113919 0.6976744186046512 256
1737429114237 0.7027027027027027 257
1737429114555 0.7037037037037037 258
1737429114874 0.8108108108108109 259
1737429115191 0.72 260
1737429115510 0.8787878787878788 261
1737429115829 0.8214285714285714 262
1737429116146 0.76 263
1737429116465 0.7352941176470589 264
1737429116782 0.76 265
1737429117100 0.7307692307692307 266
1737429117418 0.6428571428571429 267
1737429117735 0.6666666666666666 268
1737429118052 0.6571428571428571 269
1737429118370 0.7 270
1737429118687 0.6486486486486487 271
1737429119004 0.8214285714285714 272
1737429119323 0.6153846153846154 273
1737429119642 0.8571428571428571 274
1737429119960 0.75 275
1737429120279 0.7631578947368421 276
1737429120596 0.6666666666666666 277
1737429120915 0.6666666666666666 278
1737429121233 0.6333333333333333 279
1737429121550 0.5897435897435898 280
1737429121867 0.6 281
1737429122185 0.625 282
1737429122501 0.7666666666666667 283
1737429122820 0.8387096774193549 284
1737429123136 0.7428571428571429 285
1737429123453 0.9444444444444444 286
1737429123772 0.9666666666666667 287
1737429124089 0.6764705882352942 288
1737429124409 0.7857142857142857 289
1737429124725 0.6428571428571429 290
1737429125042 0.6470588235294118 291
1737429125359 0.6 292
1737429125677 0.8 293
1737429125995 0.65625 294
1737429126311 0.72 295
1737429126628 0.7692307692307693 296
1737429126946 0.6666666666666666 297
1737429127265 0.6176470588235294 298
1737429127584 0.6666666666666666 299
1737429127901 0.6470588235294118 300
1737429128218 0.625 301
1737429128537 0.6904761904761905 302
1737429128855 0.8888888888888888 303
1737429129177 0.9285714285714286 304
1737429129513 0.7857142857142857 305
1737429129837 0.6896551724137931 306
1737429130159 0.72 307
1737429130478 0.76 308
1737429130794 0.6 309
1737429131113 0.5 310
1737429131430 0.7352941176470589 311
1737429131747 0.7 312
1737429132065 0.8695652173913043 313
1737429132386 0.7333333333333333 314
1737429132704 0.72 315
1737429133018 0.75 316
1737429133335 0.7916666666666666 317
1737429133655 0.65 318
1737429133973 0.7647058823529411 319
1737429134291 0.7 320
1737429134607 0.6 321
1737429134927 0.75 322
1737429135246 0.7741935483870968 323
1737429135564 0.7741935483870968 324
1737429135882 0.8205128205128205 325
1737429136199 0.8275862068965517 326
1737429136518 0.8095238095238095 327
1737429136836 0.7352941176470589 328
1737429137154 0.7777777777777778 329
1737429137472 0.625 330
1737429137788 0.6857142857142857 331
1737429138104 0.75 332
1737429138425 0.7419354838709677 333
1737429138744 0.5 334
1737429139059 0.8529411764705882 335
1737429139376 0.71875 336
1737429139695 0.696969696969697 337
1737429140016 0.5757575757575758 338
1737429140337 0.6774193548387096 339
1737429140657 0.71875 340
1737429140976 0.7857142857142857 341
1737429141293 0.7586206896551724 342
1737429141615 0.7941176470588235 343
1737429141932 0.7037037037037037 344
1737429142249 0.8529411764705882 345
1737429142572 0.8846153846153846 346
1737429142890 0.6666666666666666 347
1737429143206 0.7575757575757576 348
1737429143523 0.7666666666666667 349
1737429143843 0.7272727272727273 350
1737429144166 0.65625 351
1737429144485 0.7428571428571429 352
1737429144805 0.9 353
1737429145122 0.7666666666666667 354
1737429145439 0.5416666666666666 355
1737429145754 0.7222222222222222 356
1737429146070 0.5833333333333334 357
1737429146388 0.8 358
1737429146705 0.9130434782608695 359
1737429147022 0.7435897435897436 360
1737429147339 0.8214285714285714 361
1737429147659 0.8125 362
1737429147977 0.6923076923076923 363
1737429148293 0.6363636363636364 364
1737429148610 0.6923076923076923 365
1737429148927 0.7222222222222222 366
1737429149246 0.782608695652174 367
1737429149564 0.7307692307692307 368
1737429149880 0.8181818181818182 369
1737429150197 0.8064516129032258 370
1737429150516 0.6666666666666666 371
1737429150834 0.6451612903225806 372
1737429151151 0.5666666666666667 373
1737429151470 0.6666666666666666 374
1737429151787 0.8076923076923077 375
1737429152107 0.8518518518518519 376
1737429152425 0.5454545454545454 377
1737429152744 0.5357142857142857 378
1737429153063 0.6764705882352942 379
1737429153383 0.6470588235294118 380
1737429153700 0.6333333333333333 381
1737429154016 0.8148148148148148 382
1737429154335 0.6857142857142857 383
1737429154651 0.8620689655172413 384
1737429154970 0.8275862068965517 385
1737429155286 0.8 386
1737429155607 0.6129032258064516 387
1737429155925 0.53125 388
1737429156244 0.6206896551724138 389
1737429156560 0.71875 390
1737429156879 0.6428571428571429 391
1737429157195 0.6333333333333333 392
1737429157514 0.7142857142857143 393
1737429157831 0.53125 394
1737429158148 0.5517241379310345 395
1737429158465 0.5882352941176471 396
1737429158782 0.7142857142857143 397
1737429159103 0.6764705882352942 398
1737429159419 0.675 399
1737429159737 0.8076923076923077 400
1737429160054 0.7741935483870968 401
1737429160372 0.9411764705882353 402
1737429160690 0.8148148148148148 403
1737429161008 0.7941176470588235 404
1737429161323 0.6428571428571429 405
1737429161646 0.7241379310344828 406
1737429161964 0.7037037037037037 407
1737429162280 0.7741935483870968 408
1737429162598 0.6666666666666666 409
1737429162916 0.5517241379310345 410
1737429163234 0.6774193548387096 411
1737429163552 0.5161290322580645 412
1737429163869 0.5384615384615384 413
1737429164185 0.5769230769230769 414
1737429164504 0.6842105263157895 415
1737429164821 0.7931034482758621 416
1737429165141 0.7931034482758621 417
1737429165460 0.8787878787878788 418
1737429165779 0.8461538461538461 419
1737429166097 0.8372093023255814 420
1737429166414 0.7575757575757576 421
1737429166733 0.8108108108108109 422
1737429167050 0.8484848484848485 423
1737429167367 0.625 424
1737429167685 0.75 425
1737429168004 0.71875 426
1737429168322 0.8461538461538461 427
1737429168641 0.8461538461538461 428
1737429168959 0.7857142857142857 429
1737429169280 0.8928571428571429 430
1737429169599 0.5925925925925926 431
1737429169919 0.7105263157894737 432
1737429170237 0.78125 433
1737429170555 0.7096774193548387 434
1737429170873 0.8846153846153846 435
1737429171189 0.52 436
1737429171509 0.8275862068965517 437
1737429171831 0.6129032258064516 438
1737429172149 0.7096774193548387 439
1737429172468 0.7692307692307693 440
1737429172785 0.7407407407407407 441
1737429173104 0.48484848484848486 442
1737429173421 0.5714285714285714 443
1737429173739 0.6842105263157895 444
1737429174058 0.8333333333333334 445
1737429174378 0.8064516129032258 446
1737429174696 0.84375 447
1737429175013 0.7083333333333334 448
1737429175330 0.7941176470588235 449
1737429175649 0.6363636363636364 450
1737429175966 0.75 451
1737429176283 0.6470588235294118 452
1737429176601 0.5588235294117647 453
1737429176919 0.75 454
1737429177237 0.5925925925925926 455
1737429177555 0.7272727272727273 456
1737429177871 0.6551724137931034 457
1737429178189 0.8214285714285714 458
1737429178507 0.9 459
1737429178824 0.7575757575757576 460
1737429179142 0.7941176470588235 461
1737429179459 0.5555555555555556 462
1737429179775 0.6944444444444444 463
1737429180094 0.7307692307692307 464
1737429180413 0.7428571428571429 465
1737429180730 0.6818181818181818 466
1737429181048 0.8461538461538461 467
1737429181367 0.6428571428571429 468
1737429181683 0.7083333333333334 469
1737429182001 0.5517241379310345 470
1737429182319 0.6896551724137931 471
1737429182639 0.76 472
1737429182957 0.8888888888888888 473
1737429183274 0.4857142857142857 474
1737429183593 0.75 475
1737429183911 0.8 476
1737429184229 0.65625 477
1737429184546 0.5909090909090909 478
1737429184863 0.6428571428571429 479
1737429185180 0.7666666666666667 480
1737429185497 0.6923076923076923 481
1737429185814 0.75 482
1737429186133 0.6875 483
1737429186454 0.5862068965517241 484
1737429186769 0.65625 485
1737429187087 0.7741935483870968 486
1737429187406 0.7916666666666666 487
1737429187725 0.75 488
1737429188043 0.6666666666666666 489
1737429188362 0.6111111111111112 490
1737429188678 0.5142857142857142 491
1737429188996 0.5757575757575758 492
1737429189313 0.5862068965517241 493
1737429189630 0.5333333333333333 494
1737429189947 0.5882352941176471 495
1737429190263 0.625 496
1737429190579 0.7241379310344828 497
1737429190895 0.75 498
1737429191214 0.9166666666666666 499
1737429191532 0.875 500
1737429191849 0.6333333333333333 501
1737429192167 0.8484848484848485 502
1737429192484 0.7560975609756098 503
1737429192802 0.6785714285714286 504
1737429193120 0.6875 505
1737429193438 0.5217391304347826 506
1737429193756 0.6666666666666666 507
1737429194071 0.5454545454545454 508
1737429194389 0.5925925925925926 509
1737429194707 0.7407407407407407 510
1737429195024 0.6363636363636364 511
1737429195342 0.71875 512
1737429195657 0.6363636363636364 513
1737429195974 0.75 514
1737429196291 0.9130434782608695 515
1737429196611 0.775 516
1737429196926 0.7586206896551724 517
1737429197242 0.84375 518
1737429197560 0.7222222222222222 519
1737429197877 0.7096774193548387 520
1737429198194 0.8064516129032258 521
1737429198512 0.8181818181818182 522
1737429198830 0.6428571428571429 523
1737429199147 0.78125 524
1737429199465 0.8275862068965517 525
1737429199785 0.7428571428571429 526
1737429200104 0.8214285714285714 527
1737429200420 0.5862068965517241 528
1737429200741 0.7272727272727273 529
1737429201057 0.8055555555555556 530
1737429201376 0.8148148148148148 531
1737429201695 1.0 532
1737429202015 0.8 533
1737429202333 0.6764705882352942 534
1737429202653 0.7333333333333333 535
1737429202971 0.7931034482758621 536
1737429203288 0.78125 537
1737429203606 0.5454545454545454 538
1737429203922 0.78125 539
1737429204240 0.75 540
1737429204557 0.7419354838709677 541
1737429204875 0.8064516129032258 542
1737429205191 0.76 543
1737429205509 0.7586206896551724 544
1737429205826 0.75 545
1737429206145 0.6551724137931034 546
1737429206463 0.8571428571428571 547
1737429206778 0.8181818181818182 548
1737429207098 0.8461538461538461 549
1737429207416 0.9032258064516129 550
1737429207734 0.8064516129032258 551
1737429208050 0.8235294117647058 552
1737429208365 0.6333333333333333 553
1737429208681 0.6666666666666666 554
1737429209000 0.7058823529411765 555
1737429209321 0.7142857142857143 556
1737429209637 0.8 557
1737429209954 0.7142857142857143 558
1737429210273 0.68 559
1737429210589 0.75 560
1737429210907 0.7666666666666667 561
1737429211225 0.7368421052631579 562
1737429211541 0.7368421052631579 563
1737429211858 0.7419354838709677 564
1737429212177 0.8333333333333334 565
1737429212493 0.7241379310344828 566
1737429212810 0.76 567
1737429213129 0.7297297297297297 568
1737429213446 0.7878787878787878 569
1737429213765 0.6551724137931034 570
1737429214082 0.71875 571
1737429214401 0.868421052631579 572
1737429214719 0.75 573
1737429215038 0.5625 574
1737429215355 0.8666666666666667 575
1737429215674 0.8666666666666667 576
1737429215993 0.9354838709677419 577
1737429216311 0.6 578
1737429216627 0.7272727272727273 579
1737429216944 0.7647058823529411 580
1737429217262 0.8387096774193549 581
1737429217580 0.8064516129032258 582
1737429217899 0.7428571428571429 583
1737429218216 0.6666666666666666 584
1737429218533 0.6764705882352942 585
1737429218854 0.76 586
1737429219173 0.68 587
1737429219490 0.6875 588
1737429219808 0.7027027027027027 589
1737429220125 0.75 590
1737429220443 0.7272727272727273 591
1737429220761 0.8333333333333334 592
1737429221078 0.6756756756756757 593
1737429221395 0.75 594
1737429221713 0.7037037037037037 595
1737429222030 0.7058823529411765 596
1737429222346 0.7428571428571429 597
1737429222667 0.7931034482758621 598
1737429222988 0.7741935483870968 599
1737429223304 0.7631578947368421 600
1737429223622 0.6944444444444444 601
1737429223940 0.7297297297297297 602
1737429224258 0.78125 603
1737429224576 0.7407407407407407 604
1737429224898 0.8108108108108109 605
1737429225214 0.8 606
1737429225532 0.7777777777777778 607
1737429225851 0.8620689655172413 608
1737429226169 0.8275862068965517 609
1737429226488 0.8846153846153846 610
1737429226807 0.7142857142857143 611
1737429227123 0.6153846153846154 612
1737429227441 0.7241379310344828 613
1737429227759 0.7777777777777778 614
1737429228075 0.7941176470588235 615
1737429228396 0.6451612903225806 616
1737429228713 0.5714285714285714 617
1737429229030 0.6 618
1737429229349 0.7941176470588235 619
1737429229670 0.7419354838709677 620
1737429229987 0.9090909090909091 621
1737429230303 0.775 622
1737429230620 0.75 623
1737429230938 0.8571428571428571 624
1737429231255 0.90625 625
1737429231581 0.896551724137931 626
1737429231900 0.8235294117647058 627
1737429232214 0.7586206896551724 628
1737429232533 0.6285714285714286 629
1737429232852 0.7777777777777778 630
1737429233169 0.625 631
1737429233487 0.875 632
1737429233803 0.8 633
1737429234119 0.8928571428571429 634
1737429234439 0.8529411764705882 635
1737429234755 0.8846153846153846 636
1737429235073 0.9615384615384616 637
1737429235390 0.896551724137931 638
1737429235707 0.64 639
1737429236026 0.8235294117647058 640
1737429236346 0.6774193548387096 641
1737429236666 0.75 642
1737429236984 0.76 643
1737429237302 0.5172413793103449 644
1737429237621 0.6153846153846154 645
1737429237938 0.7647058823529411 646
1737429238258 0.6410256410256411 647
1737429238576 0.8928571428571429 648
1737429238893 0.9 649
1737429239213 0.9285714285714286 650
1737429239528 0.7941176470588235 651
1737429239845 0.8571428571428571 652
1737429240163 0.8846153846153846 653
1737429240481 0.7307692307692307 654
1737429240800 0.7777777777777778 655
1737429241118 0.6764705882352942 656
1737429241436 0.6071428571428571 657
1737429241754 0.45161290322580644 658
1737429242072 0.7142857142857143 659
1737429242389 0.5185185185185185 660
1737429242707 0.7058823529411765 661
1737429243024 0.7567567567567568 662
1737429243341 0.6216216216216216 663
1737429243659 0.868421052631579 664
1737429243980 0.8823529411764706 665
1737429244297 0.8518518518518519 666
1737429244612 0.8076923076923077 667
1737429244931 0.7714285714285715 668
1737429245247 0.8148148148148148 669
1737429245565 0.7428571428571429 670
1737429245884 0.5882352941176471 671
1737429246200 0.5862068965517241 672
1737429246520 0.6 673
1737429246839 0.782608695652174 674
1737429247155 0.5 675
1737429247471 0.75 676
1737429247789 0.5862068965517241 677
1737429248109 0.6551724137931034 678
1737429248430 0.5161290322580645 679
1737429248747 0.7083333333333334 680
1737429249064 0.7741935483870968 681
1737429249383 0.6875 682
1737429249700 0.7083333333333334 683
1737429250016 0.7692307692307693 684
1737429250334 0.6774193548387096 685
1737429250652 0.6923076923076923 686
1737429250971 0.6774193548387096 687
1737429251290 0.7 688
1737429251609 0.6666666666666666 689
1737429251927 0.6774193548387096 690
1737429252243 0.8666666666666667 691
1737429252561 0.6666666666666666 692
1737429252879 0.7727272727272727 693
1737429253195 0.7058823529411765 694
1737429253511 0.7941176470588235 695
1737429253831 0.7666666666666667 696
1737429254150 0.6071428571428571 697
1737429254469 0.5454545454545454 698
1737429254785 0.4642857142857143 699
1737429255103 0.6538461538461539 700
1737429255422 0.7419354838709677 701
1737429255740 0.75 702
1737429256059 0.8620689655172413 703
1737429256380 0.7586206896551724 704
1737429256696 0.8 705
1737429257016 0.7419354838709677 706
1737429257331 0.72 707
1737429257648 0.9130434782608695 708
1737429257967 0.5882352941176471 709
1737429258285 0.8 710
1737429258601 0.75 711
1737429258919 0.8 712
1737429259237 0.6857142857142857 713
1737429259558 0.7058823529411765 714
1737429259875 0.8064516129032258 715
1737429260194 0.7333333333333333 716
1737429260513 0.6363636363636364 717
1737429260831 0.7857142857142857 718
1737429261150 0.7647058823529411 719
1737429261468 0.7407407407407407 720
1737429261785 0.88 721
1737429262103 0.8235294117647058 722
1737429262421 0.8 723
1737429262739 0.8108108108108109 724
1737429263063 0.625 725
1737429263392 0.8333333333333334 726
1737429263710 0.72 727
1737429264027 0.8787878787878788 728
1737429264346 0.8235294117647058 729
1737429264663 0.7741935483870968 730
1737429264983 0.8 731
1737429265301 0.9166666666666666 732
1737429265618 0.8125 733
1737429265934 0.7419354838709677 734
1737429266252 0.7297297297297297 735
1737429266569 0.7272727272727273 736
1737429266887 0.7666666666666667 737
1737429267207 0.7441860465116279 738
1737429267524 0.7096774193548387 739
1737429267842 0.8 740
1737429268158 0.6774193548387096 741
1737429268476 0.8666666666666667 742
1737429268793 0.875 743
1737429269113 0.8148148148148148 744
1737429269430 0.7837837837837838 745
1737429269751 0.7777777777777778 746
1737429270068 0.7142857142857143 747
1737429270387 0.8055555555555556 748
1737429270705 0.7096774193548387 749
1737429271022 0.6 750
1737429271341 0.696969696969697 751
1737429271659 0.59375 752
1737429271977 0.84 753
1737429272295 0.875 754
1737429272613 0.8205128205128205 755
1737429272931 0.84 756
1737429273250 0.8787878787878788 757
1737429273568 0.8484848484848485 758
1737429273886 0.7941176470588235 759
1737429274205 0.76 760
1737429274524 0.8571428571428571 761
1737429274841 0.7692307692307693 762
1737429275160 0.78125 763
1737429275477 0.7307692307692307 764
1737429275800 0.7272727272727273 765
1737429276118 0.6363636363636364 766
1737429276438 0.7586206896551724 767
1737429276755 0.5416666666666666 768
1737429277075 0.9 769
1737429277394 0.7307692307692307 770
1737429277713 0.88 771
1737429278031 0.8717948717948718 772
1737429278350 0.9230769230769231 773
1737429278668 0.7777777777777778 774
1737429278986 0.8148148148148148 775
1737429279304 0.7419354838709677 776
1737429279622 0.6956521739130435 777
1737429279942 0.6111111111111112 778
1737429280258 0.6774193548387096 779
1737429280577 0.5806451612903226 780
1737429280894 0.7 781
1737429281212 0.5714285714285714 782
1737429281530 0.8823529411764706 783
1737429281850 0.6896551724137931 784
1737429282167 0.8461538461538461 785
1737429282483 0.7916666666666666 786
1737429282802 0.7586206896551724 787
1737429283123 0.967741935483871 788
1737429283440 0.8064516129032258 789
1737429283757 0.8666666666666667 790
1737429284076 0.7714285714285715 791
1737429284393 0.7083333333333334 792
1737429284710 0.71875 793
1737429285026 0.6333333333333333 794
1737429285344 0.7391304347826086 795
1737429285662 0.6551724137931034 796
1737429285980 0.6944444444444444 797
1737429286296 0.782608695652174 798
1737429286614 0.7428571428571429 799
1737429286932 0.8 800
1737429287257 0.7916666666666666 801
1737429287576 0.9310344827586207 802
1737429287893 0.90625 803
1737429288212 0.6521739130434783 804
1737429288531 0.7777777777777778 805
1737429288849 0.7428571428571429 806
1737429289165 0.7142857142857143 807
1737429289483 0.7352941176470589 808
1737429289802 0.8571428571428571 809
1737429290120 0.8421052631578947 810
1737429290438 0.71875 811
1737429290755 0.75 812
1737429291073 0.8 813
1737429291393 0.7096774193548387 814
1737429291722 0.8181818181818182 815
1737429292041 0.7096774193548387 816
1737429292365 0.78125 817
1737429292684 0.7931034482758621 818
1737429293003 0.8108108108108109 819
1737429293321 0.7741935483870968 820
1737429293638 0.8571428571428571 821
1737429293960 0.7 822
1737429294279 0.6666666666666666 823
1737429294599 0.6521739130434783 824
1737429294916 0.8064516129032258 825
1737429295235 0.7714285714285715 826
1737429295554 0.7647058823529411 827
1737429295869 0.8 828
1737429296187 0.7777777777777778 829
1737429296505 0.6551724137931034 830
1737429296824 0.8666666666666667 831
1737429297143 0.6956521739130435 832
1737429297462 0.7741935483870968 833
1737429297780 0.6538461538461539 834
1737429298098 0.8571428571428571 835
1737429298415 0.8333333333333334 836
1737429298735 0.7222222222222222 837
1737429299053 0.8857142857142857 838
1737429299369 0.6551724137931034 839
1737429299686 0.7142857142857143 840
1737429300007 0.7894736842105263 841
1737429300328 0.75 842
1737429300645 0.8 843
1737429300964 0.7941176470588235 844
1737429301282 0.84375 845
1737429301602 0.8064516129032258 846
1737429301920 0.7931034482758621 847
1737429302238 0.7916666666666666 848
1737429302556 0.7878787878787878 849
1737429302874 0.6129032258064516 850
1737429303193 0.5483870967741935 851
1737429303510 0.5625 852
1737429303827 0.8620689655172413 853
1737429304144 0.7222222222222222 854
1737429304459 0.7037037037037037 855
1737429304776 0.8387096774193549 856
1737429305095 0.6875 857
1737429305415 0.7575757575757576 858
1737429305735 0.8695652173913043 859
1737429306052 0.8064516129032258 860
1737429306370 0.7105263157894737 861
1737429306585 0.56 862
1737429324080 0.8928571428571429 863
1737429324401 0.7741935483870968 864
1737429324717 0.6666666666666666 865
1737429325034 0.8181818181818182 866
1737429325351 0.8709677419354839 867
1737429325668 0.8378378378378378 868
1737429325986 0.8571428571428571 869
1737429326301 0.75 870
1737429326618 0.7931034482758621 871
1737429326935 0.7931034482758621 872
1737429327255 0.8518518518518519 873
1737429327573 0.8148148148148148 874
1737429327890 0.5806451612903226 875
1737429328207 0.7931034482758621 876
1737429328525 0.7407407407407407 877
1737429328839 0.7352941176470589 878
1737429329154 0.825 879
1737429329471 0.7575757575757576 880
1737429329789 0.7352941176470589 881
1737429330105 0.8695652173913043 882
1737429330423 0.72 883
1737429330741 0.7428571428571429 884
1737429331058 0.7647058823529411 885
1737429331376 0.9117647058823529 886
1737429331694 0.8064516129032258 887
1737429332012 0.8484848484848485 888
1737429332333 0.7307692307692307 889
1737429332650 0.8571428571428571 890
1737429332967 0.84 891
1737429333284 0.8484848484848485 892
1737429333601 0.6 893
1737429333920 0.7777777777777778 894
1737429334237 0.6571428571428571 895
1737429334555 0.6875 896
1737429334876 0.6875 897
1737429335192 0.7241379310344828 898
1737429335512 0.7307692307692307 899
1737429335829 0.875 900
1737429336145 0.8205128205128205 901
1737429336462 0.6 902
1737429336782 0.7307692307692307 903
1737429337100 0.6176470588235294 904
1737429337416 0.8214285714285714 905
1737429337733 0.6451612903225806 906
1737429338054 0.875 907
1737429338372 0.75 908
1737429338689 0.5172413793103449 909
1737429339004 0.8214285714285714 910
1737429339322 0.696969696969697 911
1737429339641 0.6785714285714286 912
1737429339958 0.7727272727272727 913
1737429340275 0.7352941176470589 914
1737429340593 0.6206896551724138 915
1737429340910 0.8484848484848485 916
1737429341229 0.7857142857142857 917
1737429341546 0.6857142857142857 918
1737429341863 0.6363636363636364 919
1737429342184 0.875 920
1737429342506 0.8095238095238095 921
1737429342823 0.76 922
1737429343144 0.8823529411764706 923
1737429343459 0.7407407407407407 924
1737429343778 0.8484848484848485 925
1737429344096 0.8461538461538461 926
1737429344414 0.6764705882352942 927
1737429344730 0.8108108108108109 928
1737429345049 0.7407407407407407 929
1737429345371 0.8235294117647058 930
1737429345690 0.84 931
1737429346005 0.7297297297297297 932
1737429346322 0.7096774193548387 933
1737429346642 0.7272727272727273 934
1737429346959 0.8 935
1737429347276 0.8064516129032258 936
1737429347594 0.8260869565217391 937
1737429347911 0.8666666666666667 938
1737429348231 0.90625 939
1737429348549 0.8571428571428571 940
1737429348865 0.8518518518518519 941
1737429349186 0.6451612903225806 942
1737429349504 0.7333333333333333 943
1737429349822 0.9142857142857143 944
1737429350139 0.8787878787878788 945
1737429350456 0.6666666666666666 946
1737429350774 0.7741935483870968 947
1737429351094 0.78125 948
1737429351429 0.7916666666666666 949
1737429351753 0.7575757575757576 950
1737429352072 0.875 951
1737429352391 0.7931034482758621 952
1737429352710 0.7878787878787878 953
1737429353028 0.8064516129032258 954
1737429353342 0.53125 955
1737429353660 0.6923076923076923 956
1737429353977 0.7837837837837838 957
1737429354293 0.8780487804878049 958
1737429354614 0.782608695652174 959
1737429354932 0.9259259259259259 960
1737429355250 0.8125 961
1737429355566 0.64 962
1737429355883 0.8484848484848485 963
1737429356200 0.7586206896551724 964
1737429356519 0.71875 965
1737429356839 0.5625 966
1737429357154 0.7058823529411765 967
1737429357470 0.8709677419354839 968
1737429357789 0.8387096774193549 969
1737429358109 0.8275862068965517 970
1737429358427 0.6666666666666666 971
1737429358746 0.7777777777777778 972
1737429359061 0.8275862068965517 973
1737429359381 0.75 974
1737429359696 0.8928571428571429 975
1737429360015 0.9411764705882353 976
1737429360338 0.7777777777777778 977
1737429360655 0.7941176470588235 978
1737429360972 0.9230769230769231 979
1737429361289 0.8928571428571429 980
1737429361607 0.7666666666666667 981
1737429361926 0.7619047619047619 982
1737429362243 0.75 983
1737429362558 0.7419354838709677 984
1737429362874 0.825 985
1737429363192 0.7105263157894737 986
1737429363511 0.8043478260869565 987
1737429363830 0.875 988
1737429364150 0.8076923076923077 989
1737429364466 0.8620689655172413 990
1737429364784 0.8421052631578947 991
1737429365101 0.8529411764705882 992
1737429365419 0.896551724137931 993
1737429365738 0.9310344827586207 994
1737429366054 0.8709677419354839 995
1737429366373 0.8846153846153846 996
1737429366690 0.8378378378378378 997
1737429367007 0.64 998
1737429367325 0.8709677419354839 999
1737429367642 0.896551724137931 1000
1737429367962 0.8571428571428571 1001
1737429368279 0.7575757575757576 1002
1737429368597 0.7368421052631579 1003
1737429368917 0.7142857142857143 1004
1737429369238 0.7727272727272727 1005
1737429369554 0.8 1006
1737429369873 0.7931034482758621 1007
1737429370191 0.7096774193548387 1008
1737429370509 0.8387096774193549 1009
1737429370827 0.875 1010
1737429371144 0.7619047619047619 1011
1737429371461 0.8095238095238095 1012
1737429371780 0.8048780487804879 1013
1737429372097 0.88 1014
1737429372413 0.6923076923076923 1015
1737429372731 0.8571428571428571 1016
1737429373048 0.8 1017
1737429373401 0.8571428571428571 1018
1737429373721 0.8620689655172413 1019
1737429374038 0.78125 1020
1737429374358 0.8 1021
1737429374674 0.8 1022
1737429374993 0.8928571428571429 1023
1737429375310 0.8076923076923077 1024
1737429375629 0.8055555555555556 1025
1737429375946 0.8064516129032258 1026
1737429376264 0.7435897435897436 1027
1737429376580 0.8 1028
1737429376898 0.9130434782608695 1029
1737429377219 0.8275862068965517 1030
1737429377545 0.7272727272727273 1031
1737429377861 0.84375 1032
1737429378177 0.7407407407407407 1033
1737429378497 0.8571428571428571 1034
1737429378813 0.7931034482758621 1035
1737429379132 0.9130434782608695 1036
1737429379450 0.7142857142857143 1037
1737429379765 0.75 1038
1737429380083 0.7 1039
1737429380402 0.7241379310344828 1040
1737429380721 0.8387096774193549 1041
1737429381039 0.7931034482758621 1042
1737429381360 0.8181818181818182 1043
1737429381676 0.8484848484848485 1044
1737429381996 0.6451612903225806 1045
1737429382313 0.7567567567567568 1046
1737429382631 0.9 1047
1737429382952 0.8235294117647058 1048
1737429383271 0.7692307692307693 1049
1737429383588 0.7142857142857143 1050
1737429383906 0.6896551724137931 1051
1737429384223 0.7878787878787878 1052
1737429384541 0.7666666666666667 1053
1737429384858 0.8260869565217391 1054
1737429385175 0.71875 1055
1737429385492 0.8648648648648649 1056
1737429385812 0.7931034482758621 1057
1737429386131 0.8 1058
1737429386447 0.825 1059
1737429386764 0.8108108108108109 1060
1737429387083 0.8 1061
1737429387401 0.95 1062
1737429387721 0.7 1063
1737429388037 0.75 1064
1737429388356 0.7647058823529411 1065
1737429388682 0.8 1066
1737429389015 0.8333333333333334 1067
1737429389330 0.8064516129032258 1068
1737429389646 0.7352941176470589 1069
1737429389965 0.875 1070
1737429390281 0.7777777777777778 1071
1737429390598 0.8148148148148148 1072
1737429390915 0.8275862068965517 1073
1737429391240 0.75 1074
1737429391558 0.8055555555555556 1075
1737429391875 0.9310344827586207 1076
1737429392193 0.875 1077
1737429392512 0.8484848484848485 1078
1737429392832 0.7037037037037037 1079
1737429393149 0.8648648648648649 1080
1737429393466 0.7727272727272727 1081
1737429393784 0.78125 1082
1737429394101 0.8518518518518519 1083
1737429394419 0.7333333333333333 1084
1737429394738 0.7567567567567568 1085
1737429395055 0.7857142857142857 1086
1737429395374 0.7741935483870968 1087
1737429395693 0.868421052631579 1088
1737429396011 0.90625 1089
1737429396327 0.7878787878787878 1090
1737429396645 0.8611111111111112 1091
1737429396965 0.8 1092
1737429397287 0.7741935483870968 1093
1737429397606 0.8928571428571429 1094
1737429397924 0.9111111111111111 1095
1737429398242 0.8571428571428571 1096
1737429398559 0.8285714285714286 1097
1737429398878 0.9354838709677419 1098
1737429399195 1.0 1099
1737429399510 0.9032258064516129 1100
1737429399827 0.78125 1101
1737429400144 0.7241379310344828 1102
1737429400459 0.8064516129032258 1103
1737429400774 0.7586206896551724 1104
1737429401093 0.7 1105
1737429401410 0.6551724137931034 1106
1737429401729 0.8 1107
1737429402045 0.8205128205128205 1108
1737429402361 0.7741935483870968 1109
1737429402679 0.9310344827586207 1110
1737429402998 0.8333333333333334 1111
1737429403315 0.8666666666666667 1112
1737429403634 0.9428571428571428 1113
1737429403953 0.9473684210526315 1114
1737429404270 0.8181818181818182 1115
1737429404588 0.7419354838709677 1116
1737429404904 0.8529411764705882 1117
1737429405222 0.8372093023255814 1118
1737429405540 0.8378378378378378 1119
1737429405859 0.7037037037037037 1120
1737429406177 0.7837837837837838 1121
1737429406495 0.8 1122
1737429406810 0.9090909090909091 1123
1737429407129 0.8571428571428571 1124
1737429407445 0.88 1125
1737429407764 0.9117647058823529 1126
1737429408082 0.88 1127
1737429408400 0.8461538461538461 1128
1737429408717 0.7857142857142857 1129
1737429409038 0.8 1130
1737429409369 0.8571428571428571 1131
1737429409686 0.8333333333333334 1132
1737429410005 0.7027027027027027 1133
1737429410321 0.7857142857142857 1134
1737429410639 0.6153846153846154 1135
1737429410958 0.7857142857142857 1136
1737429411276 0.78125 1137
1737429411595 0.868421052631579 1138
1737429411917 0.8055555555555556 1139
1737429412233 0.7777777777777778 1140
1737429412552 0.9 1141
1737429412870 0.8205128205128205 1142
1737429413187 0.8 1143
1737429413503 0.9166666666666666 1144
1737429413823 0.9 1145
1737429414140 0.9032258064516129 1146
1737429414457 0.7428571428571429 1147
1737429414776 0.9444444444444444 1148
1737429415092 0.9333333333333333 1149
1737429415411 0.7647058823529411 1150
1737429415735 0.8214285714285714 1151
1737429416054 0.75 1152
1737429416373 0.7941176470588235 1153
1737429416692 0.7428571428571429 1154
1737429417008 0.9142857142857143 1155
1737429417326 0.875 1156
1737429417644 0.84 1157
1737429417964 0.9230769230769231 1158
1737429418281 0.8333333333333334 1159
1737429418600 0.7647058823529411 1160
1737429418919 0.875 1161
1737429419239 0.8235294117647058 1162
1737429419557 0.8333333333333334 1163
1737429419874 0.6904761904761905 1164
1737429420195 0.9259259259259259 1165
1737429420524 0.9642857142857143 1166
1737429420854 0.8928571428571429 1167
1737429421173 0.8275862068965517 1168
1737429421489 0.8 1169
1737429421807 0.8 1170
1737429422124 0.8 1171
1737429422442 0.6 1172
1737429422763 0.7647058823529411 1173
1737429423089 0.7 1174
1737429423406 0.8260869565217391 1175
1737429423726 0.9 1176
1737429424044 0.92 1177
1737429424361 0.8 1178
1737429424681 0.9166666666666666 1179
1737429425000 0.825 1180
1737429425320 0.9117647058823529 1181
1737429425640 0.9 1182
1737429425959 0.8666666666666667 1183
1737429426277 0.8333333333333334 1184
1737429426594 0.9032258064516129 1185
1737429426914 0.8709677419354839 1186
1737429427233 0.7435897435897436 1187
1737429427551 0.7931034482758621 1188
1737429427872 0.7619047619047619 1189
1737429428190 0.7352941176470589 1190
1737429428507 0.8888888888888888 1191
1737429428826 0.9166666666666666 1192
1737429429145 0.8285714285714286 1193
1737429429462 0.9375 1194
1737429429780 0.9032258064516129 1195
1737429430098 0.7916666666666666 1196
1737429430418 0.9117647058823529 1197
1737429430735 0.84375 1198
1737429431052 0.7575757575757576 1199
1737429431370 0.6666666666666666 1200
1737429431688 0.7096774193548387 1201
1737429432006 0.8125 1202
1737429432326 0.8928571428571429 1203
1737429432644 0.7931034482758621 1204
1737429432962 0.9117647058823529 1205
1737429433281 0.8518518518518519 1206
1737429433600 0.8823529411764706 1207
1737429433917 0.9230769230769231 1208
1737429434234 0.9259259259259259 1209
1737429434554 0.9393939393939394 1210
1737429434873 0.9 1211
1737429435191 0.8181818181818182 1212
1737429435510 0.6875 1213
1737429435829 0.7714285714285715 1214
1737429436147 0.925 1215
1737429436465 0.7333333333333333 1216
1737429436782 0.5 1217
1737429437101 0.75 1218
1737429437423 0.75 1219
1737429437740 0.8857142857142857 1220
1737429438060 0.9565217391304348 1221
1737429438380 0.8205128205128205 1222
1737429438696 0.9285714285714286 1223
1737429439017 0.90625 1224
1737429439334 0.8461538461538461 1225
1737429439651 0.8181818181818182 1226
1737429439967 0.8717948717948718 1227
1737429440284 0.6666666666666666 1228
1737429440602 0.7391304347826086 1229
1737429440919 0.7307692307692307 1230
1737429441238 0.8787878787878788 1231
1737429441557 0.8064516129032258 1232
1737429441875 0.8484848484848485 1233
1737429442193 0.7419354838709677 1234
1737429442510 0.7666666666666667 1235
1737429442827 0.9259259259259259 1236
1737429443145 0.8846153846153846 1237
1737429443466 0.9629629629629629 1238
1737429443781 0.6363636363636364 1239
1737429444099 0.6071428571428571 1240
1737429444418 0.8235294117647058 1241
1737429444735 0.7058823529411765 1242
1737429445052 0.7 1243
1737429445371 0.8518518518518519 1244
1737429445689 0.8285714285714286 1245
1737429446011 0.8275862068965517 1246
1737429446327 0.8275862068965517 1247
1737429446645 0.84 1248
1737429446964 0.8064516129032258 1249
1737429447285 0.625 1250
1737429447601 0.8275862068965517 1251
1737429447919 0.875 1252
1737429448236 0.8928571428571429 1253
1737429448555 0.8666666666666667 1254
1737429448873 0.8095238095238095 1255
1737429449190 0.71875 1256
1737429449507 0.6206896551724138 1257
1737429449825 0.8235294117647058 1258
1737429450145 0.8333333333333334 1259
1737429450462 0.7647058823529411 1260
1737429450778 0.675 1261
1737429451096 0.6923076923076923 1262
1737429451413 0.7419354838709677 1263
1737429451733 0.9411764705882353 1264
1737429452049 0.8888888888888888 1265
1737429452369 0.9117647058823529 1266
1737429452689 0.8571428571428571 1267
1737429453007 0.896551724137931 1268
1737429453324 0.8518518518518519 1269
1737429453642 0.9354838709677419 1270
1737429453961 0.6666666666666666 1271
1737429454278 0.6551724137931034 1272
1737429454597 0.7419354838709677 1273
1737429454914 0.6129032258064516 1274
1737429455233 0.46153846153846156 1275
1737429455553 0.5769230769230769 1276
1737429455871 0.7368421052631579 1277
1737429456187 0.7931034482758621 1278
1737429456507 0.7931034482758621 1279
1737429456825 0.8787878787878788 1280
1737429457144 0.9615384615384616 1281
1737429457464 0.9069767441860465 1282
1737429457780 0.8484848484848485 1283
1737429458099 0.918918918918919 1284
1737429458416 0.9393939393939394 1285
1737429458733 0.78125 1286
1737429459051 0.78125 1287
1737429459372 0.84375 1288
1737429459689 0.8846153846153846 1289
1737429460009 0.8076923076923077 1290
1737429460327 0.8214285714285714 1291
1737429460645 0.8928571428571429 1292
1737429460966 0.7777777777777778 1293
1737429461284 0.7631578947368421 1294
1737429461604 0.875 1295
1737429461920 0.8387096774193549 1296
1737429462238 1.0 1297
1737429462557 0.72 1298
1737429462875 0.896551724137931 1299
1737429463193 0.8064516129032258 1300
1737429463511 0.8064516129032258 1301
1737429463830 0.9230769230769231 1302
1737429464151 0.8148148148148148 1303
1737429464469 0.8181818181818182 1304
1737429464789 0.7857142857142857 1305
1737429465106 0.8947368421052632 1306
1737429465424 0.8666666666666667 1307
1737429465742 0.8709677419354839 1308
1737429466059 0.90625 1309
1737429466377 0.7916666666666666 1310
1737429466694 0.8235294117647058 1311
1737429467014 0.8484848484848485 1312
1737429467333 0.8571428571428571 1313
1737429467651 0.7352941176470589 1314
1737429467968 0.7058823529411765 1315
1737429468289 0.75 1316
1737429468607 0.6296296296296297 1317
1737429468924 0.7575757575757576 1318
1737429469240 0.8620689655172413 1319
1737429469558 0.8928571428571429 1320
1737429469875 0.9 1321
1737429470196 0.9090909090909091 1322
1737429470514 0.9117647058823529 1323
1737429470833 0.7777777777777778 1324
1737429471153 0.8055555555555556 1325
1737429471473 0.7692307692307693 1326
1737429471794 0.7714285714285715 1327
1737429472113 0.5909090909090909 1328
1737429472429 0.8461538461538461 1329
1737429472748 0.7142857142857143 1330
1737429473064 0.75 1331
1737429473383 0.6551724137931034 1332
1737429473702 0.7586206896551724 1333
1737429474020 0.88 1334
1737429474338 1.0 1335
1737429474654 0.8 1336
1737429474973 0.8571428571428571 1337
1737429475292 0.9333333333333333 1338
1737429475610 0.78125 1339
1737429475927 0.7272727272727273 1340
1737429476245 0.8333333333333334 1341
1737429476562 0.8666666666666667 1342
1737429476880 0.8461538461538461 1343
1737429477199 0.8611111111111112 1344
1737429477515 0.78125 1345
1737429477833 0.6551724137931034 1346
1737429478151 0.8125 1347
1737429478469 0.9032258064516129 1348
1737429478788 0.7916666666666666 1349
1737429479105 0.8571428571428571 1350
1737429479422 0.8 1351
1737429479741 0.8333333333333334 1352
1737429480058 0.7142857142857143 1353
1737429480376 0.8484848484848485 1354
1737429480693 0.7931034482758621 1355
1737429481009 0.8666666666666667 1356
1737429481328 0.7941176470588235 1357
1737429481648 0.78125 1358
1737429481966 0.7931034482758621 1359
1737429482285 0.6666666666666666 1360
1737429482606 0.875 1361
1737429482925 0.875 1362
1737429483242 0.7666666666666667 1363
1737429483561 0.8484848484848485 1364
1737429483880 0.7804878048780488 1365
1737429484200 0.7142857142857143 1366
1737429484520 0.75 1367
1737429484840 0.782608695652174 1368
1737429485158 0.8181818181818182 1369
1737429485477 0.696969696969697 1370
1737429485794 0.8148148148148148 1371
1737429486113 0.9259259259259259 1372
1737429486433 0.6060606060606061 1373
1737429486754 0.71875 1374
1737429487072 0.7575757575757576 1375
1737429487389 0.8125 1376
1737429487709 0.9130434782608695 1377
1737429488028 0.85 1378
1737429488347 0.8620689655172413 1379
1737429488664 0.875 1380
1737429488983 0.8055555555555556 1381
1737429489301 0.8387096774193549 1382
1737429489619 0.9354838709677419 1383
1737429489936 0.9090909090909091 1384
1737429490253 0.8214285714285714 1385
1737429490570 0.90625 1386
1737429490890 0.9310344827586207 1387
1737429491209 0.8285714285714286 1388
1737429491526 0.8571428571428571 1389
1737429491845 0.7586206896551724 1390
1737429492164 0.7878787878787878 1391
1737429492483 0.8611111111111112 1392
1737429492800 0.9259259259259259 1393
1737429493120 0.9523809523809523 1394
1737429493439 0.8666666666666667 1395
1737429493759 0.8235294117647058 1396
1737429494077 0.8666666666666667 1397
1737429494395 0.9655172413793104 1398
1737429494715 0.90625 1399
1737429495031 0.7575757575757576 1400
1737429495351 0.875 1401
1737429495667 0.7916666666666666 1402
1737429495987 0.7419354838709677 1403
1737429496305 0.8387096774193549 1404
1737429496624 0.8 1405
1737429496940 0.8620689655172413 1406
1737429497260 0.75 1407
1737429497580 0.8275862068965517 1408
1737429497897 0.8571428571428571 1409
1737429498216 0.9090909090909091 1410
1737429498536 0.9230769230769231 1411
1737429498856 0.9354838709677419 1412
1737429499174 0.9354838709677419 1413
1737429499494 0.9117647058823529 1414
1737429499812 0.7 1415
1737429500131 0.7333333333333333 1416
1737429500452 0.7941176470588235 1417
1737429500769 0.8571428571428571 1418
1737429501087 0.8857142857142857 1419
1737429501404 0.7714285714285715 1420
1737429501722 0.84 1421
1737429502040 0.75 1422
1737429502360 0.8 1423
1737429502676 0.8157894736842105 1424
1737429502999 0.8947368421052632 1425
1737429503318 0.7741935483870968 1426
1737429503635 0.8666666666666667 1427
1737429503953 0.896551724137931 1428
1737429504270 0.88 1429
1737429504587 0.8378378378378378 1430
1737429504907 0.8787878787878788 1431
1737429505224 0.8275862068965517 1432
1737429505541 0.75 1433
1737429505860 0.868421052631579 1434
1737429506177 0.7857142857142857 1435
1737429506498 0.78125 1436
1737429506814 0.9 1437
1737429507132 0.8666666666666667 1438
1737429507452 0.9354838709677419 1439
1737429507771 0.7 1440
1737429508090 0.7878787878787878 1441
1737429508406 0.9117647058823529 1442
1737429508723 0.8709677419354839 1443
1737429509039 0.9354838709677419 1444
1737429509362 0.8285714285714286 1445
1737429509677 0.9333333333333333 1446
1737429509996 0.7941176470588235 1447
1737429510314 0.84 1448
1737429510632 0.84 1449
1737429510950 0.8125 1450
1737429511269 0.8378378378378378 1451
1737429511587 0.8333333333333334 1452
1737429511906 0.7878787878787878 1453
1737429512224 0.9333333333333333 1454
1737429512542 0.7567567567567568 1455
1737429512858 0.7142857142857143 1456
1737429513175 0.9259259259259259 1457
1737429513495 0.8235294117647058 1458
1737429513813 0.8571428571428571 1459
1737429514129 0.896551724137931 1460
1737429514447 0.8387096774193549 1461
1737429514764 0.8421052631578947 1462
1737429515081 0.8333333333333334 1463
1737429515398 0.8918918918918919 1464
1737429515717 0.90625 1465
1737429516033 0.8888888888888888 1466
1737429516353 0.8918918918918919 1467
1737429516670 0.8571428571428571 1468
1737429516988 0.8055555555555556 1469
1737429517306 0.8620689655172413 1470
1737429517622 0.8620689655172413 1471
1737429517940 0.9230769230769231 1472
1737429518257 0.75 1473
1737429518576 0.8076923076923077 1474
1737429518894 0.8275862068965517 1475
1737429519213 0.8888888888888888 1476
1737429519530 0.9117647058823529 1477
1737429519849 0.8064516129032258 1478
1737429520170 0.7714285714285715 1479
1737429520489 0.7 1480
1737429520806 0.8235294117647058 1481
1737429521124 0.7741935483870968 1482
1737429521442 0.8181818181818182 1483
1737429521760 0.9 1484
1737429522078 0.8125 1485
1737429522397 0.8857142857142857 1486
1737429522713 0.9375 1487
1737429523031 0.9310344827586207 1488
1737429523349 0.9705882352941176 1489
1737429523666 0.8275862068965517 1490
1737429523984 0.8857142857142857 1491
1737429524302 0.7777777777777778 1492
1737429524618 0.775 1493
1737429524935 0.90625 1494
1737429525254 0.9142857142857143 1495
1737429525572 0.9285714285714286 1496
1737429525892 0.9117647058823529 1497
1737429526210 0.9230769230769231 1498
1737429526529 1.0 1499
1737429526846 0.9310344827586207 1500
1737429527164 0.68 1501
1737429527485 0.8529411764705882 1502
1737429527801 0.7096774193548387 1503
1737429528120 0.8125 1504
1737429528438 0.92 1505
1737429528759 0.7586206896551724 1506
1737429529076 0.7307692307692307 1507
1737429529394 0.8823529411764706 1508
1737429529713 0.6923076923076923 1509
1737429530030 0.9285714285714286 1510
1737429530349 0.9 1511
1737429530666 0.9642857142857143 1512
1737429530984 0.8529411764705882 1513
1737429531305 0.9142857142857143 1514
1737429531624 0.8461538461538461 1515
1737429531946 0.9230769230769231 1516
1737429532263 0.9259259259259259 1517
1737429532579 0.7647058823529411 1518
1737429532897 0.6785714285714286 1519
1737429533217 0.7096774193548387 1520
1737429533535 0.7857142857142857 1521
1737429533851 0.5925925925925926 1522
1737429534170 0.7058823529411765 1523
1737429534488 0.8648648648648649 1524
1737429534805 0.6486486486486487 1525
1737429535123 0.8421052631578947 1526
1737429535441 0.8529411764705882 1527
1737429535758 0.8148148148148148 1528
1737429536077 0.8076923076923077 1529
1737429536394 0.8571428571428571 1530
1737429536712 0.9259259259259259 1531
1737429537031 0.9428571428571428 1532
1737429537349 0.8235294117647058 1533
1737429537668 0.8620689655172413 1534
1737429537987 0.7333333333333333 1535
1737429538305 0.8695652173913043 1536
1737429538624 0.75 1537
1737429538942 0.8055555555555556 1538
1737429539259 0.6896551724137931 1539
1737429539578 0.7586206896551724 1540
1737429539897 0.6129032258064516 1541
1737429540216 0.8333333333333334 1542
1737429540534 0.8387096774193549 1543
1737429540852 0.78125 1544
1737429541168 0.875 1545
1737429541489 0.9230769230769231 1546
1737429541807 0.7741935483870968 1547
1737429542125 0.8717948717948718 1548
1737429542444 0.8387096774193549 1549
1737429542762 0.8 1550
1737429543081 0.7777777777777778 1551
1737429543398 0.8387096774193549 1552
1737429543718 0.9 1553
1737429544038 0.8333333333333334 1554
1737429544355 0.9090909090909091 1555
1737429544674 0.7941176470588235 1556
1737429544995 0.8823529411764706 1557
1737429545313 0.9666666666666667 1558
1737429545631 0.7142857142857143 1559
1737429545948 0.6363636363636364 1560
1737429546266 0.6428571428571429 1561
1737429546584 0.7692307692307693 1562
1737429546904 0.8387096774193549 1563
1737429547224 0.84375 1564
1737429547543 0.896551724137931 1565
1737429547861 0.7931034482758621 1566
1737429548181 0.8666666666666667 1567
1737429548499 0.7419354838709677 1568
1737429548816 0.76 1569
1737429549133 0.8695652173913043 1570
1737429549450 0.6764705882352942 1571
1737429549768 0.88 1572
1737429550089 0.7857142857142857 1573
1737429550405 0.8666666666666667 1574
1737429550724 0.8 1575
1737429551041 0.8529411764705882 1576
1737429551356 0.8709677419354839 1577
1737429551676 0.8 1578
1737429551994 0.7727272727272727 1579
1737429552314 0.8214285714285714 1580
1737429552631 0.8529411764705882 1581
1737429552948 0.7777777777777778 1582
1737429553266 0.92 1583
1737429553585 0.8823529411764706 1584
1737429553902 0.85 1585
1737429554220 0.8918918918918919 1586
1737429554538 0.65625 1587
1737429554856 0.8333333333333334 1588
1737429555176 0.72 1589
1737429555494 0.9090909090909091 1590
1737429555810 0.7941176470588235 1591
1737429556128 0.7419354838709677 1592
1737429556448 0.9 1593
1737429556768 0.875 1594
1737429557087 0.90625 1595
1737429557404 0.8064516129032258 1596
1737429557723 0.7567567567567568 1597
1737429558041 0.8787878787878788 1598
1737429558360 0.8666666666666667 1599
1737429558676 0.7906976744186046 1600
1737429558995 0.8064516129032258 1601
1737429559321 0.8666666666666667 1602
1737429559643 0.8709677419354839 1603
1737429559964 0.9 1604
1737429560281 0.90625 1605
1737429560599 0.8888888888888888 1606
1737429560918 0.8648648648648649 1607
1737429561236 0.8888888888888888 1608
1737429561552 0.7857142857142857 1609
1737429561870 0.8055555555555556 1610
1737429562189 0.8709677419354839 1611
1737429562508 0.7666666666666667 1612
1737429562826 0.8181818181818182 1613
1737429563143 0.78125 1614
1737429563461 0.88 1615
1737429563779 0.875 1616
1737429564098 0.8974358974358975 1617
1737429564418 0.92 1618
1737429564737 0.9393939393939394 1619
1737429565057 0.9090909090909091 1620
1737429565375 0.8235294117647058 1621
1737429565692 0.84 1622
1737429566011 0.8285714285714286 1623
1737429566330 0.8846153846153846 1624
1737429566648 0.90625 1625
1737429566968 0.7307692307692307 1626
1737429567285 0.8787878787878788 1627
1737429567605 0.7575757575757576 1628
1737429567924 0.7931034482758621 1629
1737429568243 0.7083333333333334 1630
1737429568560 0.8333333333333334 1631
1737429568879 0.8076923076923077 1632
1737429569199 0.88 1633
1737429569519 0.8461538461538461 1634
1737429569835 0.9230769230769231 1635
1737429570153 0.8611111111111112 1636
1737429570473 0.8518518518518519 1637
1737429570793 0.9354838709677419 1638
1737429571113 0.9565217391304348 1639
1737429571432 0.75 1640
1737429571751 0.7419354838709677 1641
1737429572072 0.7096774193548387 1642
1737429572391 0.8333333333333334 1643
1737429572707 0.6785714285714286 1644
1737429573026 0.8235294117647058 1645
1737429573346 0.7241379310344828 1646
1737429573665 0.8846153846153846 1647
1737429573984 0.875 1648
1737429574300 0.6896551724137931 1649
1737429574616 0.967741935483871 1650
1737429574934 0.8709677419354839 1651
1737429575253 0.8666666666666667 1652
1737429575571 1.0 1653
1737429575889 0.7916666666666666 1654
1737429576207 0.8125 1655
1737429576527 0.7333333333333333 1656
1737429576843 0.9130434782608695 1657
1737429577161 0.7586206896551724 1658
1737429577479 0.8333333333333334 1659
1737429577801 0.8260869565217391 1660
1737429578120 0.7714285714285715 1661
1737429578439 0.8666666666666667 1662
1737429578759 0.875 1663
1737429579076 0.896551724137931 1664
1737429579394 0.9375 1665
1737429579710 0.7391304347826086 1666
1737429580029 0.7407407407407407 1667
1737429580346 0.8571428571428571 1668
1737429580668 0.8 1669
1737429580987 0.8529411764705882 1670
1737429581305 0.9285714285714286 1671
1737429581624 0.868421052631579 1672
1737429581942 0.78125 1673
1737429582260 0.7142857142857143 1674
1737429582579 0.8 1675
1737429582897 0.9354838709677419 1676
1737429583215 0.8181818181818182 1677
1737429583534 0.8387096774193549 1678
1737429583852 0.875 1679
1737429584169 0.896551724137931 1680
1737429584488 0.8648648648648649 1681
1737429584805 0.9354838709677419 1682
1737429585123 0.9047619047619048 1683
1737429585440 0.8333333333333334 1684
1737429585758 0.7878787878787878 1685
1737429586075 0.8260869565217391 1686
1737429586393 0.8387096774193549 1687
1737429586712 0.8285714285714286 1688
1737429587029 0.8823529411764706 1689
1737429587348 0.9142857142857143 1690
1737429587666 0.8611111111111112 1691
1737429587983 0.8275862068965517 1692
1737429588301 0.8 1693
1737429588620 0.7391304347826086 1694
1737429588940 0.9032258064516129 1695
1737429589258 0.8846153846153846 1696
1737429589575 0.7857142857142857 1697
1737429589894 0.9583333333333334 1698
1737429590214 0.8333333333333334 1699
1737429590533 0.9142857142857143 1700
1737429590850 0.8275862068965517 1701
1737429591169 0.8214285714285714 1702
1737429591491 0.8947368421052632 1703
1737429591814 0.84375 1704
1737429592132 0.84 1705
1737429592450 0.8529411764705882 1706
1737429592770 0.90625 1707
1737429593088 0.9032258064516129 1708
1737429593406 0.896551724137931 1709
1737429593725 0.8333333333333334 1710
1737429594044 0.9090909090909091 1711
1737429594362 0.8064516129032258 1712
1737429594680 0.7419354838709677 1713
1737429595002 0.6875 1714
1737429595318 0.8275862068965517 1715
1737429595636 0.8333333333333334 1716
1737429595955 0.7777777777777778 1717
1737429596273 0.9354838709677419 1718
1737429596588 0.75 1719
1737429596910 0.8484848484848485 1720
1737429597230 1.0 1721
1737429597547 0.9032258064516129 1722
1737429597864 0.8947368421052632 1723
1737429598070 0.84 1724
1737429614269 0.8928571428571429 1725
1737429614587 0.9354838709677419 1726
1737429614903 0.8095238095238095 1727
1737429615219 0.8636363636363636 1728
1737429615537 0.8387096774193549 1729
1737429615856 0.8648648648648649 1730
1737429616174 0.9642857142857143 1731
1737429616491 0.8928571428571429 1732
1737429616807 0.7931034482758621 1733
1737429617125 0.896551724137931 1734
1737429617441 0.8518518518518519 1735
1737429617760 0.8888888888888888 1736
1737429618078 0.7419354838709677 1737
1737429618395 0.896551724137931 1738
1737429618711 0.8148148148148148 1739
1737429619030 0.8823529411764706 1740
1737429619348 0.875 1741
1737429619663 0.8484848484848485 1742
1737429619981 0.8235294117647058 1743
1737429620298 0.8695652173913043 1744
1737429620620 0.76 1745
1737429620937 0.9142857142857143 1746
1737429621255 0.7647058823529411 1747
1737429621570 0.9117647058823529 1748
1737429621886 0.967741935483871 1749
1737429622205 0.9393939393939394 1750
1737429622524 0.8461538461538461 1751
1737429622843 0.9142857142857143 1752
1737429623159 0.92 1753
1737429623478 0.9090909090909091 1754
1737429623795 0.8 1755
1737429624113 0.8518518518518519 1756
1737429624430 0.6857142857142857 1757
1737429624749 0.875 1758
1737429625066 0.71875 1759
1737429625382 0.8275862068965517 1760
1737429625700 0.8461538461538461 1761
1737429626020 1.0 1762
1737429626338 0.8717948717948718 1763
1737429626655 0.7142857142857143 1764
1737429626977 0.8461538461538461 1765
1737429627294 0.7352941176470589 1766
1737429627614 0.8214285714285714 1767
1737429627933 0.7096774193548387 1768
1737429628251 0.9583333333333334 1769
1737429628569 0.75 1770
1737429628885 0.6896551724137931 1771
1737429629203 0.8571428571428571 1772
1737429629523 0.7575757575757576 1773
1737429629841 0.7857142857142857 1774
1737429630159 0.8181818181818182 1775
1737429630476 0.8235294117647058 1776
1737429630795 0.7931034482758621 1777
1737429631113 0.9090909090909091 1778
1737429631435 0.7857142857142857 1779
1737429631756 0.7142857142857143 1780
1737429632074 0.6818181818181818 1781
1737429632391 0.875 1782
1737429632710 0.8571428571428571 1783
1737429633027 0.8 1784
1737429633346 0.8823529411764706 1785
1737429633662 0.9629629629629629 1786
1737429633982 0.9090909090909091 1787
1737429634300 0.8846153846153846 1788
1737429634618 0.8235294117647058 1789
1737429634935 0.9459459459459459 1790
1737429635254 0.9259259259259259 1791
1737429635571 0.8235294117647058 1792
1737429635891 0.88 1793
1737429636209 0.7567567567567568 1794
1737429636525 0.6774193548387096 1795
1737429636842 0.7575757575757576 1796
1737429637162 0.7333333333333333 1797
1737429637479 0.8709677419354839 1798
1737429637797 0.8260869565217391 1799
1737429638116 0.9 1800
1737429638434 1.0 1801
1737429638753 0.8857142857142857 1802
1737429639072 0.8518518518518519 1803
1737429639389 0.8387096774193549 1804
1737429639707 0.8666666666666667 1805
1737429640026 0.9714285714285714 1806
1737429640346 0.9393939393939394 1807
1737429640663 0.7 1808
1737429640980 0.8064516129032258 1809
1737429641298 0.84375 1810
1737429641618 0.7916666666666666 1811
1737429641934 0.7878787878787878 1812
1737429642254 0.90625 1813
1737429642572 0.8275862068965517 1814
1737429642890 0.8787878787878788 1815
1737429643211 0.8709677419354839 1816
1737429643535 0.71875 1817
1737429643858 0.7948717948717948 1818
1737429644175 0.8918918918918919 1819
1737429644493 0.8292682926829268 1820
1737429644811 0.8695652173913043 1821
1737429645130 0.8888888888888888 1822
1737429645449 0.9375 1823
1737429645766 0.88 1824
1737429646084 0.9393939393939394 1825
1737429646401 0.896551724137931 1826
1737429646718 0.90625 1827
1737429647036 0.78125 1828
1737429647355 0.8529411764705882 1829
1737429647669 0.967741935483871 1830
1737429647996 0.8709677419354839 1831
1737429648313 0.896551724137931 1832
1737429648632 0.8333333333333334 1833
1737429648948 0.8333333333333334 1834
1737429649267 0.8275862068965517 1835
1737429649585 0.8 1836
1737429649903 0.8571428571428571 1837
1737429650223 0.9117647058823529 1838
1737429650540 0.8148148148148148 1839
1737429650858 0.8529411764705882 1840
1737429651174 0.9615384615384616 1841
1737429651494 0.9285714285714286 1842
1737429651818 0.9333333333333333 1843
1737429652139 0.8095238095238095 1844
1737429652457 0.9375 1845
1737429652774 0.8709677419354839 1846
1737429653094 0.85 1847
1737429653411 0.868421052631579 1848
1737429653729 0.8695652173913043 1849
1737429654048 0.96875 1850
1737429654368 0.8461538461538461 1851
1737429654686 0.9655172413793104 1852
1737429655005 0.9210526315789473 1853
1737429655323 0.8529411764705882 1854
1737429655643 0.896551724137931 1855
1737429655964 0.9310344827586207 1856
1737429656279 0.9032258064516129 1857
1737429656596 0.8846153846153846 1858
1737429656913 0.918918918918919 1859
1737429657232 0.72 1860
1737429657550 0.8709677419354839 1861
1737429657869 0.9310344827586207 1862
1737429658190 0.8928571428571429 1863
1737429658507 0.8484848484848485 1864
1737429658825 0.8157894736842105 1865
1737429659144 0.8571428571428571 1866
1737429659464 0.7727272727272727 1867
1737429659780 0.8666666666666667 1868
1737429660098 0.896551724137931 1869
1737429660414 0.8709677419354839 1870
1737429660733 0.9354838709677419 1871
1737429661052 0.95 1872
1737429661370 0.8571428571428571 1873
1737429661689 0.9047619047619048 1874
1737429662006 0.8536585365853658 1875
1737429662324 0.92 1876
1737429662642 0.8974358974358975 1877
1737429662961 0.8571428571428571 1878
1737429663278 0.8 1879
1737429663596 0.8857142857142857 1880
1737429663916 0.896551724137931 1881
1737429664234 0.84375 1882
1737429664552 0.8666666666666667 1883
1737429664871 0.8571428571428571 1884
1737429665191 0.9285714285714286 1885
1737429665508 0.9615384615384616 1886
1737429665825 0.9444444444444444 1887
1737429666143 0.9032258064516129 1888
1737429666460 0.8717948717948718 1889
1737429666778 0.9333333333333333 1890
1737429667096 0.9130434782608695 1891
1737429667413 0.8620689655172413 1892
1737429667733 0.8787878787878788 1893
1737429668052 0.875 1894
1737429668372 0.7037037037037037 1895
1737429668689 0.8928571428571429 1896
1737429669009 0.8275862068965517 1897
1737429669326 0.9565217391304348 1898
1737429669643 0.8 1899
1737429669963 0.9375 1900
1737429670280 0.85 1901
1737429670598 0.8620689655172413 1902
1737429670916 0.9032258064516129 1903
1737429671236 0.9310344827586207 1904
1737429671555 0.9393939393939394 1905
1737429671874 0.8484848484848485 1906
1737429672191 0.9032258064516129 1907
1737429672510 0.8648648648648649 1908
1737429672829 0.9333333333333333 1909
1737429673143 0.9411764705882353 1910
1737429673462 0.9230769230769231 1911
1737429673782 0.7142857142857143 1912
1737429674101 0.7586206896551724 1913
1737429674418 0.8787878787878788 1914
1737429674736 0.9 1915
1737429675056 0.9565217391304348 1916
1737429675374 0.875 1917
1737429675691 0.972972972972973 1918
1737429676011 0.896551724137931 1919
1737429676328 0.9 1920
1737429676648 0.925 1921
1737429676966 0.8108108108108109 1922
1737429677284 0.84 1923
1737429677602 0.95 1924
1737429677921 0.8666666666666667 1925
1737429678240 0.8333333333333334 1926
1737429678558 0.7941176470588235 1927
1737429678874 0.9 1928
1737429679191 0.9333333333333333 1929
1737429679509 0.8387096774193549 1930
1737429679827 0.8529411764705882 1931
1737429680143 0.7916666666666666 1932
1737429680464 0.8518518518518519 1933
1737429680781 0.8888888888888888 1934
1737429681100 0.9310344827586207 1935
1737429681419 0.75 1936
1737429681736 0.8888888888888888 1937
1737429682055 0.9655172413793104 1938
1737429682375 0.90625 1939
1737429682694 0.8787878787878788 1940
1737429683012 0.8148148148148148 1941
1737429683329 0.972972972972973 1942
1737429683648 0.8181818181818182 1943
1737429683965 0.9375 1944
1737429684282 0.8888888888888888 1945
1737429684600 0.7333333333333333 1946
1737429684919 0.8378378378378378 1947
1737429685238 0.8928571428571429 1948
1737429685555 0.8709677419354839 1949
1737429685874 0.868421052631579 1950
1737429686194 0.9375 1951
1737429686511 0.8484848484848485 1952
1737429686828 0.9444444444444444 1953
1737429687145 0.9714285714285714 1954
1737429687465 0.8387096774193549 1955
1737429687786 0.9285714285714286 1956
1737429688103 0.9333333333333333 1957
1737429688423 0.9428571428571428 1958
1737429688742 0.8571428571428571 1959
1737429689061 0.967741935483871 1960
1737429689380 0.96 1961
1737429689701 0.9032258064516129 1962
1737429690022 0.90625 1963
1737429690341 0.7586206896551724 1964
1737429690661 0.8709677419354839 1965
1737429690979 0.7931034482758621 1966
1737429691296 0.8 1967
1737429691613 0.7241379310344828 1968
1737429691933 0.9 1969
1737429692250 0.8717948717948718 1970
1737429692567 0.9032258064516129 1971
1737429692885 0.9310344827586207 1972
1737429693204 0.8888888888888888 1973
1737429693523 0.9333333333333333 1974
1737429693843 0.9714285714285714 1975
1737429694162 0.9736842105263158 1976
1737429694479 0.9393939393939394 1977
1737429694799 0.8709677419354839 1978
1737429695116 0.9117647058823529 1979
1737429695435 0.8837209302325582 1980
1737429695753 0.918918918918919 1981
1737429696071 0.8148148148148148 1982
1737429696391 0.9459459459459459 1983
1737429696709 0.84 1984
1737429697028 0.8787878787878788 1985
1737429697345 0.8928571428571429 1986
1737429697665 0.92 1987
1737429697982 0.9705882352941176 1988
1737429698299 0.92 1989
1737429698615 1.0 1990
1737429698935 0.8928571428571429 1991
1737429699253 0.9333333333333333 1992
1737429699571 0.9714285714285714 1993
1737429699892 0.9666666666666667 1994
1737429700209 0.8378378378378378 1995
1737429700529 0.8928571428571429 1996
1737429700848 0.7692307692307693 1997
1737429701166 0.8928571428571429 1998
1737429701484 0.71875 1999
1737429701803 0.8421052631578947 2000
1737429702120 0.8888888888888888 2001
1737429702439 0.8888888888888888 2002
1737429702759 0.9666666666666667 2003
1737429703080 0.9230769230769231 2004
1737429703396 0.9666666666666667 2005
1737429703714 0.9583333333333334 2006
1737429704033 0.9666666666666667 2007
1737429704350 1.0 2008
1737429704667 0.9428571428571428 2009
1737429704986 0.9444444444444444 2010
1737429705307 1.0 2011
1737429705627 0.8235294117647058 2012
1737429705945 0.9285714285714286 2013
1737429706264 0.8214285714285714 2014
1737429706584 0.8823529411764706 2015
1737429706904 0.8857142857142857 2016
1737429707222 0.9428571428571428 2017
1737429707540 0.875 2018
1737429707859 0.84 2019
1737429708177 0.8461538461538461 2020
1737429708496 0.8 2021
1737429708815 0.8235294117647058 2022
1737429709132 1.0 2023
1737429709449 0.8823529411764706 2024
1737429709768 0.9166666666666666 2025
1737429710088 0.9047619047619048 2026
1737429710404 0.9259259259259259 2027
1737429710722 0.8928571428571429 2028
1737429711041 0.9285714285714286 2029
1737429711360 0.8620689655172413 2030
1737429711685 0.84 2031
1737429712004 0.96 2032
1737429712323 0.8333333333333334 2033
1737429712642 0.8333333333333334 2034
