1737429032739 0.75 1
1737429033056 0.125 2
1737429033371 0.75 3
1737429033686 0.2 4
1737429034002 0.5294117647058824 5
1737429034326 0.2972972972972973 6
1737429034647 0.45714285714285713 7
1737429034962 0.49019607843137253 8
1737429035284 0.5263157894736842 9
1737429035598 0.32727272727272727 10
1737429035915 0.4696969696969697 11
1737429036232 0.43333333333333335 12
1737429036548 0.43209876543209874 13
1737429036864 0.4074074074074074 14
1737429037179 0.4266666666666667 15
1737429037494 0.25316455696202533 16
1737429037811 0.30666666666666664 17
1737429038128 0.4084507042253521 18
1737429038444 0.4117647058823529 19
1737429038767 0.45714285714285713 20
1737429039081 0.38028169014084506 21
1737429039397 0.4576271186440678 22
1737429039717 0.5263157894736842 23
1737429040034 0.6041666666666666 24
1737429040442 0.46153846153846156 25
1737429040806 0.47058823529411764 26
1737429041187 0.47368421052631576 27
1737429041538 0.58 28
1737429041886 0.5789473684210527 29
1737429042214 0.43478260869565216 30
1737429042534 0.5294117647058824 31
1737429042851 0.5106382978723404 32
1737429043167 0.48 33
1737429043482 0.43137254901960786 34
1737429043798 0.5454545454545454 35
1737429044113 0.5853658536585366 36
1737429044428 0.6571428571428571 37
1737429044743 0.6976744186046512 38
1737429045061 0.5666666666666667 39
1737429045376 0.6857142857142857 40
1737429045692 0.7 41
1737429046012 0.7428571428571429 42
1737429046333 0.5681818181818182 43
1737429046647 0.6226415094339622 44
1737429046961 0.8 45
1737429047275 0.6363636363636364 46
1737429047594 0.5434782608695652 47
1737429047913 0.7446808510638298 48
1737429048228 0.5490196078431373 49
1737429048544 0.7105263157894737 50
1737429048859 0.717948717948718 51
1737429049178 0.7777777777777778 52
1737429049493 0.6052631578947368 53
1737429049809 0.6410256410256411 54
1737429050126 0.7297297297297297 55
1737429050442 0.5 56
1737429050756 0.725 57
1737429051073 0.7027027027027027 58
1737429051388 0.5862068965517241 59
1737429051710 0.8108108108108109 60
1737429052025 0.8888888888888888 61
1737429052343 0.7619047619047619 62
1737429052659 0.696969696969697 63
1737429052976 0.8888888888888888 64
1737429053292 0.8 65
1737429053610 0.6486486486486487 66
1737429053925 0.8285714285714286 67
1737429054240 0.6896551724137931 68
1737429054557 0.8333333333333334 69
1737429054871 0.6458333333333334 70
1737429055186 0.6382978723404256 71
1737429055500 0.5769230769230769 72
1737429055817 0.5909090909090909 73
1737429056133 0.7931034482758621 74
1737429056452 0.7906976744186046 75
1737429056767 0.7567567567567568 76
1737429057087 0.7586206896551724 77
1737429057402 0.7407407407407407 78
1737429057720 0.7428571428571429 79
1737429058050 0.7241379310344828 80
1737429058381 0.7575757575757576 81
1737429058696 0.6666666666666666 82
1737429059015 0.7142857142857143 83
1737429059334 0.56 84
1737429059649 0.96 85
1737429059965 0.7333333333333333 86
1737429060282 0.8461538461538461 87
1737429060600 0.6578947368421053 88
1737429060917 0.6285714285714286 89
1737429061236 0.825 90
1737429061553 0.7368421052631579 91
1737429061870 0.7419354838709677 92
1737429062187 0.6470588235294118 93
1737429062505 0.75 94
1737429062824 0.7931034482758621 95
1737429063141 0.71875 96
1737429063458 0.8125 97
1737429063774 0.8214285714285714 98
1737429064091 0.7857142857142857 99
1737429064409 0.8064516129032258 100
1737429064724 0.7714285714285715 101
1737429065043 0.8285714285714286 102
1737429065359 0.8857142857142857 103
1737429065677 0.7419354838709677 104
1737429065993 0.7647058823529411 105
1737429066310 0.7777777777777778 106
1737429066626 0.7692307692307693 107
1737429066942 0.7727272727272727 108
1737429067260 0.8181818181818182 109
1737429067580 0.7333333333333333 110
1737429067898 1.0 111
1737429068215 0.8571428571428571 112
1737429068532 0.9565217391304348 113
1737429068848 0.8620689655172413 114
1737429069165 0.78125 115
1737429069481 0.75 116
1737429069798 0.8461538461538461 117
1737429070115 0.6578947368421053 118
1737429070432 0.6666666666666666 119
1737429070750 0.8611111111111112 120
1737429071068 0.6923076923076923 121
1737429071386 0.8518518518518519 122
1737429071704 0.7586206896551724 123
1737429072021 0.625 124
1737429072338 0.8125 125
1737429072654 0.9130434782608695 126
1737429072970 0.8571428571428571 127
1737429073287 0.8260869565217391 128
1737429073605 0.8461538461538461 129
1737429073922 0.76 130
1737429074240 0.9142857142857143 131
1737429074554 0.8205128205128205 132
1737429074873 0.7567567567567568 133
1737429075191 0.6382978723404256 134
1737429075511 0.8205128205128205 135
1737429075826 0.6744186046511628 136
1737429076143 0.868421052631579 137
1737429076458 0.8709677419354839 138
1737429076776 0.8378378378378378 139
1737429077094 0.8666666666666667 140
1737429077409 0.7027027027027027 141
1737429077727 0.8709677419354839 142
1737429078045 0.9285714285714286 143
1737429078361 0.8125 144
1737429078676 0.8529411764705882 145
1737429078993 0.8484848484848485 146
1737429079310 0.775 147
1737429079629 0.7666666666666667 148
1737429079947 0.7837837837837838 149
1737429080264 0.8928571428571429 150
1737429080581 0.7096774193548387 151
1737429080900 0.8787878787878788 152
1737429081217 0.7 153
1737429081535 0.8108108108108109 154
1737429081851 0.84375 155
1737429082168 0.7837837837837838 156
1737429082487 0.8157894736842105 157
1737429082803 0.6774193548387096 158
1737429083120 0.8484848484848485 159
1737429083440 0.7777777777777778 160
1737429083758 0.75 161
1737429084075 0.7857142857142857 162
1737429084391 0.7575757575757576 163
1737429084709 0.88 164
1737429085026 0.7352941176470589 165
1737429085344 0.8333333333333334 166
1737429085659 0.96 167
1737429085973 0.782608695652174 168
1737429086291 0.875 169
1737429086610 0.84 170
1737429086926 0.7096774193548387 171
1737429087242 0.8333333333333334 172
1737429087559 0.75 173
1737429087877 0.8333333333333334 174
1737429088194 0.625 175
1737429088510 0.7142857142857143 176
1737429088828 0.9117647058823529 177
1737429089149 0.6 178
1737429089468 0.7714285714285715 179
1737429089785 0.8235294117647058 180
1737429090102 0.7804878048780488 181
1737429090420 0.8787878787878788 182
1737429090736 0.6666666666666666 183
1737429091053 0.7916666666666666 184
1737429091369 0.8823529411764706 185
1737429091686 0.8484848484848485 186
1737429092004 0.717948717948718 187
1737429092322 0.7647058823529411 188
1737429092640 0.7317073170731707 189
1737429092958 0.6666666666666666 190
1737429093276 0.7631578947368421 191
1737429093593 0.925 192
1737429093910 0.6666666666666666 193
1737429094227 0.8620689655172413 194
1737429094544 0.8333333333333334 195
1737429094862 0.9615384615384616 196
1737429095178 0.8214285714285714 197
1737429095496 0.76 198
1737429095814 0.78125 199
1737429096134 0.9230769230769231 200
1737429096454 0.75 201
1737429096769 0.5238095238095238 202
1737429097086 0.62 203
1737429097404 0.6666666666666666 204
1737429097722 0.6888888888888889 205
1737429098038 0.8157894736842105 206
1737429098354 0.8275862068965517 207
1737429098672 0.896551724137931 208
1737429098989 1.0 209
1737429099307 0.9333333333333333 210
1737429099622 0.8095238095238095 211
1737429099938 0.7567567567567568 212
1737429100258 0.75 213
1737429100578 0.8148148148148148 214
1737429100895 0.8181818181818182 215
1737429101212 0.7692307692307693 216
1737429101529 0.7096774193548387 217
1737429101845 0.6551724137931034 218
1737429102162 0.8717948717948718 219
1737429102478 0.75 220
1737429102797 0.9705882352941176 221
1737429103114 0.78125 222
1737429103433 0.8421052631578947 223
1737429103750 0.8974358974358975 224
1737429104067 0.75 225
1737429104384 0.8214285714285714 226
1737429104701 0.868421052631579 227
1737429105019 0.8125 228
1737429105336 0.84 229
1737429105654 0.75 230
1737429105971 0.75 231
1737429106289 0.8620689655172413 232
1737429106605 0.6551724137931034 233
1737429106921 0.7941176470588235 234
1737429107240 0.9032258064516129 235
1737429107560 0.8571428571428571 236
1737429107878 0.9166666666666666 237
1737429108196 0.7586206896551724 238
1737429108513 0.8484848484848485 239
1737429108831 0.7777777777777778 240
1737429109146 0.8787878787878788 241
1737429109463 0.8529411764705882 242
1737429109784 0.8620689655172413 243
1737429110101 0.8333333333333334 244
1737429110418 0.7666666666666667 245
1737429110734 0.7391304347826086 246
1737429111053 0.8620689655172413 247
1737429111374 0.9130434782608695 248
1737429111697 0.8571428571428571 249
1737429112016 0.8148148148148148 250
1737429112333 0.8461538461538461 251
1737429112650 0.7352941176470589 252
1737429112966 0.7368421052631579 253
1737429113286 0.75 254
1737429113603 0.7741935483870968 255
1737429113922 0.7931034482758621 256
1737429114240 0.7692307692307693 257
1737429114558 0.78125 258
1737429114876 0.8611111111111112 259
1737429115194 0.8857142857142857 260
1737429115514 0.896551724137931 261
1737429115832 0.9090909090909091 262
1737429116149 0.7894736842105263 263
1737429116467 0.717948717948718 264
1737429116785 0.868421052631579 265
1737429117103 0.8780487804878049 266
1737429117420 0.8333333333333334 267
1737429117737 0.7631578947368421 268
1737429118055 0.8181818181818182 269
1737429118372 0.8421052631578947 270
1737429118690 0.8125 271
1737429119007 0.9130434782608695 272
1737429119326 0.8157894736842105 273
1737429119644 0.896551724137931 274
1737429119962 0.8571428571428571 275
1737429120282 0.6875 276
1737429120599 0.7222222222222222 277
1737429120917 0.8235294117647058 278
1737429121236 0.8 279
1737429121553 0.6666666666666666 280
1737429121869 0.7931034482758621 281
1737429122187 0.8863636363636364 282
1737429122504 0.8387096774193549 283
1737429122822 0.8 284
1737429123138 0.7777777777777778 285
1737429123456 0.9393939393939394 286
1737429123774 0.9583333333333334 287
1737429124092 0.7586206896551724 288
1737429124412 0.8333333333333334 289
1737429124727 0.8125 290
1737429125044 0.7878787878787878 291
1737429125362 0.6333333333333333 292
1737429125680 0.8571428571428571 293
1737429125997 0.8709677419354839 294
1737429126314 0.8285714285714286 295
1737429126630 0.9 296
1737429126948 0.8108108108108109 297
1737429127268 0.7666666666666667 298
1737429127586 0.7857142857142857 299
1737429127903 0.8285714285714286 300
1737429128221 0.9142857142857143 301
1737429128539 0.6785714285714286 302
1737429128858 0.9642857142857143 303
1737429129183 1.0 304
1737429129517 0.8285714285714286 305
1737429129840 0.8571428571428571 306
1737429130161 0.85 307
1737429130481 0.8108108108108109 308
1737429130797 0.8205128205128205 309
1737429131115 0.7575757575757576 310
1737429131433 0.8709677419354839 311
1737429131749 0.9285714285714286 312
1737429132067 0.8787878787878788 313
1737429132388 0.9 314
1737429132707 0.8285714285714286 315
1737429133021 0.8709677419354839 316
1737429133338 0.9375 317
1737429133658 0.7037037037037037 318
1737429133976 0.8571428571428571 319
1737429134293 0.78125 320
1737429134609 0.8529411764705882 321
1737429134929 0.8181818181818182 322
1737429135248 0.78125 323
1737429135567 0.896551724137931 324
1737429135885 0.8636363636363636 325
1737429136201 0.9 326
1737429136520 0.8518518518518519 327
1737429136838 0.8571428571428571 328
1737429137157 0.896551724137931 329
1737429137475 0.7714285714285715 330
1737429137790 0.7368421052631579 331
1737429138107 0.7714285714285715 332
1737429138427 0.7906976744186046 333
1737429138746 0.6216216216216216 334
1737429139062 0.6785714285714286 335
1737429139379 0.6764705882352942 336
1737429139698 0.7878787878787878 337
1737429140019 0.7647058823529411 338
1737429140339 0.8157894736842105 339
1737429140659 0.7586206896551724 340
1737429140978 0.9393939393939394 341
1737429141295 0.7407407407407407 342
1737429141617 0.8214285714285714 343
1737429141934 0.875 344
1737429142252 0.8125 345
1737429142574 0.8787878787878788 346
1737429142892 0.8333333333333334 347
1737429143208 0.7674418604651163 348
1737429143526 0.8333333333333334 349
1737429143845 0.7714285714285715 350
1737429144169 0.7428571428571429 351
1737429144488 0.6923076923076923 352
1737429144807 0.9655172413793104 353
1737429145125 0.8484848484848485 354
1737429145441 0.75 355
1737429145756 0.8095238095238095 356
1737429146073 0.8333333333333334 357
1737429146390 0.84375 358
1737429146707 0.9411764705882353 359
1737429147025 0.7419354838709677 360
1737429147342 0.8214285714285714 361
1737429147661 0.9545454545454546 362
1737429147979 0.8181818181818182 363
1737429148295 0.7428571428571429 364
1737429148612 0.7916666666666666 365
1737429148929 0.8620689655172413 366
1737429149248 0.9285714285714286 367
1737429149566 0.9629629629629629 368
1737429149883 0.76 369
1737429150200 0.8846153846153846 370
1737429150518 0.7419354838709677 371
1737429150836 0.7631578947368421 372
1737429151153 0.7575757575757576 373
1737429151472 0.7692307692307693 374
1737429151789 0.8571428571428571 375
1737429152109 0.90625 376
1737429152427 0.7575757575757576 377
1737429152746 0.9 378
1737429153066 0.7368421052631579 379
1737429153386 0.625 380
1737429153703 0.8709677419354839 381
1737429154018 0.8421052631578947 382
1737429154337 0.8148148148148148 383
1737429154653 0.875 384
1737429154973 0.8888888888888888 385
1737429155288 0.9333333333333333 386
1737429155609 0.8529411764705882 387
1737429155927 0.8888888888888888 388
1737429156247 0.8285714285714286 389
1737429156563 0.7575757575757576 390
1737429156881 0.6857142857142857 391
1737429157198 0.8095238095238095 392
1737429157516 0.8529411764705882 393
1737429157834 0.7 394
1737429158150 0.717948717948718 395
1737429158468 0.7560975609756098 396
1737429158785 0.6944444444444444 397
1737429159105 0.8529411764705882 398
1737429159421 0.7666666666666667 399
1737429159739 0.8484848484848485 400
1737429160056 0.6923076923076923 401
1737429160374 0.9444444444444444 402
1737429160692 0.9375 403
1737429161010 0.9047619047619048 404
1737429161326 0.8666666666666667 405
1737429161648 0.9259259259259259 406
1737429161967 0.6774193548387096 407
1737429162282 0.8108108108108109 408
1737429162600 0.8947368421052632 409
1737429162918 0.7714285714285715 410
1737429163237 0.6923076923076923 411
1737429163554 0.7209302325581395 412
1737429163871 0.7727272727272727 413
1737429164188 0.825 414
1737429164506 0.8285714285714286 415
1737429164824 0.90625 416
1737429165144 0.9655172413793104 417
1737429165463 0.96 418
1737429165781 0.8275862068965517 419
1737429166100 0.9285714285714286 420
1737429166417 0.7407407407407407 421
1737429166735 0.8 422
1737429167053 0.9090909090909091 423
1737429167370 0.7142857142857143 424
1737429167688 0.8 425
1737429168006 0.8571428571428571 426
1737429168324 0.875 427
1737429168643 0.8518518518518519 428
1737429168962 0.8181818181818182 429
1737429169283 0.8974358974358975 430
1737429169601 0.8064516129032258 431
1737429169922 0.8275862068965517 432
1737429170239 0.84 433
1737429170557 0.8181818181818182 434
1737429170875 0.9666666666666667 435
1737429171191 0.8409090909090909 436
1737429171512 0.8518518518518519 437
1737429171833 0.8085106382978723 438
1737429172152 0.78125 439
1737429172470 0.8947368421052632 440
1737429172788 0.8387096774193549 441
1737429173107 0.7058823529411765 442
1737429173423 0.8387096774193549 443
1737429173741 0.8387096774193549 444
1737429174060 0.9615384615384616 445
1737429174380 0.8064516129032258 446
1737429174699 0.8461538461538461 447
1737429175015 0.8918918918918919 448
1737429175332 0.7916666666666666 449
1737429175652 0.8 450
1737429175968 0.8214285714285714 451
1737429176285 0.7272727272727273 452
1737429176603 0.8333333333333334 453
1737429176921 0.8888888888888888 454
1737429177240 0.8285714285714286 455
1737429177557 0.7647058823529411 456
1737429177873 0.8378378378378378 457
1737429178192 0.8285714285714286 458
1737429178509 0.9166666666666666 459
1737429178827 0.7777777777777778 460
1737429179145 0.8260869565217391 461
1737429179461 0.6666666666666666 462
1737429179778 0.7857142857142857 463
1737429180097 0.8518518518518519 464
1737429180415 0.7391304347826086 465
1737429180732 0.8181818181818182 466
1737429181050 0.9130434782608695 467
1737429181370 0.96 468
1737429181686 0.8333333333333334 469
1737429182004 0.8409090909090909 470
1737429182322 0.7666666666666667 471
1737429182642 0.7368421052631579 472
1737429182960 0.875 473
1737429183277 0.6585365853658537 474
1737429183595 0.8648648648648649 475
1737429183914 0.8378378378378378 476
1737429184231 0.65625 477
1737429184548 0.68 478
1737429184866 0.8181818181818182 479
1737429185182 0.9090909090909091 480
1737429185499 1.0 481
1737429185816 0.72 482
1737429186136 0.8275862068965517 483
1737429186456 0.8064516129032258 484
1737429186772 0.8333333333333334 485
1737429187090 0.9166666666666666 486
1737429187408 0.88 487
1737429187728 0.7096774193548387 488
1737429188046 0.8604651162790697 489
1737429188364 0.6153846153846154 490
1737429188680 0.5757575757575758 491
1737429188999 0.7878787878787878 492
1737429189316 0.7941176470588235 493
1737429189633 0.7727272727272727 494
1737429189950 0.71875 495
1737429190265 0.7837837837837838 496
1737429190581 0.8076923076923077 497
1737429190898 0.8108108108108109 498
1737429191216 0.9615384615384616 499
1737429191535 0.9375 500
1737429191851 0.8076923076923077 501
1737429192169 0.8846153846153846 502
1737429192487 0.7878787878787878 503
1737429192804 0.8 504
1737429193123 0.7567567567567568 505
1737429193440 0.7567567567567568 506
1737429193758 0.6578947368421053 507
1737429194073 0.6944444444444444 508
1737429194391 0.7222222222222222 509
1737429194709 0.7647058823529411 510
1737429195026 0.6578947368421053 511
1737429195344 0.76 512
1737429195660 0.8235294117647058 513
1737429195976 0.7857142857142857 514
1737429196293 0.96875 515
1737429196613 0.875 516
1737429196929 0.8666666666666667 517
1737429197244 0.9411764705882353 518
1737429197563 0.9285714285714286 519
1737429197880 0.8620689655172413 520
1737429198196 0.875 521
1737429198515 0.8387096774193549 522
1737429198832 0.8235294117647058 523
1737429199150 0.7096774193548387 524
1737429199468 0.8064516129032258 525
1737429199787 0.8055555555555556 526
1737429200107 0.875 527
1737429200423 0.7948717948717948 528
1737429200743 0.8571428571428571 529
1737429201059 0.7 530
1737429201379 0.9655172413793104 531
1737429201697 0.96 532
1737429202018 0.9117647058823529 533
1737429202336 0.8181818181818182 534
1737429202655 0.9166666666666666 535
1737429202973 0.9354838709677419 536
1737429203291 0.8648648648648649 537
1737429203609 0.75 538
1737429203924 0.9130434782608695 539
1737429204242 0.8484848484848485 540
1737429204560 0.84 541
1737429204877 0.8536585365853658 542
1737429205194 0.9 543
1737429205512 0.8529411764705882 544
1737429205829 0.8387096774193549 545
1737429206148 0.7380952380952381 546
1737429206465 0.85 547
1737429206781 0.8205128205128205 548
1737429207101 0.8571428571428571 549
1737429207418 0.8666666666666667 550
1737429207736 0.8108108108108109 551
1737429208052 0.8709677419354839 552
1737429208367 0.9090909090909091 553
1737429208684 0.8529411764705882 554
1737429209002 0.8857142857142857 555
1737429209324 0.9117647058823529 556
1737429209640 0.8108108108108109 557
1737429209956 0.8333333333333334 558
1737429210275 0.8235294117647058 559
1737429210591 0.9069767441860465 560
1737429210909 0.72 561
1737429211227 0.6216216216216216 562
1737429211543 0.8260869565217391 563
1737429211861 0.8947368421052632 564
1737429212179 0.8387096774193549 565
1737429212496 0.8055555555555556 566
1737429212813 0.8823529411764706 567
1737429213131 0.8148148148148148 568
1737429213448 0.7586206896551724 569
1737429213767 0.7333333333333333 570
1737429214085 0.8709677419354839 571
1737429214403 0.84 572
1737429214721 0.8333333333333334 573
1737429215040 0.6774193548387096 574
1737429215357 0.9 575
1737429215676 0.9666666666666667 576
1737429215996 0.8275862068965517 577
1737429216314 0.7714285714285715 578
1737429216630 0.7777777777777778 579
1737429216946 0.8 580
1737429217265 0.8888888888888888 581
1737429217583 0.8888888888888888 582
1737429217901 0.8529411764705882 583
1737429218218 0.9032258064516129 584
1737429218536 0.7741935483870968 585
1737429218856 0.8108108108108109 586
1737429219176 0.85 587
1737429219493 0.8235294117647058 588
1737429219810 0.75 589
1737429220128 0.7941176470588235 590
1737429220445 0.8235294117647058 591
1737429220763 0.8214285714285714 592
1737429221081 0.84 593
1737429221398 0.9666666666666667 594
1737429221716 0.8333333333333334 595
1737429222032 0.8823529411764706 596
1737429222349 0.8571428571428571 597
1737429222669 0.8387096774193549 598
1737429222990 0.7647058823529411 599
1737429223306 0.7297297297297297 600
1737429223625 0.75 601
1737429223943 0.7037037037037037 602
1737429224261 0.8333333333333334 603
1737429224579 0.9090909090909091 604
1737429224900 0.88 605
1737429225217 0.9142857142857143 606
1737429225535 0.9166666666666666 607
1737429225853 0.9130434782608695 608
1737429226172 0.8846153846153846 609
1737429226491 0.8378378378378378 610
1737429226809 0.90625 611
1737429227126 0.6923076923076923 612
1737429227443 0.8666666666666667 613
1737429227762 0.8484848484848485 614
1737429228078 0.8235294117647058 615
1737429228398 0.696969696969697 616
1737429228715 0.7058823529411765 617
1737429229032 0.7105263157894737 618
1737429229352 0.8787878787878788 619
1737429229672 0.75 620
1737429229990 0.8888888888888888 621
1737429230306 0.75 622
1737429230622 0.8214285714285714 623
1737429230941 0.782608695652174 624
1737429231258 0.9117647058823529 625
1737429231583 0.8571428571428571 626
1737429231902 0.8 627
1737429232217 0.9310344827586207 628
1737429232536 0.5769230769230769 629
1737429232854 0.8125 630
1737429233172 0.8076923076923077 631
1737429233489 0.84 632
1737429233805 0.8928571428571429 633
1737429234122 0.8181818181818182 634
1737429234442 0.9230769230769231 635
1737429234758 0.9230769230769231 636
1737429235075 0.967741935483871 637
1737429235393 0.8928571428571429 638
1737429235709 0.7727272727272727 639
1737429236029 0.9375 640
1737429236349 0.71875 641
1737429236668 0.7941176470588235 642
1737429236987 0.8484848484848485 643
1737429237304 0.8620689655172413 644
1737429237624 0.8863636363636364 645
1737429237941 0.8387096774193549 646
1737429238261 0.7142857142857143 647
1737429238578 0.9 648
1737429238896 0.9310344827586207 649
1737429239215 0.9444444444444444 650
1737429239531 0.9 651
1737429239848 0.9545454545454546 652
1737429240165 0.8571428571428571 653
1737429240484 0.8666666666666667 654
1737429240802 0.8125 655
1737429241121 0.7647058823529411 656
1737429241439 0.775 657
1737429241757 0.7058823529411765 658
1737429242075 0.9259259259259259 659
1737429242392 0.75 660
1737429242709 0.8387096774193549 661
1737429243027 0.7241379310344828 662
1737429243344 0.75 663
1737429243662 0.7916666666666666 664
1737429243982 0.9166666666666666 665
1737429244299 0.9743589743589743 666
1737429244616 0.9142857142857143 667
1737429244934 0.8709677419354839 668
1737429245250 0.8648648648648649 669
1737429245568 0.7297297297297297 670
1737429245886 0.8285714285714286 671
1737429246203 0.6571428571428571 672
1737429246522 0.8536585365853658 673
1737429246841 0.8125 674
1737429247158 0.7058823529411765 675
1737429247473 1.0 676
1737429247791 0.8108108108108109 677
1737429248112 0.9032258064516129 678
1737429248432 0.8636363636363636 679
1737429248749 0.9615384615384616 680
1737429249066 0.8709677419354839 681
1737429249385 0.7837837837837838 682
1737429249702 0.8235294117647058 683
1737429250018 0.8571428571428571 684
1737429250336 0.7096774193548387 685
1737429250655 0.7575757575757576 686
1737429250973 0.7619047619047619 687
1737429251293 0.8108108108108109 688
1737429251611 0.6896551724137931 689
1737429251930 0.7419354838709677 690
1737429252245 0.9583333333333334 691
1737429252563 0.8461538461538461 692
1737429252882 0.9310344827586207 693
1737429253198 0.8 694
1737429253513 0.8095238095238095 695
1737429253834 0.96 696
1737429254153 0.7586206896551724 697
1737429254471 0.7142857142857143 698
1737429254787 0.7142857142857143 699
1737429255106 0.8285714285714286 700
1737429255425 0.875 701
1737429255743 0.7407407407407407 702
1737429256061 0.9032258064516129 703
1737429256382 0.9333333333333333 704
1737429256698 0.8611111111111112 705
1737429257019 0.7837837837837838 706
1737429257334 0.875 707
1737429257652 0.8157894736842105 708
1737429257969 0.6756756756756757 709
1737429258287 0.8787878787878788 710
1737429258603 0.8387096774193549 711
1737429258921 0.8064516129032258 712
1737429259240 0.7352941176470589 713
1737429259560 0.6896551724137931 714
1737429259877 0.9310344827586207 715
1737429260196 0.9259259259259259 716
1737429260515 0.896551724137931 717
1737429260833 0.88 718
1737429261152 0.8518518518518519 719
1737429261470 0.9230769230769231 720
1737429261787 0.8846153846153846 721
1737429262105 0.9565217391304348 722
1737429262423 0.8235294117647058 723
1737429262740 0.7777777777777778 724
1737429263067 0.6571428571428571 725
1737429263394 0.9090909090909091 726
1737429263712 0.7906976744186046 727
1737429264029 0.8787878787878788 728
1737429264348 0.8205128205128205 729
1737429264666 0.84375 730
1737429264984 0.8214285714285714 731
1737429265303 0.9032258064516129 732
1737429265620 0.9411764705882353 733
1737429265936 0.7619047619047619 734
1737429266255 0.8076923076923077 735
1737429266572 0.875 736
1737429266889 0.9117647058823529 737
1737429267209 0.6896551724137931 738
1737429267527 0.8823529411764706 739
1737429267844 0.8536585365853658 740
1737429268161 0.7368421052631579 741
1737429268478 0.92 742
1737429268796 0.8064516129032258 743
1737429269115 0.7931034482758621 744
1737429269432 0.75 745
1737429269753 0.8333333333333334 746
1737429270071 0.8648648648648649 747
1737429270390 0.7083333333333334 748
1737429270708 0.896551724137931 749
1737429271025 0.8 750
1737429271344 0.9090909090909091 751
1737429271661 0.9285714285714286 752
1737429271979 0.90625 753
1737429272298 0.9 754
1737429272616 0.875 755
1737429272933 0.8076923076923077 756
1737429273253 0.7894736842105263 757
1737429273571 0.8666666666666667 758
1737429273889 0.8636363636363636 759
1737429274207 0.9210526315789473 760
1737429274526 0.8181818181818182 761
1737429274843 0.8717948717948718 762
1737429275163 0.8285714285714286 763
1737429275481 0.7631578947368421 764
1737429275803 0.9333333333333333 765
1737429276121 0.7894736842105263 766
1737429276440 0.8 767
1737429276757 0.8387096774193549 768
1737429277078 0.875 769
1737429277396 0.8709677419354839 770
1737429277715 0.9047619047619048 771
1737429278034 0.8636363636363636 772
1737429278353 0.92 773
1737429278670 0.896551724137931 774
1737429278988 0.9 775
1737429279307 0.8666666666666667 776
1737429279624 0.8888888888888888 777
1737429279944 0.7741935483870968 778
1737429280260 0.84375 779
1737429280579 0.8108108108108109 780
1737429280897 0.7878787878787878 781
1737429281214 0.7804878048780488 782
1737429281533 0.8461538461538461 783
1737429281852 0.8378378378378378 784
1737429282169 0.9032258064516129 785
1737429282486 0.9210526315789473 786
1737429282805 0.6428571428571429 787
1737429283125 0.967741935483871 788
1737429283443 0.875 789
1737429283760 0.9615384615384616 790
1737429284079 0.9166666666666666 791
1737429284396 0.9642857142857143 792
1737429284712 0.8636363636363636 793
1737429285028 0.7777777777777778 794
1737429285346 0.8709677419354839 795
1737429285664 0.8947368421052632 796
1737429285983 0.8333333333333334 797
1737429286298 0.7857142857142857 798
1737429286617 0.8125 799
1737429286934 0.8148148148148148 800
1737429287260 0.825 801
1737429287578 0.9615384615384616 802
1737429287896 0.9411764705882353 803
1737429288214 0.8857142857142857 804
1737429288534 0.875 805
1737429288851 0.896551724137931 806
1737429289167 0.7428571428571429 807
1737429289486 0.8125 808
1737429289805 0.90625 809
1737429290123 0.9230769230769231 810
1737429290441 0.8666666666666667 811
1737429290757 0.8648648648648649 812
1737429291075 0.8888888888888888 813
1737429291395 0.6333333333333333 814
1737429291724 0.7333333333333333 815
1737429292043 0.7333333333333333 816
1737429292367 0.8 817
1737429292686 0.8484848484848485 818
1737429293005 0.8333333333333334 819
1737429293323 0.9375 820
1737429293641 0.918918918918919 821
1737429293963 0.9259259259259259 822
1737429294281 0.7037037037037037 823
1737429294602 0.8275862068965517 824
1737429294919 0.9130434782608695 825
1737429295237 0.8125 826
1737429295556 0.7941176470588235 827
1737429295872 0.8205128205128205 828
1737429296189 0.7931034482758621 829
1737429296507 0.7666666666666667 830
1737429296826 0.84 831
1737429297145 0.7777777777777778 832
1737429297465 0.875 833
1737429297783 0.7368421052631579 834
1737429298100 0.8571428571428571 835
1737429298418 0.9722222222222222 836
1737429298738 0.7941176470588235 837
1737429299056 1.0 838
1737429299372 0.8387096774193549 839
1737429299689 0.88 840
1737429300012 0.7586206896551724 841
1737429300330 0.8333333333333334 842
1737429300647 0.96875 843
1737429300967 0.8846153846153846 844
1737429301285 0.8333333333333334 845
1737429301604 0.896551724137931 846
1737429301923 0.8333333333333334 847
1737429302241 0.8461538461538461 848
1737429302559 0.8846153846153846 849
1737429302876 0.7647058823529411 850
1737429303195 0.6451612903225806 851
1737429303512 0.7142857142857143 852
1737429303829 0.8461538461538461 853
1737429304146 0.9411764705882353 854
1737429304462 0.7575757575757576 855
1737429304778 0.9629629629629629 856
1737429305098 0.8148148148148148 857
1737429305418 0.9 858
1737429305737 0.8823529411764706 859
1737429306055 0.8888888888888888 860
1737429306373 0.7142857142857143 861
1737429306587 0.6818181818181818 862
1737429324083 0.9411764705882353 863
1737429324403 0.8620689655172413 864
1737429324719 0.868421052631579 865
1737429325037 0.8157894736842105 866
1737429325354 0.8529411764705882 867
1737429325671 0.8333333333333334 868
1737429325989 0.9615384615384616 869
1737429326303 0.918918918918919 870
1737429326620 0.8648648648648649 871
1737429326938 0.7741935483870968 872
1737429327258 0.8823529411764706 873
1737429327575 0.896551724137931 874
1737429327893 0.8372093023255814 875
1737429328209 0.9142857142857143 876
1737429328527 0.9166666666666666 877
1737429328842 0.8260869565217391 878
1737429329156 0.8518518518518519 879
1737429329474 0.7674418604651163 880
1737429329791 0.8857142857142857 881
1737429330107 0.96875 882
1737429330426 0.7647058823529411 883
1737429330743 0.8484848484848485 884
1737429331061 0.8888888888888888 885
1737429331379 0.9629629629629629 886
1737429331697 0.9615384615384616 887
1737429332016 0.8214285714285714 888
1737429332335 0.8 889
1737429332652 0.8285714285714286 890
1737429332970 0.9318181818181818 891
1737429333287 0.9259259259259259 892
1737429333603 0.7692307692307693 893
1737429333922 0.75 894
1737429334240 0.6976744186046512 895
1737429334559 0.8666666666666667 896
1737429334878 0.7647058823529411 897
1737429335195 0.8484848484848485 898
1737429335515 0.8518518518518519 899
1737429335831 0.9310344827586207 900
1737429336147 0.8636363636363636 901
1737429336465 0.7586206896551724 902
1737429336784 0.9375 903
1737429337103 0.875 904
1737429337418 0.8571428571428571 905
1737429337736 0.7727272727272727 906
1737429338057 0.9090909090909091 907
1737429338374 0.9285714285714286 908
1737429338691 0.7419354838709677 909
1737429339007 0.918918918918919 910
1737429339324 0.7105263157894737 911
1737429339644 0.7567567567567568 912
1737429339960 0.8484848484848485 913
1737429340278 0.8846153846153846 914
1737429340595 0.7714285714285715 915
1737429340913 0.9333333333333333 916
1737429341231 0.8823529411764706 917
1737429341549 0.7419354838709677 918
1737429341865 0.96875 919
1737429342187 0.8823529411764706 920
1737429342509 0.8076923076923077 921
1737429342826 0.9428571428571428 922
1737429343146 0.8928571428571429 923
1737429343462 0.8536585365853658 924
1737429343780 0.8214285714285714 925
1737429344099 0.8857142857142857 926
1737429344417 0.7 927
1737429344733 0.8148148148148148 928
1737429345052 0.8095238095238095 929
1737429345373 0.7575757575757576 930
1737429345692 0.896551724137931 931
1737429346008 0.8823529411764706 932
1737429346324 0.8235294117647058 933
1737429346644 0.9 934
1737429346961 0.8620689655172413 935
1737429347278 0.8888888888888888 936
1737429347596 0.9705882352941176 937
1737429347914 0.9117647058823529 938
1737429348233 0.8888888888888888 939
1737429348552 0.7777777777777778 940
1737429348868 0.8529411764705882 941
1737429349188 0.8333333333333334 942
1737429349506 0.7714285714285715 943
1737429349825 0.88 944
1737429350141 0.8333333333333334 945
1737429350459 0.6571428571428571 946
1737429350776 0.918918918918919 947
1737429351100 0.75 948
1737429351433 0.8809523809523809 949
1737429351756 0.8666666666666667 950
1737429352074 0.7857142857142857 951
1737429352393 0.8780487804878049 952
1737429352712 0.84375 953
1737429353030 0.8275862068965517 954
1737429353345 0.8214285714285714 955
1737429353663 0.875 956
1737429353979 0.8620689655172413 957
1737429354295 0.9 958
1737429354616 0.8823529411764706 959
1737429354934 0.9655172413793104 960
1737429355252 0.8928571428571429 961
1737429355568 0.8823529411764706 962
1737429355885 0.8611111111111112 963
1737429356202 0.8823529411764706 964
1737429356522 0.8333333333333334 965
1737429356842 0.8125 966
1737429357156 0.7631578947368421 967
1737429357473 0.8529411764705882 968
1737429357792 0.7931034482758621 969
1737429358112 0.8333333333333334 970
1737429358430 0.8157894736842105 971
1737429358748 0.7368421052631579 972
1737429359064 0.8205128205128205 973
1737429359383 0.8181818181818182 974
1737429359699 0.9655172413793104 975
1737429360019 0.9259259259259259 976
1737429360340 0.88 977
1737429360657 0.8461538461538461 978
1737429360974 1.0 979
1737429361291 0.9166666666666666 980
1737429361609 0.8571428571428571 981
1737429361929 0.875 982
1737429362246 0.8214285714285714 983
1737429362560 0.8823529411764706 984
1737429362877 0.9 985
1737429363195 0.7083333333333334 986
1737429363513 0.8823529411764706 987
1737429363832 0.84375 988
1737429364152 0.8275862068965517 989
1737429364469 0.92 990
1737429364786 0.8125 991
1737429365104 0.8461538461538461 992
1737429365421 0.9411764705882353 993
1737429365740 0.9696969696969697 994
1737429366057 0.9333333333333333 995
1737429366376 0.9393939393939394 996
1737429366692 0.875 997
1737429367010 0.7837837837837838 998
1737429367327 0.9166666666666666 999
1737429367645 0.96875 1000
1737429367964 0.868421052631579 1001
1737429368281 0.84375 1002
1737429368600 0.7894736842105263 1003
1737429368919 0.8285714285714286 1004
1737429369241 0.9428571428571428 1005
1737429369557 0.8571428571428571 1006
1737429369875 0.8918918918918919 1007
1737429370193 0.9375 1008
1737429370512 1.0 1009
1737429370829 0.8518518518518519 1010
1737429371147 0.918918918918919 1011
1737429371463 0.9285714285714286 1012
1737429371783 0.7931034482758621 1013
1737429372100 0.967741935483871 1014
1737429372416 0.8214285714285714 1015
1737429372733 0.8918918918918919 1016
1737429373051 0.90625 1017
1737429373403 0.8378378378378378 1018
1737429373723 0.9090909090909091 1019
1737429374041 0.7692307692307693 1020
1737429374360 0.90625 1021
1737429374677 0.8636363636363636 1022
1737429374996 0.9333333333333333 1023
1737429375313 0.92 1024
1737429375632 0.8387096774193549 1025
1737429375948 0.896551724137931 1026
1737429376267 0.7941176470588235 1027
1737429376582 0.8484848484848485 1028
1737429376900 1.0 1029
1737429377224 0.8620689655172413 1030
1737429377547 0.9 1031
1737429377863 0.896551724137931 1032
1737429378179 0.8214285714285714 1033
1737429378499 0.9090909090909091 1034
1737429378816 0.8260869565217391 1035
1737429379134 1.0 1036
1737429379453 0.7272727272727273 1037
1737429379768 0.84375 1038
1737429380086 0.9444444444444444 1039
1737429380405 0.7586206896551724 1040
1737429380724 0.8888888888888888 1041
1737429381042 0.8918918918918919 1042
1737429381363 0.8461538461538461 1043
1737429381678 0.967741935483871 1044
1737429381999 0.75 1045
1737429382315 0.8076923076923077 1046
1737429382634 0.9444444444444444 1047
1737429382955 0.875 1048
1737429383274 0.8823529411764706 1049
1737429383590 0.8108108108108109 1050
1737429383908 0.8157894736842105 1051
1737429384225 0.75 1052
1737429384544 0.8529411764705882 1053
1737429384861 0.95 1054
1737429385177 0.84375 1055
1737429385495 0.9285714285714286 1056
1737429385815 0.9310344827586207 1057
1737429386133 1.0 1058
1737429386449 0.8571428571428571 1059
1737429386766 0.8571428571428571 1060
1737429387085 0.8620689655172413 1061
1737429387404 1.0 1062
1737429387723 0.8333333333333334 1063
1737429388040 0.7567567567567568 1064
1737429388358 0.8 1065
1737429388687 0.8571428571428571 1066
1737429389017 0.8888888888888888 1067
1737429389333 0.9428571428571428 1068
1737429389648 0.7777777777777778 1069
1737429389967 0.8787878787878788 1070
1737429390284 0.9354838709677419 1071
1737429390601 0.9375 1072
1737429390918 0.9130434782608695 1073
1737429391243 0.8648648648648649 1074
1737429391560 0.8928571428571429 1075
1737429391878 0.9545454545454546 1076
1737429392196 0.9032258064516129 1077
1737429392516 0.9333333333333333 1078
1737429392834 0.8888888888888888 1079
1737429393151 0.8076923076923077 1080
1737429393469 0.9285714285714286 1081
1737429393787 0.8461538461538461 1082
1737429394104 0.96875 1083
1737429394421 0.7837837837837838 1084
1737429394740 0.8048780487804879 1085
1737429395057 0.8974358974358975 1086
1737429395377 0.8571428571428571 1087
1737429395696 0.8666666666666667 1088
1737429396014 0.9722222222222222 1089
1737429396330 0.8888888888888888 1090
1737429396648 0.896551724137931 1091
1737429396967 0.9090909090909091 1092
1737429397290 0.9166666666666666 1093
1737429397609 0.8928571428571429 1094
1737429397927 0.8260869565217391 1095
1737429398244 0.967741935483871 1096
1737429398561 0.9696969696969697 1097
1737429398881 0.9642857142857143 1098
1737429399197 1.0 1099
1737429399512 0.8387096774193549 1100
1737429399829 0.9375 1101
1737429400146 0.7435897435897436 1102
1737429400462 0.9090909090909091 1103
1737429400777 0.8823529411764706 1104
1737429401095 0.8666666666666667 1105
1737429401412 0.8974358974358975 1106
1737429401732 0.92 1107
1737429402048 0.8571428571428571 1108
1737429402364 0.8484848484848485 1109
1737429402682 0.96 1110
1737429403000 1.0 1111
1737429403317 0.92 1112
1737429403637 1.0 1113
1737429403956 0.9615384615384616 1114
1737429404273 0.9142857142857143 1115
1737429404591 0.9 1116
1737429404906 0.8620689655172413 1117
1737429405225 0.896551724137931 1118
1737429405543 0.7931034482758621 1119
1737429405862 0.8823529411764706 1120
1737429406179 0.9117647058823529 1121
1737429406497 1.0 1122
1737429406812 0.90625 1123
1737429407132 0.9473684210526315 1124
1737429407447 0.9166666666666666 1125
1737429407766 0.9032258064516129 1126
1737429408084 0.9666666666666667 1127
1737429408403 0.9024390243902439 1128
1737429408720 0.9655172413793104 1129
1737429409041 0.8333333333333334 1130
1737429409371 0.9375 1131
1737429409688 0.9117647058823529 1132
1737429410007 0.8620689655172413 1133
1737429410323 0.9259259259259259 1134
1737429410642 0.8372093023255814 1135
1737429410960 0.9142857142857143 1136
1737429411278 0.8918918918918919 1137
1737429411598 0.7666666666666667 1138
1737429411920 0.8 1139
1737429412235 0.9333333333333333 1140
1737429412554 0.9411764705882353 1141
1737429412873 0.8 1142
1737429413189 0.8846153846153846 1143
1737429413506 0.9512195121951219 1144
1737429413826 0.9642857142857143 1145
1737429414143 0.9285714285714286 1146
1737429414460 0.8275862068965517 1147
1737429414778 0.9393939393939394 1148
1737429415095 0.9259259259259259 1149
1737429415413 0.7575757575757576 1150
1737429415738 0.8214285714285714 1151
1737429416057 0.8787878787878788 1152
1737429416376 0.84375 1153
1737429416694 0.6896551724137931 1154
1737429417010 0.9615384615384616 1155
1737429417328 0.92 1156
1737429417646 0.8787878787878788 1157
1737429417966 1.0 1158
1737429418284 0.8857142857142857 1159
1737429418603 0.8571428571428571 1160
1737429418922 0.8888888888888888 1161
1737429419241 0.9411764705882353 1162
1737429419559 0.9230769230769231 1163
1737429419876 0.7333333333333333 1164
1737429420197 1.0 1165
1737429420528 1.0 1166
1737429420857 0.8787878787878788 1167
1737429421175 0.9117647058823529 1168
1737429421492 0.9444444444444444 1169
1737429421809 0.9090909090909091 1170
1737429422126 0.9230769230769231 1171
1737429422445 0.7837837837837838 1172
1737429422765 0.8484848484848485 1173
1737429423091 0.875 1174
1737429423409 0.9117647058823529 1175
1737429423729 0.9666666666666667 1176
1737429424046 0.90625 1177
1737429424364 0.9333333333333333 1178
1737429424684 1.0 1179
1737429425003 0.782608695652174 1180
1737429425322 0.9142857142857143 1181
1737429425642 0.8620689655172413 1182
1737429425961 0.9090909090909091 1183
1737429426280 0.8787878787878788 1184
1737429426597 0.8666666666666667 1185
1737429426917 0.9333333333333333 1186
1737429427235 0.8148148148148148 1187
1737429427554 0.90625 1188
1737429427875 0.8857142857142857 1189
1737429428192 0.84375 1190
1737429428510 0.9285714285714286 1191
1737429428829 0.9032258064516129 1192
1737429429147 0.7878787878787878 1193
1737429429464 0.896551724137931 1194
1737429429783 0.9459459459459459 1195
1737429430101 0.8 1196
1737429430420 0.9130434782608695 1197
1737429430738 0.8275862068965517 1198
1737429431055 0.8285714285714286 1199
1737429431372 0.8181818181818182 1200
1737429431690 0.813953488372093 1201
1737429432008 0.7741935483870968 1202
1737429432328 0.925 1203
1737429432646 0.7586206896551724 1204
1737429432965 1.0 1205
1737429433283 0.9310344827586207 1206
1737429433602 0.8620689655172413 1207
1737429433919 0.9032258064516129 1208
1737429434237 0.9310344827586207 1209
1737429434557 0.9444444444444444 1210
1737429434876 0.92 1211
1737429435193 0.7878787878787878 1212
1737429435512 0.7941176470588235 1213
1737429435831 0.7586206896551724 1214
1737429436150 0.9714285714285714 1215
1737429436468 0.8 1216
1737429436785 0.7857142857142857 1217
1737429437104 0.7586206896551724 1218
1737429437425 0.868421052631579 1219
1737429437743 0.90625 1220
1737429438062 0.9722222222222222 1221
1737429438382 0.7419354838709677 1222
1737429438699 0.9230769230769231 1223
1737429439019 0.9523809523809523 1224
1737429439336 0.8709677419354839 1225
1737429439653 0.8928571428571429 1226
1737429439970 0.88 1227
1737429440287 0.9655172413793104 1228
1737429440604 0.9393939393939394 1229
1737429440922 0.9655172413793104 1230
1737429441240 0.8275862068965517 1231
1737429441560 0.9285714285714286 1232
1737429441878 0.8571428571428571 1233
1737429442196 0.7631578947368421 1234
1737429442512 0.8235294117647058 1235
1737429442830 0.8378378378378378 1236
1737429443148 0.8620689655172413 1237
1737429443468 0.96875 1238
1737429443784 0.7741935483870968 1239
1737429444101 0.90625 1240
1737429444420 0.8529411764705882 1241
1737429444737 0.71875 1242
1737429445054 0.8571428571428571 1243
1737429445373 0.9142857142857143 1244
1737429445691 0.84 1245
1737429446013 0.7894736842105263 1246
1737429446329 0.8333333333333334 1247
1737429446648 0.9714285714285714 1248
1737429446967 0.8787878787878788 1249
1737429447288 0.9393939393939394 1250
1737429447604 0.9166666666666666 1251
1737429447921 0.8928571428571429 1252
1737429448239 0.8888888888888888 1253
1737429448558 0.9444444444444444 1254
1737429448876 0.9354838709677419 1255
1737429449192 0.8 1256
1737429449509 0.7647058823529411 1257
1737429449828 0.918918918918919 1258
1737429450147 0.8387096774193549 1259
1737429450465 0.875 1260
1737429450781 0.71875 1261
1737429451099 0.8461538461538461 1262
1737429451416 0.6875 1263
1737429451735 0.9130434782608695 1264
1737429452052 1.0 1265
1737429452371 0.90625 1266
1737429452691 0.8529411764705882 1267
1737429453010 1.0 1268
1737429453327 0.875 1269
1737429453645 0.9259259259259259 1270
1737429453963 0.918918918918919 1271
1737429454280 0.9310344827586207 1272
1737429454600 0.84375 1273
1737429454917 0.8108108108108109 1274
1737429455236 0.7659574468085106 1275
1737429455555 0.85 1276
1737429455874 0.8571428571428571 1277
1737429456190 0.8857142857142857 1278
1737429456510 0.9166666666666666 1279
1737429456827 0.9259259259259259 1280
1737429457146 0.9142857142857143 1281
1737429457466 0.9642857142857143 1282
1737429457783 0.7692307692307693 1283
1737429458101 0.9666666666666667 1284
1737429458418 0.9666666666666667 1285
1737429458736 0.8571428571428571 1286
1737429459054 0.8823529411764706 1287
1737429459374 0.96 1288
1737429459692 0.9354838709677419 1289
1737429460012 0.9230769230769231 1290
1737429460330 0.896551724137931 1291
1737429460648 0.9473684210526315 1292
1737429460968 0.8928571428571429 1293
1737429461287 0.7419354838709677 1294
1737429461606 0.8846153846153846 1295
1737429461923 0.8378378378378378 1296
1737429462240 1.0 1297
1737429462559 0.8444444444444444 1298
1737429462879 0.9629629629629629 1299
1737429463196 0.8695652173913043 1300
1737429463513 0.896551724137931 1301
1737429463833 1.0 1302
1737429464153 0.96 1303
1737429464471 0.9615384615384616 1304
1737429464792 0.9375 1305
1737429465109 0.9285714285714286 1306
1737429465426 1.0 1307
1737429465744 0.8387096774193549 1308
1737429466061 0.9166666666666666 1309
1737429466379 0.918918918918919 1310
1737429466697 0.76 1311
1737429467017 0.84375 1312
1737429467336 0.9615384615384616 1313
1737429467654 0.8285714285714286 1314
1737429467970 0.9411764705882353 1315
1737429468291 0.9210526315789473 1316
1737429468609 0.8823529411764706 1317
1737429468926 0.7714285714285715 1318
1737429469242 0.9428571428571428 1319
1737429469561 0.875 1320
1737429469878 0.9459459459459459 1321
1737429470199 0.9090909090909091 1322
1737429470517 0.95 1323
1737429470836 0.875 1324
1737429471155 0.7586206896551724 1325
1737429471475 0.84375 1326
1737429471796 0.7307692307692307 1327
1737429472115 0.8421052631578947 1328
1737429472431 0.9230769230769231 1329
1737429472750 0.9354838709677419 1330
1737429473067 0.8918918918918919 1331
1737429473385 0.8809523809523809 1332
1737429473704 0.8148148148148148 1333
1737429474023 0.90625 1334
1737429474341 1.0 1335
1737429474656 0.896551724137931 1336
1737429474975 0.9714285714285714 1337
1737429475295 0.96875 1338
1737429475612 0.7428571428571429 1339
1737429475929 0.7727272727272727 1340
1737429476247 0.782608695652174 1341
1737429476565 0.8947368421052632 1342
1737429476882 0.9354838709677419 1343
1737429477201 0.7142857142857143 1344
1737429477517 0.9032258064516129 1345
1737429477835 0.8823529411764706 1346
1737429478154 0.9166666666666666 1347
1737429478471 1.0 1348
1737429478790 0.9545454545454546 1349
1737429479108 0.8695652173913043 1350
1737429479425 0.9487179487179487 1351
1737429479743 0.782608695652174 1352
1737429480061 0.76 1353
1737429480378 0.8666666666666667 1354
1737429480695 0.84375 1355
1737429481011 0.8333333333333334 1356
1737429481331 0.7575757575757576 1357
1737429481650 0.868421052631579 1358
1737429481969 0.8695652173913043 1359
1737429482288 0.7894736842105263 1360
1737429482609 0.9354838709677419 1361
1737429482927 1.0 1362
1737429483245 0.8888888888888888 1363
1737429483563 0.9259259259259259 1364
1737429483883 0.8571428571428571 1365
1737429484202 0.90625 1366
1737429484523 0.8529411764705882 1367
1737429484843 0.8620689655172413 1368
1737429485161 0.7931034482758621 1369
1737429485480 0.7428571428571429 1370
1737429485796 0.8928571428571429 1371
1737429486116 0.9032258064516129 1372
1737429486435 0.6511627906976745 1373
1737429486757 0.7741935483870968 1374
1737429487074 0.825 1375
1737429487391 0.7333333333333333 1376
1737429487711 0.9024390243902439 1377
1737429488031 0.8387096774193549 1378
1737429488350 0.9642857142857143 1379
1737429488666 1.0 1380
1737429488985 0.9655172413793104 1381
1737429489304 0.9259259259259259 1382
1737429489621 1.0 1383
1737429489938 0.9642857142857143 1384
1737429490255 0.9411764705882353 1385
1737429490573 0.8620689655172413 1386
1737429490892 0.9310344827586207 1387
1737429491211 0.8888888888888888 1388
1737429491528 0.9090909090909091 1389
1737429491847 0.8648648648648649 1390
1737429492166 0.8148148148148148 1391
1737429492486 0.8387096774193549 1392
1737429492803 0.9444444444444444 1393
1737429493123 0.8823529411764706 1394
1737429493441 0.8857142857142857 1395
1737429493761 0.875 1396
1737429494079 0.9428571428571428 1397
1737429494397 0.9629629629629629 1398
1737429494717 0.967741935483871 1399
1737429495033 0.8846153846153846 1400
1737429495353 1.0 1401
1737429495670 0.9090909090909091 1402
1737429495989 0.8148148148148148 1403
1737429496308 0.8571428571428571 1404
1737429496626 0.9473684210526315 1405
1737429496942 0.9117647058823529 1406
1737429497263 0.875 1407
1737429497583 0.8648648648648649 1408
1737429497900 0.7727272727272727 1409
1737429498219 0.9166666666666666 1410
1737429498539 0.9666666666666667 1411
1737429498858 0.9285714285714286 1412
1737429499177 0.9090909090909091 1413
1737429499497 0.90625 1414
1737429499815 0.9333333333333333 1415
1737429500133 0.8918918918918919 1416
1737429500454 0.9411764705882353 1417
1737429500771 0.9117647058823529 1418
1737429501090 0.9090909090909091 1419
1737429501407 0.896551724137931 1420
1737429501724 0.8857142857142857 1421
1737429502043 0.9090909090909091 1422
1737429502362 0.7391304347826086 1423
1737429502680 0.7058823529411765 1424
1737429503002 0.9166666666666666 1425
1737429503321 0.9428571428571428 1426
1737429503638 0.896551724137931 1427
1737429503956 0.9354838709677419 1428
1737429504273 0.8888888888888888 1429
1737429504590 0.9166666666666666 1430
1737429504909 0.8571428571428571 1431
1737429505227 0.8275862068965517 1432
1737429505543 0.8787878787878788 1433
1737429505862 0.9545454545454546 1434
1737429506179 0.8787878787878788 1435
1737429506501 0.8571428571428571 1436
1737429506817 0.9615384615384616 1437
1737429507135 0.9696969696969697 1438
1737429507455 0.8518518518518519 1439
1737429507773 0.8484848484848485 1440
1737429508093 0.8 1441
1737429508409 0.8846153846153846 1442
1737429508725 0.8888888888888888 1443
1737429509042 0.9375 1444
1737429509364 0.96875 1445
1737429509679 0.967741935483871 1446
1737429509998 0.84375 1447
1737429510316 0.9117647058823529 1448
1737429510635 0.918918918918919 1449
1737429510953 0.8108108108108109 1450
1737429511272 0.8846153846153846 1451
1737429511590 0.8285714285714286 1452
1737429511908 0.8095238095238095 1453
1737429512226 0.9 1454
1737429512545 0.88 1455
1737429512861 0.9393939393939394 1456
1737429513178 1.0 1457
1737429513497 0.90625 1458
1737429513815 0.9166666666666666 1459
1737429514132 0.9333333333333333 1460
1737429514449 0.8620689655172413 1461
1737429514766 0.9333333333333333 1462
1737429515083 0.8484848484848485 1463
1737429515401 0.7407407407407407 1464
1737429515719 0.8214285714285714 1465
1737429516036 0.918918918918919 1466
1737429516356 0.8666666666666667 1467
1737429516673 0.8974358974358975 1468
1737429516991 0.9032258064516129 1469
1737429517308 0.9 1470
1737429517624 0.9310344827586207 1471
1737429517942 0.9166666666666666 1472
1737429518260 0.9354838709677419 1473
1737429518578 0.8275862068965517 1474
1737429518897 0.9259259259259259 1475
1737429519216 0.9285714285714286 1476
1737429519532 0.9615384615384616 1477
1737429519851 0.92 1478
1737429520173 0.8666666666666667 1479
1737429520491 0.7368421052631579 1480
1737429520808 0.8571428571428571 1481
1737429521126 0.8333333333333334 1482
1737429521444 0.8181818181818182 1483
1737429521763 0.7391304347826086 1484
1737429522081 0.8064516129032258 1485
1737429522399 0.8076923076923077 1486
1737429522716 0.9393939393939394 1487
1737429523033 0.9354838709677419 1488
1737429523352 0.95 1489
1737429523669 1.0 1490
1737429523986 0.9375 1491
1737429524304 0.9230769230769231 1492
1737429524621 0.95 1493
1737429524938 0.9565217391304348 1494
1737429525257 1.0 1495
1737429525575 0.9285714285714286 1496
1737429525895 0.92 1497
1737429526213 1.0 1498
1737429526531 0.967741935483871 1499
1737429526849 0.9032258064516129 1500
1737429527167 0.8 1501
1737429527487 0.8157894736842105 1502
1737429527804 0.7352941176470589 1503
1737429528122 0.8181818181818182 1504
1737429528441 0.967741935483871 1505
1737429528761 0.9032258064516129 1506
1737429529078 0.9302325581395349 1507
1737429529397 0.9 1508
1737429529715 0.84 1509
1737429530032 0.9354838709677419 1510
1737429530351 0.9655172413793104 1511
1737429530669 0.9444444444444444 1512
1737429530987 0.9354838709677419 1513
1737429531307 1.0 1514
1737429531627 0.9117647058823529 1515
1737429531948 0.9615384615384616 1516
1737429532265 0.9230769230769231 1517
1737429532582 0.8709677419354839 1518
1737429532901 0.8536585365853658 1519
1737429533220 0.8709677419354839 1520
1737429533538 0.8823529411764706 1521
1737429533854 0.8048780487804879 1522
1737429534173 0.8333333333333334 1523
1737429534490 0.7575757575757576 1524
1737429534807 0.7941176470588235 1525
1737429535125 0.8076923076923077 1526
1737429535443 0.8928571428571429 1527
1737429535761 0.975 1528
1737429536080 0.9411764705882353 1529
1737429536396 0.9629629629629629 1530
1737429536715 0.9230769230769231 1531
1737429537033 0.9285714285714286 1532
1737429537352 0.9642857142857143 1533
1737429537670 0.78125 1534
1737429537989 0.868421052631579 1535
1737429538308 0.9032258064516129 1536
1737429538626 0.7837837837837838 1537
1737429538945 0.9090909090909091 1538
1737429539262 0.8157894736842105 1539
1737429539580 0.9090909090909091 1540
1737429539900 0.8 1541
1737429540218 0.9655172413793104 1542
1737429540536 0.9166666666666666 1543
1737429540854 0.90625 1544
1737429541171 0.9285714285714286 1545
1737429541491 0.9642857142857143 1546
1737429541810 0.8076923076923077 1547
1737429542127 0.8888888888888888 1548
1737429542447 0.9142857142857143 1549
1737429542765 0.9117647058823529 1550
1737429543083 0.7586206896551724 1551
1737429543401 0.8 1552
1737429543721 0.8928571428571429 1553
1737429544040 0.8846153846153846 1554
1737429544358 0.9705882352941176 1555
1737429544677 0.84375 1556
1737429544997 0.8846153846153846 1557
1737429545315 1.0 1558
1737429545633 0.8846153846153846 1559
1737429545951 0.7878787878787878 1560
1737429546268 0.8387096774193549 1561
1737429546587 0.9354838709677419 1562
1737429546906 0.9333333333333333 1563
1737429547227 0.9523809523809523 1564
1737429547545 0.9333333333333333 1565
1737429547864 0.9642857142857143 1566
1737429548183 0.9696969696969697 1567
1737429548502 0.8235294117647058 1568
1737429548819 0.8611111111111112 1569
1737429549136 0.8421052631578947 1570
1737429549453 0.7575757575757576 1571
1737429549770 0.9375 1572
1737429550091 0.8529411764705882 1573
1737429550407 0.8064516129032258 1574
1737429550726 0.7878787878787878 1575
1737429551043 0.7916666666666666 1576
1737429551359 0.90625 1577
1737429551679 0.896551724137931 1578
1737429551997 0.9142857142857143 1579
1737429552317 0.9259259259259259 1580
1737429552633 0.8888888888888888 1581
1737429552950 0.9655172413793104 1582
1737429553268 0.9166666666666666 1583
1737429553587 0.9583333333333334 1584
1737429553904 0.9117647058823529 1585
1737429554223 0.9166666666666666 1586
1737429554540 0.8275862068965517 1587
1737429554859 0.90625 1588
1737429555179 0.8409090909090909 1589
1737429555497 0.90625 1590
1737429555813 0.8095238095238095 1591
1737429556131 0.84375 1592
1737429556451 0.8275862068965517 1593
1737429556771 0.8888888888888888 1594
1737429557090 0.972972972972973 1595
1737429557406 0.7307692307692307 1596
1737429557725 0.8275862068965517 1597
1737429558044 0.9090909090909091 1598
1737429558363 0.9428571428571428 1599
1737429558679 0.7241379310344828 1600
1737429558997 0.9696969696969697 1601
1737429559323 0.9411764705882353 1602
1737429559646 0.9 1603
1737429559966 1.0 1604
1737429560284 0.8888888888888888 1605
1737429560602 0.9583333333333334 1606
1737429560921 0.9166666666666666 1607
1737429561238 0.9090909090909091 1608
1737429561555 0.825 1609
1737429561873 0.6666666666666666 1610
1737429562191 0.8571428571428571 1611
1737429562510 0.7692307692307693 1612
1737429562829 0.8918918918918919 1613
1737429563145 0.9117647058823529 1614
1737429563464 0.8484848484848485 1615
1737429563782 0.8787878787878788 1616
1737429564101 0.9615384615384616 1617
1737429564421 0.9565217391304348 1618
1737429564740 0.9333333333333333 1619
1737429565059 0.9655172413793104 1620
1737429565378 0.9090909090909091 1621
1737429565695 0.9722222222222222 1622
1737429566013 1.0 1623
1737429566332 0.9459459459459459 1624
1737429566650 0.9666666666666667 1625
1737429566971 0.875 1626
1737429567288 0.9090909090909091 1627
1737429567607 0.8571428571428571 1628
1737429567927 0.8484848484848485 1629
1737429568245 0.84375 1630
1737429568565 0.8484848484848485 1631
1737429568882 0.8333333333333334 1632
1737429569202 0.8064516129032258 1633
1737429569522 0.7857142857142857 1634
1737429569837 0.8846153846153846 1635
1737429570156 0.9354838709677419 1636
1737429570475 0.9354838709677419 1637
1737429570795 0.9259259259259259 1638
1737429571116 1.0 1639
1737429571434 0.8666666666666667 1640
1737429571754 0.9310344827586207 1641
1737429572074 0.8611111111111112 1642
1737429572394 0.9333333333333333 1643
1737429572710 0.8648648648648649 1644
1737429573028 0.92 1645
1737429573348 0.8648648648648649 1646
1737429573668 0.90625 1647
1737429573987 0.925 1648
1737429574302 0.7241379310344828 1649
1737429574619 1.0 1650
1737429574937 0.8518518518518519 1651
1737429575255 0.9354838709677419 1652
1737429575574 1.0 1653
1737429575892 0.9629629629629629 1654
1737429576210 0.84 1655
1737429576530 0.7714285714285715 1656
1737429576845 0.9 1657
1737429577163 0.9 1658
1737429577482 0.9583333333333334 1659
1737429577803 0.8518518518518519 1660
1737429578123 0.8387096774193549 1661
1737429578442 0.9230769230769231 1662
1737429578762 0.918918918918919 1663
1737429579079 0.9333333333333333 1664
1737429579397 0.9444444444444444 1665
1737429579713 0.8823529411764706 1666
1737429580031 0.8484848484848485 1667
1737429580349 0.9259259259259259 1668
1737429580671 0.7941176470588235 1669
1737429580990 0.8787878787878788 1670
1737429581308 0.9375 1671
1737429581627 0.9285714285714286 1672
1737429581944 0.9333333333333333 1673
1737429582263 0.8947368421052632 1674
1737429582582 0.9210526315789473 1675
1737429582900 0.88 1676
1737429583218 0.8571428571428571 1677
1737429583537 0.9166666666666666 1678
1737429583854 0.8484848484848485 1679
1737429584172 0.9090909090909091 1680
1737429584491 0.9 1681
1737429584807 0.9696969696969697 1682
1737429585125 0.9722222222222222 1683
1737429585442 0.9285714285714286 1684
1737429585760 0.8076923076923077 1685
1737429586078 0.8846153846153846 1686
1737429586396 0.9523809523809523 1687
1737429586715 0.8666666666666667 1688
1737429587032 0.9354838709677419 1689
1737429587351 0.8888888888888888 1690
1737429587669 0.8928571428571429 1691
1737429587985 0.8888888888888888 1692
1737429588304 0.8461538461538461 1693
1737429588623 0.8571428571428571 1694
1737429588942 0.9615384615384616 1695
1737429589261 0.85 1696
1737429589578 0.8285714285714286 1697
1737429589897 1.0 1698
1737429590216 0.8181818181818182 1699
1737429590536 1.0 1700
1737429590853 0.9285714285714286 1701
1737429591172 1.0 1702
1737429591494 0.88 1703
1737429591816 0.896551724137931 1704
1737429592135 1.0 1705
1737429592453 1.0 1706
1737429592772 0.8709677419354839 1707
1737429593090 0.9333333333333333 1708
1737429593408 0.8888888888888888 1709
1737429593728 0.8604651162790697 1710
1737429594046 0.9259259259259259 1711
1737429594365 0.8823529411764706 1712
1737429594683 0.7666666666666667 1713
1737429595004 0.8333333333333334 1714
1737429595320 0.8928571428571429 1715
1737429595639 0.9736842105263158 1716
1737429595958 0.8235294117647058 1717
1737429596276 0.9642857142857143 1718
1737429596591 0.9230769230769231 1719
1737429596913 0.9333333333333333 1720
1737429597233 0.9696969696969697 1721
1737429597550 0.9310344827586207 1722
1737429597866 0.8518518518518519 1723
1737429598072 0.8333333333333334 1724
1737429614272 0.9428571428571428 1725
1737429614589 0.9259259259259259 1726
1737429614906 0.8918918918918919 1727
1737429615222 0.8378378378378378 1728
1737429615539 0.8235294117647058 1729
1737429615859 0.8620689655172413 1730
1737429616176 1.0 1731
1737429616493 0.9714285714285714 1732
1737429616810 0.918918918918919 1733
1737429617127 0.78125 1734
1737429617443 0.9166666666666666 1735
1737429617762 0.9354838709677419 1736
1737429618080 0.8636363636363636 1737
1737429618398 0.9444444444444444 1738
1737429618714 0.9166666666666666 1739
1737429619033 0.9523809523809523 1740
1737429619350 0.8888888888888888 1741
1737429619666 0.868421052631579 1742
1737429619983 0.8611111111111112 1743
1737429620301 0.9722222222222222 1744
1737429620623 0.8285714285714286 1745
1737429620940 0.875 1746
1737429621257 0.9090909090909091 1747
1737429621572 0.9666666666666667 1748
1737429621889 1.0 1749
1737429622207 0.9642857142857143 1750
1737429622526 0.8787878787878788 1751
1737429622845 0.90625 1752
1737429623161 0.9523809523809523 1753
1737429623481 0.9615384615384616 1754
1737429623797 0.9375 1755
1737429624115 0.8529411764705882 1756
1737429624433 0.75 1757
1737429624751 0.9333333333333333 1758
1737429625069 0.8235294117647058 1759
1737429625385 0.8571428571428571 1760
1737429625703 0.8787878787878788 1761
1737429626022 0.9444444444444444 1762
1737429626340 0.88 1763
1737429626658 0.7941176470588235 1764
1737429626979 0.9333333333333333 1765
1737429627296 0.85 1766
1737429627617 0.9333333333333333 1767
1737429627935 0.868421052631579 1768
1737429628254 0.9333333333333333 1769
1737429628571 0.9615384615384616 1770
1737429628888 0.9259259259259259 1771
1737429629206 0.9142857142857143 1772
1737429629526 0.84375 1773
1737429629844 0.8709677419354839 1774
1737429630162 0.8823529411764706 1775
1737429630479 0.9615384615384616 1776
1737429630797 0.875 1777
1737429631116 0.9655172413793104 1778
1737429631437 0.9142857142857143 1779
1737429631758 0.75 1780
1737429632076 1.0 1781
1737429632394 0.8947368421052632 1782
1737429632712 0.8148148148148148 1783
1737429633029 0.9210526315789473 1784
1737429633348 0.9285714285714286 1785
1737429633665 0.9722222222222222 1786
1737429633985 0.9166666666666666 1787
1737429634302 0.9142857142857143 1788
1737429634621 0.8333333333333334 1789
1737429634938 0.9545454545454546 1790
1737429635256 0.9411764705882353 1791
1737429635574 0.8 1792
1737429635894 0.90625 1793
1737429636212 0.8611111111111112 1794
1737429636528 0.7948717948717948 1795
1737429636845 0.9117647058823529 1796
1737429637165 0.8387096774193549 1797
1737429637482 0.896551724137931 1798
1737429637800 0.9736842105263158 1799
1737429638119 0.9166666666666666 1800
1737429638436 1.0 1801
1737429638756 0.9047619047619048 1802
1737429639074 0.9666666666666667 1803
1737429639392 0.96 1804
1737429639710 0.9333333333333333 1805
1737429640028 0.9130434782608695 1806
1737429640348 0.9310344827586207 1807
1737429640665 0.7428571428571429 1808
1737429640983 0.9459459459459459 1809
1737429641300 0.8928571428571429 1810
1737429641620 0.8636363636363636 1811
1737429641937 0.7837837837837838 1812
1737429642257 0.7575757575757576 1813
1737429642575 0.875 1814
1737429642893 0.9117647058823529 1815
1737429643213 0.8387096774193549 1816
1737429643537 0.8148148148148148 1817
1737429643861 0.8695652173913043 1818
1737429644178 0.9333333333333333 1819
1737429644495 0.8709677419354839 1820
1737429644814 0.9354838709677419 1821
1737429645133 0.9310344827586207 1822
1737429645452 1.0 1823
1737429645768 0.967741935483871 1824
1737429646086 0.96875 1825
1737429646404 1.0 1826
1737429646720 0.9722222222222222 1827
1737429647039 0.896551724137931 1828
1737429647357 0.8529411764705882 1829
1737429647672 0.9354838709677419 1830
1737429647999 0.8571428571428571 1831
1737429648316 0.875 1832
1737429648635 0.8611111111111112 1833
1737429648951 0.8378378378378378 1834
1737429649269 0.813953488372093 1835
1737429649587 0.8461538461538461 1836
1737429649905 0.9090909090909091 1837
1737429650226 0.9354838709677419 1838
1737429650543 0.8666666666666667 1839
1737429650860 0.896551724137931 1840
1737429651176 0.9722222222222222 1841
1737429651496 0.9615384615384616 1842
1737429651821 0.9259259259259259 1843
1737429652141 0.9117647058823529 1844
1737429652459 0.9583333333333334 1845
1737429652776 1.0 1846
1737429653096 0.9310344827586207 1847
1737429653413 0.8095238095238095 1848
1737429653731 1.0 1849
1737429654051 0.9629629629629629 1850
1737429654370 0.8928571428571429 1851
1737429654688 0.9310344827586207 1852
1737429655007 0.9032258064516129 1853
1737429655326 0.8571428571428571 1854
1737429655645 0.9230769230769231 1855
1737429655966 0.9722222222222222 1856
1737429656281 0.8823529411764706 1857
1737429656599 0.9090909090909091 1858
1737429656916 0.9428571428571428 1859
1737429657235 0.8285714285714286 1860
1737429657553 0.9 1861
1737429657872 0.96875 1862
1737429658192 0.9142857142857143 1863
1737429658509 0.896551724137931 1864
1737429658828 0.8571428571428571 1865
1737429659147 0.9375 1866
1737429659466 0.9459459459459459 1867
1737429659783 0.8648648648648649 1868
1737429660100 0.9714285714285714 1869
1737429660416 0.9666666666666667 1870
1737429660735 1.0 1871
1737429661054 0.9642857142857143 1872
1737429661373 0.9210526315789473 1873
1737429661691 0.9 1874
1737429662008 0.88 1875
1737429662327 0.9705882352941176 1876
1737429662645 0.92 1877
1737429662963 0.9142857142857143 1878
1737429663280 0.8787878787878788 1879
1737429663599 0.8918918918918919 1880
1737429663919 0.9714285714285714 1881
1737429664237 0.8076923076923077 1882
1737429664555 0.90625 1883
1737429664873 0.88 1884
1737429665193 0.9333333333333333 1885
1737429665510 0.9615384615384616 1886
1737429665827 0.9230769230769231 1887
1737429666146 0.9615384615384616 1888
1737429666463 0.9333333333333333 1889
1737429666780 0.9032258064516129 1890
1737429667098 0.9705882352941176 1891
1737429667415 0.9259259259259259 1892
1737429667735 0.9285714285714286 1893
1737429668055 0.9629629629629629 1894
1737429668374 0.8620689655172413 1895
1737429668692 0.967741935483871 1896
1737429669011 0.84 1897
1737429669328 1.0 1898
1737429669645 0.76 1899
1737429669965 1.0 1900
1737429670283 0.9722222222222222 1901
1737429670600 0.8518518518518519 1902
1737429670918 0.8928571428571429 1903
1737429671239 0.96875 1904
1737429671558 0.9714285714285714 1905
1737429671876 1.0 1906
1737429672194 0.9032258064516129 1907
1737429672513 0.8695652173913043 1908
1737429672831 0.9473684210526315 1909
1737429673146 0.9666666666666667 1910
1737429673465 0.8857142857142857 1911
1737429673785 0.8421052631578947 1912
1737429674104 0.8648648648648649 1913
1737429674420 0.8518518518518519 1914
1737429674739 0.90625 1915
1737429675058 0.9565217391304348 1916
1737429675377 0.8709677419354839 1917
1737429675694 1.0 1918
1737429676013 0.9285714285714286 1919
1737429676331 0.967741935483871 1920
1737429676651 0.9696969696969697 1921
1737429676969 0.8620689655172413 1922
1737429677287 0.9 1923
1737429677604 1.0 1924
1737429677923 0.9310344827586207 1925
1737429678242 0.9032258064516129 1926
1737429678560 0.8648648648648649 1927
1737429678877 0.9285714285714286 1928
1737429679194 0.9142857142857143 1929
1737429679512 0.8918918918918919 1930
1737429679830 0.8787878787878788 1931
1737429680146 0.8717948717948718 1932
1737429680466 0.96875 1933
1737429680784 0.9393939393939394 1934
1737429681102 0.88 1935
1737429681421 0.8372093023255814 1936
1737429681739 0.896551724137931 1937
1737429682058 0.9565217391304348 1938
1737429682377 0.90625 1939
1737429682697 0.9375 1940
1737429683015 0.9629629629629629 1941
1737429683331 0.9523809523809523 1942
1737429683650 0.95 1943
1737429683968 0.9428571428571428 1944
1737429684285 1.0 1945
1737429684602 0.9142857142857143 1946
1737429684922 0.9142857142857143 1947
1737429685240 0.9736842105263158 1948
1737429685558 0.8846153846153846 1949
1737429685877 0.8709677419354839 1950
1737429686197 0.972972972972973 1951
1737429686514 0.9 1952
1737429686830 0.9354838709677419 1953
1737429687147 0.9393939393939394 1954
1737429687468 0.9583333333333334 1955
1737429687788 0.896551724137931 1956
1737429688106 0.9090909090909091 1957
1737429688425 1.0 1958
1737429688744 0.9142857142857143 1959
1737429689064 1.0 1960
1737429689382 1.0 1961
1737429689704 0.9629629629629629 1962
1737429690024 1.0 1963
1737429690344 0.967741935483871 1964
1737429690663 0.9696969696969697 1965
1737429690981 0.8857142857142857 1966
1737429691299 0.8125 1967
1737429691616 0.9230769230769231 1968
1737429691936 0.9285714285714286 1969
1737429692252 0.92 1970
1737429692569 0.9333333333333333 1971
1737429692887 0.896551724137931 1972
1737429693207 1.0 1973
1737429693526 0.96 1974
1737429693845 1.0 1975
1737429694165 0.96 1976
1737429694481 0.9393939393939394 1977
1737429694802 0.9642857142857143 1978
1737429695118 0.896551724137931 1979
1737429695438 0.9285714285714286 1980
1737429695756 0.92 1981
1737429696073 0.9666666666666667 1982
1737429696393 0.9428571428571428 1983
1737429696712 0.975609756097561 1984
1737429697030 0.90625 1985
1737429697348 0.9473684210526315 1986
1737429697667 0.9444444444444444 1987
1737429697984 0.9655172413793104 1988
1737429698302 0.9714285714285714 1989
1737429698617 1.0 1990
1737429698938 0.96875 1991
1737429699256 1.0 1992
1737429699574 1.0 1993
1737429699894 1.0 1994
1737429700211 0.8387096774193549 1995
1737429700532 0.896551724137931 1996
1737429700850 0.8604651162790697 1997
1737429701168 0.9142857142857143 1998
1737429701486 0.9166666666666666 1999
1737429701805 0.9259259259259259 2000
1737429702123 0.9 2001
1737429702442 1.0 2002
1737429702761 0.9428571428571428 2003
1737429703082 0.9310344827586207 2004
1737429703398 0.9583333333333334 2005
1737429703717 1.0 2006
1737429704035 1.0 2007
1737429704352 0.9666666666666667 2008
1737429704670 0.9333333333333333 2009
1737429704989 0.9459459459459459 2010
1737429705311 1.0 2011
1737429705629 0.8620689655172413 2012
1737429705948 0.92 2013
1737429706267 0.8787878787878788 2014
1737429706586 0.9032258064516129 2015
1737429706906 0.88 2016
1737429707225 0.9629629629629629 2017
1737429707543 0.9666666666666667 2018
1737429707861 0.868421052631579 2019
1737429708180 0.9512195121951219 2020
1737429708498 0.868421052631579 2021
1737429708817 0.896551724137931 2022
1737429709135 1.0 2023
1737429709452 0.8918918918918919 2024
1737429709770 0.9722222222222222 2025
1737429710090 0.9130434782608695 2026
1737429710407 0.9696969696969697 2027
1737429710725 1.0 2028
1737429711043 1.0 2029
1737429711363 0.9411764705882353 2030
1737429711688 1.0 2031
1737429712007 0.967741935483871 2032
1737429712325 0.9230769230769231 2033
1737429712644 0.8108108108108109 2034
