1737429032745 0.24640309810638428 1
1737429033061 0.1986987143754959 2
1737429033376 0.2484050989151001 3
1737429033691 0.19108884036540985 4
1737429034007 0.2961331903934479 5
1737429034336 0.297571063041687 6
1737429034652 0.38746485114097595 7
1737429034966 0.4306405484676361 8
1737429035289 0.42080309987068176 9
1737429035603 0.37062230706214905 10
1737429035920 0.39884305000305176 11
1737429036237 0.4778432846069336 12
1737429036553 0.3225490152835846 13
1737429036869 0.3074040710926056 14
1737429037184 0.3694649040699005 15
1737429037499 0.2222733497619629 16
1737429037816 0.3304179906845093 17
1737429038133 0.32789257168769836 18
1737429038449 0.4231617748737335 19
1737429038772 0.4087596833705902 20
1737429039087 0.42954349517822266 21
1737429039402 0.5187432169914246 22
1737429039722 0.5200945734977722 23
1737429040039 0.6159383058547974 24
1737429040447 0.5292208194732666 25
1737429040814 0.5216494798660278 26
1737429041192 0.49365079402923584 27
1737429041543 0.5353325009346008 28
1737429041891 0.5534942746162415 29
1737429042219 0.5416762232780457 30
1737429042539 0.5631144046783447 31
1737429042856 0.6176808476448059 32
1737429043171 0.50823974609375 33
1737429043487 0.5038658976554871 34
1737429043803 0.6244239807128906 35
1737429044119 0.6936200261116028 36
1737429044433 0.6283471584320068 37
1737429044748 0.6810585856437683 38
1737429045066 0.6796634793281555 39
1737429045381 0.6464646458625793 40
1737429045696 0.6937419772148132 41
1737429046017 0.6443167328834534 42
1737429046338 0.5898726582527161 43
1737429046652 0.6164632439613342 44
1737429046965 0.7860825657844543 45
1737429047280 0.6113400459289551 46
1737429047599 0.6067045331001282 47
1737429047918 0.7459902763366699 48
1737429048233 0.6451888680458069 49
1737429048549 0.6661750674247742 50
1737429048864 0.6857350468635559 51
1737429049183 0.7289153933525085 52
1737429049498 0.6476591229438782 53
1737429049815 0.701657235622406 54
1737429050131 0.6336380839347839 55
1737429050447 0.6319770812988281 56
1737429050761 0.6526526808738708 57
1737429051078 0.7865862846374512 58
1737429051393 0.6631155014038086 59
1737429051714 0.6997753977775574 60
1737429052030 0.7681495547294617 61
1737429052347 0.6780500411987305 62
1737429052664 0.7467281222343445 63
1737429052980 0.7862433791160583 64
1737429053297 0.6185236573219299 65
1737429053615 0.6513826251029968 66
1737429053930 0.7202220559120178 67
1737429054244 0.6928480267524719 68
1737429054562 0.7938647270202637 69
1737429054876 0.7599027156829834 70
1737429055191 0.720748245716095 71
1737429055505 0.6525581479072571 72
1737429055822 0.7377424836158752 73
1737429056138 0.7516714930534363 74
1737429056456 0.7319625020027161 75
1737429056772 0.8050996661186218 76
1737429057091 0.7695906162261963 77
1737429057407 0.7208573222160339 78
1737429057725 0.7869930267333984 79
1737429058060 0.721419632434845 80
1737429058386 0.7358197569847107 81
1737429058701 0.7028524279594421 82
1737429059020 0.7041082978248596 83
1737429059338 0.6131649613380432 84
1737429059654 0.7528323531150818 85
1737429059970 0.763425350189209 86
1737429060287 0.8362151980400085 87
1737429060605 0.7514017224311829 88
1737429060923 0.7502090334892273 89
1737429061241 0.7920024394989014 90
1737429061558 0.7335036396980286 91
1737429061875 0.7800108790397644 92
1737429062192 0.6567251682281494 93
1737429062510 0.6761044859886169 94
1737429062829 0.7393590807914734 95
1737429063147 0.7695396542549133 96
1737429063463 0.7670546174049377 97
1737429063779 0.7904145121574402 98
1737429064096 0.7288743853569031 99
1737429064414 0.7681312561035156 100
1737429064730 0.8147156834602356 101
1737429065048 0.8017475605010986 102
1737429065363 0.8423845171928406 103
1737429065682 0.6685572266578674 104
1737429065997 0.7633987069129944 105
1737429066315 0.8271079063415527 106
1737429066631 0.8109445571899414 107
1737429066947 0.760204553604126 108
1737429067265 0.7581530213356018 109
1737429067585 0.6627886295318604 110
1737429067903 0.7743943333625793 111
1737429068220 0.6919594407081604 112
1737429068537 0.7825734615325928 113
1737429068853 0.836488664150238 114
1737429069170 0.8059526085853577 115
1737429069486 0.7917637825012207 116
1737429069802 0.8435029983520508 117
1737429070120 0.7303312420845032 118
1737429070438 0.7378215789794922 119
1737429070755 0.7888839244842529 120
1737429071074 0.712489664554596 121
1737429071391 0.8027441501617432 122
1737429071709 0.7191413044929504 123
1737429072026 0.6767916083335876 124
1737429072344 0.7755370736122131 125
1737429072659 0.7917075157165527 126
1737429072975 0.750598669052124 127
1737429073292 0.7869488596916199 128
1737429073610 0.7565677762031555 129
1737429073927 0.7825190424919128 130
1737429074245 0.8077556490898132 131
1737429074559 0.8115193247795105 132
1737429074877 0.7687113881111145 133
1737429075196 0.7131011486053467 134
1737429075515 0.7908823490142822 135
1737429075831 0.7449758052825928 136
1737429076148 0.8321087956428528 137
1737429076463 0.8022971153259277 138
1737429076782 0.7978804111480713 139
1737429077099 0.8068978190422058 140
1737429077414 0.7380750179290771 141
1737429077732 0.7889389395713806 142
1737429078049 0.7353353500366211 143
1737429078365 0.7940438389778137 144
1737429078681 0.7560755610466003 145
1737429078998 0.8127827644348145 146
1737429079315 0.7600753307342529 147
1737429079634 0.7613087296485901 148
1737429079952 0.7491620182991028 149
1737429080268 0.7569215297698975 150
1737429080586 0.8044335246086121 151
1737429080905 0.7522547841072083 152
1737429081222 0.7525961399078369 153
1737429081540 0.8018826842308044 154
1737429081856 0.8462862968444824 155
1737429082173 0.7700438499450684 156
1737429082492 0.7879783511161804 157
1737429082809 0.7424924969673157 158
1737429083125 0.7851386666297913 159
1737429083445 0.7303467392921448 160
1737429083763 0.7524154782295227 161
1737429084080 0.8129629492759705 162
1737429084396 0.8161265850067139 163
1737429084714 0.8473700881004333 164
1737429085031 0.6854565143585205 165
1737429085349 0.80401611328125 166
1737429085664 0.8112096190452576 167
1737429085979 0.7434808611869812 168
1737429086296 0.7641802430152893 169
1737429086615 0.8013966083526611 170
1737429086931 0.776453971862793 171
1737429087247 0.856031596660614 172
1737429087565 0.7448980212211609 173
1737429087882 0.7842650413513184 174
1737429088198 0.6919445991516113 175
1737429088516 0.7368735671043396 176
1737429088833 0.8055041432380676 177
1737429089154 0.7268344759941101 178
1737429089473 0.7784838080406189 179
1737429089790 0.8286535143852234 180
1737429090107 0.8294853568077087 181
1737429090424 0.7917718887329102 182
1737429090741 0.7416220307350159 183
1737429091058 0.7658820748329163 184
1737429091374 0.8363401293754578 185
1737429091691 0.8258928656578064 186
1737429092009 0.7546200156211853 187
1737429092327 0.7130923867225647 188
1737429092645 0.776936948299408 189
1737429092962 0.8022687435150146 190
1737429093280 0.8039095997810364 191
1737429093598 0.815216600894928 192
1737429093915 0.7050264477729797 193
1737429094233 0.790442705154419 194
1737429094549 0.792271614074707 195
1737429094867 0.7716580033302307 196
1737429095183 0.73911452293396 197
1737429095501 0.7393004894256592 198
1737429095819 0.7439088225364685 199
1737429096140 0.7945766448974609 200
1737429096459 0.7253466248512268 201
1737429096774 0.6452388763427734 202
1737429097091 0.7238273620605469 203
1737429097408 0.7374563813209534 204
1737429097727 0.7775018811225891 205
1737429098043 0.7751322388648987 206
1737429098358 0.762225866317749 207
1737429098677 0.7983842492103577 208
1737429098994 0.8145508766174316 209
1737429099312 0.8547789454460144 210
1737429099627 0.7419676780700684 211
1737429099943 0.7128583788871765 212
1737429100264 0.7831478118896484 213
1737429100583 0.8393955230712891 214
1737429100900 0.8178321719169617 215
1737429101217 0.8366191387176514 216
1737429101534 0.7557619214057922 217
1737429101850 0.8304850459098816 218
1737429102167 0.7911990284919739 219
1737429102484 0.7791591286659241 220
1737429102802 0.8613364696502686 221
1737429103119 0.7683150172233582 222
1737429103438 0.8102747797966003 223
1737429103755 0.8231019377708435 224
1737429104072 0.8371105790138245 225
1737429104389 0.8355016112327576 226
1737429104706 0.8421499729156494 227
1737429105024 0.816485583782196 228
1737429105341 0.7610433101654053 229
1737429105659 0.7572820782661438 230
1737429105976 0.7465608716011047 231
1737429106294 0.7835987210273743 232
1737429106610 0.7862266898155212 233
1737429106925 0.8148061633110046 234
1737429107245 0.7468044757843018 235
1737429107565 0.8564176559448242 236
1737429107883 0.8527000546455383 237
1737429108200 0.8236859440803528 238
1737429108518 0.7577264308929443 239
1737429108835 0.7688974738121033 240
1737429109152 0.7769247889518738 241
1737429109468 0.8556278347969055 242
1737429109789 0.8410961627960205 243
1737429110106 0.7775046229362488 244
1737429110423 0.8196935057640076 245
1737429110739 0.7684739232063293 246
1737429111058 0.7722294926643372 247
1737429111379 0.8079279065132141 248
1737429111701 0.7822980284690857 249
1737429112021 0.742950439453125 250
1737429112338 0.7949776649475098 251
1737429112655 0.7607041001319885 252
1737429112971 0.7459195256233215 253
1737429113291 0.75644850730896 254
1737429113607 0.81193608045578 255
1737429113927 0.7582666277885437 256
1737429114245 0.7747023701667786 257
1737429114563 0.7790736556053162 258
1737429114881 0.8040100932121277 259
1737429115199 0.7771328091621399 260
1737429115518 0.8597455024719238 261
1737429115837 0.7673611044883728 262
1737429116154 0.8227985501289368 263
1737429116473 0.8375453352928162 264
1737429116790 0.8844245076179504 265
1737429117107 0.8257935643196106 266
1737429117425 0.7766439914703369 267
1737429117742 0.7905395030975342 268
1737429118060 0.8037471175193787 269
1737429118377 0.8552389144897461 270
1737429118695 0.8160812258720398 271
1737429119012 0.8025640845298767 272
1737429119331 0.7276318669319153 273
1737429119649 0.76199871301651 274
1737429119967 0.8056218028068542 275
1737429120287 0.7458569407463074 276
1737429120604 0.8055033683776855 277
1737429120922 0.8300908207893372 278
1737429121241 0.8297237753868103 279
1737429121558 0.7439782619476318 280
1737429121875 0.8251449465751648 281
1737429122192 0.81785649061203 282
1737429122509 0.8764238953590393 283
1737429122827 0.7834376692771912 284
1737429123144 0.7515504360198975 285
1737429123461 0.8425926566123962 286
1737429123779 0.9035175442695618 287
1737429124097 0.7836478352546692 288
1737429124416 0.8082215189933777 289
1737429124732 0.8075728416442871 290
1737429125049 0.8032897114753723 291
1737429125366 0.7457180619239807 292
1737429125684 0.8700337409973145 293
1737429126002 0.8441176414489746 294
1737429126319 0.8067873120307922 295
1737429126635 0.8497158885002136 296
1737429126954 0.8110895752906799 297
1737429127273 0.7812865376472473 298
1737429127592 0.7979798316955566 299
1737429127907 0.7681999206542969 300
1737429128226 0.7552749514579773 301
1737429128544 0.7717578411102295 302
1737429128863 0.8372759819030762 303
1737429129190 0.8915328979492188 304
1737429129523 0.7686784267425537 305
1737429129845 0.7652464509010315 306
1737429130166 0.804966151714325 307
1737429130486 0.8647181391716003 308
1737429130802 0.7735753059387207 309
1737429131120 0.718019425868988 310
1737429131438 0.8483870625495911 311
1737429131754 0.7957671284675598 312
1737429132073 0.865851879119873 313
1737429132393 0.8458671569824219 314
1737429132712 0.8391497731208801 315
1737429133026 0.8063063025474548 316
1737429133343 0.8621573448181152 317
1737429133663 0.7814640998840332 318
1737429133981 0.8206011652946472 319
1737429134298 0.8016455173492432 320
1737429134615 0.7754254937171936 321
1737429134934 0.8399171829223633 322
1737429135253 0.8156308531761169 323
1737429135572 0.8263161778450012 324
1737429135890 0.8223684430122375 325
1737429136206 0.8897080421447754 326
1737429136525 0.7457823157310486 327
1737429136843 0.8265020251274109 328
1737429137163 0.8045584559440613 329
1737429137480 0.7699020504951477 330
1737429137795 0.7566666603088379 331
1737429138112 0.8474346995353699 332
1737429138433 0.7802574038505554 333
1737429138751 0.7301647067070007 334
1737429139067 0.8005970120429993 335
1737429139384 0.7519754767417908 336
1737429139703 0.804389476776123 337
1737429140024 0.778128445148468 338
1737429140344 0.8124361038208008 339
1737429140664 0.7726791501045227 340
1737429140983 0.8227513432502747 341
1737429141300 0.8371307849884033 342
1737429141622 0.8261067271232605 343
1737429141940 0.8196840286254883 344
1737429142257 0.8046887516975403 345
1737429142580 0.8463776707649231 346
1737429142897 0.8181119561195374 347
1737429143213 0.8272938132286072 348
1737429143531 0.7950847744941711 349
1737429143850 0.8480093479156494 350
1737429144174 0.8129629492759705 351
1737429144494 0.7365018725395203 352
1737429144812 0.861467182636261 353
1737429145130 0.8037826418876648 354
1737429145446 0.6410638689994812 355
1737429145761 0.7506785988807678 356
1737429146078 0.764502227306366 357
1737429146395 0.8707699775695801 358
1737429146712 0.8673194050788879 359
1737429147030 0.8482968807220459 360
1737429147346 0.8680319786071777 361
1737429147666 0.8423168063163757 362
1737429147984 0.8496913909912109 363
1737429148300 0.7704849243164062 364
1737429148617 0.7937590479850769 365
1737429148935 0.7814643383026123 366
1737429149253 0.8156017661094666 367
1737429149571 0.8108437657356262 368
1737429149888 0.7995209097862244 369
1737429150204 0.7186691164970398 370
1737429150523 0.791984498500824 371
1737429150841 0.8112598061561584 372
1737429151158 0.7234633564949036 373
1737429151477 0.7543368935585022 374
1737429151794 0.8432658314704895 375
1737429152114 0.8469149470329285 376
1737429152432 0.7655603885650635 377
1737429152750 0.747671365737915 378
1737429153071 0.804874837398529 379
1737429153391 0.7063305974006653 380
1737429153708 0.8203787803649902 381
1737429154024 0.8672364354133606 382
1737429154342 0.838733434677124 383
1737429154658 0.8474431037902832 384
1737429154978 0.8566415905952454 385
1737429155293 0.800601065158844 386
1737429155614 0.8201828598976135 387
1737429155933 0.7053110003471375 388
1737429156252 0.7759039998054504 389
1737429156568 0.814361035823822 390
1737429156887 0.7863457798957825 391
1737429157203 0.8123704791069031 392
1737429157521 0.84375 393
1737429157839 0.734312117099762 394
1737429158156 0.8009770512580872 395
1737429158473 0.7903802990913391 396
1737429158790 0.8468772768974304 397
1737429159110 0.7790773510932922 398
1737429159426 0.827404260635376 399
1737429159744 0.8048394322395325 400
1737429160061 0.7006607055664062 401
1737429160379 0.8668597340583801 402
1737429160697 0.8452446460723877 403
1737429161016 0.7472662925720215 404
1737429161333 0.7455808520317078 405
1737429161654 0.843744695186615 406
1737429161971 0.7834537625312805 407
1737429162288 0.8130249977111816 408
1737429162605 0.8700982928276062 409
1737429162923 0.7931539416313171 410
1737429163242 0.8242123126983643 411
1737429163559 0.7710204124450684 412
1737429163876 0.8072719573974609 413
1737429164193 0.8087198138237 414
1737429164511 0.8367917537689209 415
1737429164829 0.8461859822273254 416
1737429165149 0.8357067108154297 417
1737429165468 0.8408539295196533 418
1737429165786 0.7921881079673767 419
1737429166104 0.8413661122322083 420
1737429166422 0.852108895778656 421
1737429166740 0.7829552292823792 422
1737429167057 0.8592759966850281 423
1737429167375 0.6964886784553528 424
1737429167693 0.7608100771903992 425
1737429168011 0.7837986350059509 426
1737429168329 0.8376069068908691 427
1737429168649 0.8753988146781921 428
1737429168968 0.8670496940612793 429
1737429169288 0.9106621742248535 430
1737429169607 0.7817643284797668 431
1737429169926 0.8398568630218506 432
1737429170244 0.835866391658783 433
1737429170562 0.7811563611030579 434
1737429170880 0.9436524510383606 435
1737429171196 0.7659459710121155 436
1737429171517 0.82564777135849 437
1737429171838 0.7672448754310608 438
1737429172157 0.8134796023368835 439
1737429172475 0.8621810078620911 440
1737429172793 0.8358440399169922 441
1737429173112 0.6517645716667175 442
1737429173428 0.7706809639930725 443
1737429173747 0.8056955933570862 444
1737429174065 0.8291615843772888 445
1737429174385 0.7518451809883118 446
1737429174705 0.8064163327217102 447
1737429175021 0.8249241709709167 448
1737429175338 0.8279159665107727 449
1737429175657 0.8126158714294434 450
1737429175973 0.8000821471214294 451
1737429176290 0.7716907858848572 452
1737429176608 0.7181817889213562 453
1737429176926 0.8467340469360352 454
1737429177245 0.7933319211006165 455
1737429177562 0.836946964263916 456
1737429177878 0.7968341708183289 457
1737429178196 0.8678140640258789 458
1737429178514 0.8454665541648865 459
1737429178832 0.8504545092582703 460
1737429179149 0.8303624987602234 461
1737429179466 0.683089554309845 462
1737429179783 0.8159680962562561 463
1737429180102 0.8172435164451599 464
1737429180420 0.8284144401550293 465
1737429180737 0.7792220711708069 466
1737429181056 0.8729864954948425 467
1737429181374 0.7376605868339539 468
1737429181690 0.8086526989936829 469
1737429182008 0.7640438675880432 470
1737429182326 0.8084712028503418 471
1737429182647 0.8016698956489563 472
1737429182965 0.8774929046630859 473
1737429183282 0.7658280730247498 474
1737429183600 0.8549590706825256 475
1737429183919 0.8462169170379639 476
1737429184237 0.7877075672149658 477
1737429184553 0.7623631954193115 478
1737429184871 0.8021461963653564 479
1737429185187 0.8783279061317444 480
1737429185504 0.8224957585334778 481
1737429185822 0.7990195751190186 482
1737429186141 0.7822360992431641 483
1737429186461 0.694955050945282 484
1737429186777 0.7920814156532288 485
1737429187095 0.7666781544685364 486
1737429187414 0.8173076510429382 487
1737429187733 0.8103703856468201 488
1737429188051 0.8252933621406555 489
1737429188369 0.7403730750083923 490
1737429188686 0.7282794117927551 491
1737429189004 0.7791619300842285 492
1737429189321 0.7940711379051208 493
1737429189638 0.7436507344245911 494
1737429189954 0.7199082970619202 495
1737429190270 0.8027933239936829 496
1737429190586 0.8299040794372559 497
1737429190902 0.8392918705940247 498
1737429191222 0.7605533599853516 499
1737429191540 0.8558070063591003 500
1737429191856 0.7248744368553162 501
1737429192174 0.8688622117042542 502
1737429192491 0.7830171585083008 503
1737429192810 0.8204753398895264 504
1737429193127 0.7594191431999207 505
1737429193445 0.7651333212852478 506
1737429193763 0.7712993621826172 507
1737429194078 0.7654671669006348 508
1737429194396 0.7717563509941101 509
1737429194714 0.8127606511116028 510
1737429195031 0.7721479535102844 511
1737429195349 0.7881547808647156 512
1737429195665 0.7809165120124817 513
1737429195981 0.8276545405387878 514
1737429196298 0.8872082233428955 515
1737429196618 0.7839743494987488 516
1737429196934 0.8246647715568542 517
1737429197249 0.8708949089050293 518
1737429197568 0.8278123736381531 519
1737429197884 0.7928007245063782 520
1737429198201 0.880098283290863 521
1737429198519 0.9015682339668274 522
1737429198837 0.7339950203895569 523
1737429199155 0.7716644406318665 524
1737429199474 0.8361110687255859 525
1737429199793 0.8151290416717529 526
1737429200111 0.902198314666748 527
1737429200428 0.7386072278022766 528
1737429200748 0.8601102828979492 529
1737429201064 0.7944048047065735 530
1737429201383 0.845512866973877 531
1737429201703 0.8545963764190674 532
1737429202023 0.8556457161903381 533
1737429202340 0.7718340754508972 534
1737429202660 0.8520525097846985 535
1737429202978 0.8996493220329285 536
1737429203295 0.8437964916229248 537
1737429203613 0.7454906105995178 538
1737429203929 0.878680408000946 539
1737429204247 0.8305563926696777 540
1737429204564 0.8551797866821289 541
1737429204882 0.8439604640007019 542
1737429205199 0.8734126687049866 543
1737429205517 0.8363537788391113 544
1737429205834 0.8576388359069824 545
1737429206153 0.7645492553710938 546
1737429206471 0.8576328158378601 547
1737429206786 0.8555123209953308 548
1737429207106 0.8669037222862244 549
1737429207423 0.870567798614502 550
1737429207741 0.8579131960868835 551
1737429208057 0.848783016204834 552
1737429208372 0.7904157638549805 553
1737429208688 0.77909255027771 554
1737429209009 0.8335096836090088 555
1737429209328 0.8525390028953552 556
1737429209644 0.8355863690376282 557
1737429209961 0.7944517135620117 558
1737429210280 0.8056531548500061 559
1737429210596 0.7939236760139465 560
1737429210914 0.7892919182777405 561
1737429211232 0.7585886120796204 562
1737429211549 0.7730507850646973 563
1737429211866 0.8511130809783936 564
1737429212184 0.8484861850738525 565
1737429212500 0.8155335783958435 566
1737429212818 0.7868247628211975 567
1737429213137 0.8488661646842957 568
1737429213453 0.8452447056770325 569
1737429213772 0.7456271648406982 570
1737429214090 0.8466293215751648 571
1737429214408 0.8780935406684875 572
1737429214726 0.8025862574577332 573
1737429215045 0.7227916717529297 574
1737429215362 0.8497023582458496 575
1737429215681 0.8813092112541199 576
1737429216001 0.8582046031951904 577
1737429216319 0.7760654091835022 578
1737429216635 0.7925925850868225 579
1737429216951 0.826265275478363 580
1737429217270 0.8792035579681396 581
1737429217588 0.8904861807823181 582
1737429217906 0.84771329164505 583
1737429218223 0.7901785969734192 584
1737429218540 0.7729166150093079 585
1737429218861 0.8311867713928223 586
1737429219180 0.8237313628196716 587
1737429219498 0.813357412815094 588
1737429219815 0.8545219302177429 589
1737429220133 0.8044593334197998 590
1737429220451 0.7660273909568787 591
1737429220768 0.8452602028846741 592
1737429221086 0.7959933280944824 593
1737429221403 0.8226198554039001 594
1737429221721 0.853200376033783 595
1737429222037 0.8352006077766418 596
1737429222354 0.7827665209770203 597
1737429222676 0.846088171005249 598
1737429222995 0.8049626350402832 599
1737429223311 0.79107266664505 600
1737429223629 0.7949100136756897 601
1737429223947 0.7907664775848389 602
1737429224266 0.8344907164573669 603
1737429224584 0.798945963382721 604
1737429224906 0.8037799000740051 605
1737429225221 0.8564607501029968 606
1737429225540 0.8174181580543518 607
1737429225859 0.8335346579551697 608
1737429226177 0.8036823272705078 609
1737429226496 0.7983184456825256 610
1737429226814 0.8322626948356628 611
1737429227130 0.7616987824440002 612
1737429227448 0.8236276507377625 613
1737429227767 0.8859524130821228 614
1737429228083 0.8705127835273743 615
1737429228403 0.7904399037361145 616
1737429228720 0.7494145035743713 617
1737429229037 0.7663084864616394 618
1737429229357 0.8577942848205566 619
1737429229677 0.800146758556366 620
1737429229995 0.8591092228889465 621
1737429230311 0.707115650177002 622
1737429230627 0.7856596112251282 623
1737429230946 0.8211666941642761 624
1737429231264 0.8901841640472412 625
1737429231588 0.8784947395324707 626
1737429231907 0.8460211753845215 627
1737429232223 0.8583798408508301 628
1737429232541 0.7098636031150818 629
1737429232859 0.7890949845314026 630
1737429233177 0.7916666865348816 631
1737429233495 0.8666963577270508 632
1737429233810 0.8922931551933289 633
1737429234127 0.814361035823822 634
1737429234447 0.8831552863121033 635
1737429234762 0.8036651015281677 636
1737429235080 0.9131290316581726 637
1737429235398 0.8796491026878357 638
1737429235714 0.7821609973907471 639
1737429236033 0.9015246033668518 640
1737429236353 0.8096687197685242 641
1737429236673 0.8478671908378601 642
1737429236992 0.8311867713928223 643
1737429237309 0.7584972977638245 644
1737429237628 0.8410460948944092 645
1737429237946 0.826265275478363 646
1737429238266 0.7661800384521484 647
1737429238583 0.8145833015441895 648
1737429238901 0.8487641215324402 649
1737429239220 0.8012077212333679 650
1737429239535 0.8602564334869385 651
1737429239852 0.8937198519706726 652
1737429240170 0.8498139381408691 653
1737429240489 0.8617422580718994 654
1737429240807 0.8451566696166992 655
1737429241126 0.8151874542236328 656
1737429241443 0.7858187556266785 657
1737429241762 0.6941559910774231 658
1737429242079 0.8335970044136047 659
1737429242397 0.7460174560546875 660
1737429242714 0.7944445013999939 661
1737429243032 0.7711146473884583 662
1737429243349 0.7936305403709412 663
1737429243667 0.8531594276428223 664
1737429243987 0.8516373038291931 665
1737429244304 0.8344027996063232 666
1737429244621 0.8640211224555969 667
1737429244938 0.8364469408988953 668
1737429245254 0.8659867644309998 669
1737429245573 0.7542958855628967 670
1737429245891 0.7669197916984558 671
1737429246208 0.731927216053009 672
1737429246527 0.824859619140625 673
1737429246846 0.8699495196342468 674
1737429247163 0.7151851654052734 675
1737429247478 0.8509971499443054 676
1737429247796 0.815445601940155 677
1737429248117 0.8312907814979553 678
1737429248437 0.728053867816925 679
1737429248754 0.8176562190055847 680
1737429249071 0.8007960319519043 681
1737429249390 0.8144950866699219 682
1737429249707 0.8421432375907898 683
1737429250023 0.8965774178504944 684
1737429250341 0.7794745564460754 685
1737429250660 0.7945178151130676 686
1737429250978 0.7741897702217102 687
1737429251299 0.8235918879508972 688
1737429251616 0.8191748261451721 689
1737429251935 0.781916618347168 690
1737429252250 0.8601559996604919 691
1737429252568 0.8004072308540344 692
1737429252887 0.8484254479408264 693
1737429253202 0.8464265465736389 694
1737429253518 0.7756149172782898 695
1737429253839 0.8484072089195251 696
1737429254158 0.8035786151885986 697
1737429254476 0.7452651858329773 698
1737429254792 0.7563851475715637 699
1737429255111 0.8164048194885254 700
1737429255430 0.8259019255638123 701
1737429255747 0.7801682353019714 702
1737429256067 0.8582270741462708 703
1737429256387 0.8684547543525696 704
1737429256703 0.8223744034767151 705
1737429257024 0.868377685546875 706
1737429257339 0.8177917003631592 707
1737429257656 0.8746323585510254 708
1737429257974 0.7485119700431824 709
1737429258292 0.8968725800514221 710
1737429258608 0.844463586807251 711
1737429258926 0.8055627942085266 712
1737429259245 0.8067342638969421 713
1737429259565 0.8126125931739807 714
1737429259882 0.815385639667511 715
1737429260202 0.8508641719818115 716
1737429260520 0.7791666984558105 717
1737429260838 0.8559779524803162 718
1737429261157 0.8258928656578064 719
1737429261475 0.8415245413780212 720
1737429261793 0.8365625739097595 721
1737429262110 0.8424862027168274 722
1737429262428 0.7935587763786316 723
1737429262745 0.8268188834190369 724
1737429263075 0.7480301856994629 725
1737429263399 0.9014977812767029 726
1737429263717 0.7952380776405334 727
1737429264034 0.9138379693031311 728
1737429264353 0.8682725429534912 729
1737429264671 0.8581235408782959 730
1737429264990 0.8653683066368103 731
1737429265309 0.8457912802696228 732
1737429265625 0.8422684669494629 733
1737429265941 0.7888407707214355 734
1737429266259 0.8151866793632507 735
1737429266577 0.8138423562049866 736
1737429266895 0.8338603377342224 737
1737429267214 0.83612060546875 738
1737429267532 0.8349754214286804 739
1737429267849 0.8648595809936523 740
1737429268166 0.8022792935371399 741
1737429268483 0.8376122117042542 742
1737429268801 0.8583333492279053 743
1737429269120 0.8024630546569824 744
1737429269437 0.792274534702301 745
1737429269758 0.822178304195404 746
1737429270076 0.8414772152900696 747
1737429270395 0.8099567294120789 748
1737429270713 0.8253294825553894 749
1737429271030 0.7969834208488464 750
1737429271349 0.811459481716156 751
1737429271666 0.7478860020637512 752
1737429271984 0.8545160889625549 753
1737429272303 0.869345486164093 754
1737429272621 0.8226850628852844 755
1737429272938 0.8074843287467957 756
1737429273258 0.7920634746551514 757
1737429273575 0.8816983699798584 758
1737429273894 0.8488943576812744 759
1737429274213 0.8599511981010437 760
1737429274531 0.8105418086051941 761
1737429274849 0.8871344923973083 762
1737429275168 0.8695576786994934 763
1737429275485 0.8129084706306458 764
1737429275808 0.8485384583473206 765
1737429276125 0.8123919367790222 766
1737429276445 0.8250863552093506 767
1737429276763 0.7692524790763855 768
1737429277083 0.923595666885376 769
1737429277401 0.8094972968101501 770
1737429277720 0.8257936835289001 771
1737429278039 0.852716863155365 772
1737429278357 0.88613361120224 773
1737429278675 0.8065003752708435 774
1737429278993 0.8455464243888855 775
1737429279312 0.8256943821907043 776
1737429279630 0.8342457413673401 777
1737429279949 0.7722957730293274 778
1737429280265 0.8552308082580566 779
1737429280584 0.731177031993866 780
1737429280901 0.8525546193122864 781
1737429281219 0.7588579058647156 782
1737429281538 0.8506810069084167 783
1737429281857 0.8428403735160828 784
1737429282174 0.8875023722648621 785
1737429282491 0.8490154147148132 786
1737429282810 0.7623936533927917 787
1737429283130 0.9783183932304382 788
1737429283447 0.7932243347167969 789
1737429283765 0.8583055138587952 790
1737429284084 0.8255822062492371 791
1737429284400 0.8486032485961914 792
1737429284717 0.8474025726318359 793
1737429285033 0.8105472922325134 794
1737429285351 0.8801469206809998 795
1737429285669 0.8389351963996887 796
1737429285988 0.8252314925193787 797
1737429286304 0.8434814810752869 798
1737429286622 0.8261727690696716 799
1737429286939 0.8044314384460449 800
1737429287265 0.8068456053733826 801
1737429287583 0.8916000723838806 802
1737429287902 0.9034609794616699 803
1737429288219 0.8073153495788574 804
1737429288538 0.8744049072265625 805
1737429288856 0.8616071343421936 806
1737429289172 0.8069935441017151 807
1737429289491 0.8379054665565491 808
1737429289810 0.879246711730957 809
1737429290128 0.8518518805503845 810
1737429290446 0.7820539474487305 811
1737429290762 0.8439540863037109 812
1737429291081 0.7969993948936462 813
1737429291400 0.7257335186004639 814
1737429291729 0.8148932456970215 815
1737429292048 0.8227160573005676 816
1737429292373 0.7836384773254395 817
1737429292691 0.8482718467712402 818
1737429293011 0.8814937472343445 819
1737429293328 0.8228532671928406 820
1737429293646 0.8792188763618469 821
1737429293968 0.8230705857276917 822
1737429294287 0.7863653302192688 823
1737429294606 0.7904061675071716 824
1737429294923 0.9012722373008728 825
1737429295242 0.8432314991950989 826
1737429295561 0.8139601349830627 827
1737429295877 0.8834724426269531 828
1737429296194 0.8693563938140869 829
1737429296512 0.779469907283783 830
1737429296831 0.8518106937408447 831
1737429297150 0.7582607269287109 832
1737429297470 0.8334138989448547 833
1737429297787 0.7008206248283386 834
1737429298105 0.8788140416145325 835
1737429298423 0.8934350609779358 836
1737429298743 0.870539665222168 837
1737429299060 0.9333310127258301 838
1737429299377 0.7781625390052795 839
1737429299694 0.8289822936058044 840
1737429300017 0.7667428851127625 841
1737429300335 0.8368308544158936 842
1737429300652 0.8523698449134827 843
1737429300971 0.8583095669746399 844
1737429301290 0.8484323620796204 845
1737429301610 0.8158485889434814 846
1737429301928 0.7491273880004883 847
1737429302246 0.8561585545539856 848
1737429302563 0.8468494415283203 849
1737429302881 0.7987368106842041 850
1737429303201 0.7376410961151123 851
1737429303517 0.7993369698524475 852
1737429303834 0.8241462111473083 853
1737429304152 0.7997481226921082 854
1737429304466 0.8177318572998047 855
1737429304783 0.8493409156799316 856
1737429305102 0.7837377190589905 857
1737429305422 0.8166573643684387 858
1737429305742 0.8676607012748718 859
1737429306059 0.836345911026001 860
1737429306378 0.8174737095832825 861
1737429306592 0.7738738656044006 862
1737429324088 0.8778324723243713 863
1737429324408 0.8469522595405579 864
1737429324724 0.7993213534355164 865
1737429325042 0.7974012494087219 866
1737429325359 0.8220667839050293 867
1737429325675 0.84625244140625 868
1737429325994 0.8370874524116516 869
1737429326308 0.9074074625968933 870
1737429326626 0.8081569075584412 871
1737429326943 0.8268117904663086 872
1737429327263 0.8608712553977966 873
1737429327580 0.8660879135131836 874
1737429327898 0.763271152973175 875
1737429328214 0.8782231211662292 876
1737429328532 0.8397436141967773 877
1737429328847 0.8198445439338684 878
1737429329161 0.9043317437171936 879
1737429329479 0.8367568850517273 880
1737429329797 0.8894025683403015 881
1737429330112 0.8559016585350037 882
1737429330430 0.8265021443367004 883
1737429330748 0.8589209914207458 884
1737429331066 0.8051550388336182 885
1737429331384 0.8466069102287292 886
1737429331702 0.817659318447113 887
1737429332021 0.804874837398529 888
1737429332340 0.7673669457435608 889
1737429332657 0.7722476124763489 890
1737429332975 0.8814122080802917 891
1737429333292 0.935873806476593 892
1737429333609 0.7750487327575684 893
1737429333928 0.8453076481819153 894
1737429334245 0.7814710140228271 895
1737429334564 0.8252658843994141 896
1737429334883 0.8032897114753723 897
1737429335200 0.856031596660614 898
1737429335520 0.7470858097076416 899
1737429335836 0.8240576386451721 900
1737429336152 0.8657339215278625 901
1737429336469 0.7298610806465149 902
1737429336789 0.841218888759613 903
1737429337108 0.8153110146522522 904
1737429337423 0.7829692363739014 905
1737429337741 0.7706555724143982 906
1737429338062 0.7905831933021545 907
1737429338379 0.7919902801513672 908
1737429338696 0.7351927757263184 909
1737429339012 0.8976159691810608 910
1737429339330 0.8164910674095154 911
1737429339648 0.7997989058494568 912
1737429339965 0.8402190804481506 913
1737429340282 0.8381721377372742 914
1737429340600 0.826617419719696 915
1737429340918 0.9134183526039124 916
1737429341236 0.857418954372406 917
1737429341554 0.8242297172546387 918
1737429341871 0.8393673896789551 919
1737429342192 0.8797221183776855 920
1737429342514 0.8464436531066895 921
1737429342832 0.8162167072296143 922
1737429343151 0.8289563059806824 923
1737429343467 0.8634309768676758 924
1737429343785 0.8579124808311462 925
1737429344104 0.877321720123291 926
1737429344422 0.7605637907981873 927
1737429344737 0.8278460502624512 928
1737429345056 0.8446540832519531 929
1737429345378 0.8383333086967468 930
1737429345697 0.8858680725097656 931
1737429346013 0.8571491241455078 932
1737429346329 0.8465226292610168 933
1737429346649 0.8145833015441895 934
1737429346966 0.8809821009635925 935
1737429347283 0.8465691208839417 936
1737429347602 0.8407256007194519 937
1737429347919 0.9134963154792786 938
1737429348239 0.8801719546318054 939
1737429348557 0.8256892561912537 940
1737429348873 0.8575630187988281 941
1737429349193 0.8238118290901184 942
1737429349512 0.7821661829948425 943
1737429349830 0.8680310249328613 944
1737429350146 0.8470999598503113 945
1737429350464 0.7687352299690247 946
1737429350781 0.9100529551506042 947
1737429351106 0.8467690348625183 948
1737429351439 0.8499848246574402 949
1737429351761 0.8383550047874451 950
1737429352079 0.7711640000343323 951
1737429352398 0.8725274205207825 952
1737429352717 0.8174048066139221 953
1737429353035 0.8265020251274109 954
1737429353350 0.7475928664207458 955
1737429353667 0.8062127232551575 956
1737429353984 0.8379188179969788 957
1737429354300 0.8892598152160645 958
1737429354621 0.8382353186607361 959
1737429354940 0.8905308842658997 960
1737429355258 0.8269303441047668 961
1737429355573 0.832838237285614 962
1737429355890 0.8791160583496094 963
1737429356207 0.8338001370429993 964
1737429356527 0.8571428656578064 965
1737429356846 0.7660413384437561 966
1737429357161 0.8387846350669861 967
1737429357478 0.9025206565856934 968
1737429357798 0.8271284103393555 969
1737429358117 0.8508160710334778 970
1737429358435 0.822533369064331 971
1737429358753 0.8310315608978271 972
1737429359069 0.8242084980010986 973
1737429359388 0.8018178939819336 974
1737429359704 0.8930439352989197 975
1737429360027 0.911207914352417 976
1737429360345 0.8089041113853455 977
1737429360662 0.785714328289032 978
1737429360979 0.8692004680633545 979
1737429361296 0.8869302868843079 980
1737429361614 0.8265889286994934 981
1737429361934 0.8224010467529297 982
1737429362250 0.8554244637489319 983
1737429362565 0.8781144618988037 984
1737429362882 0.8798184990882874 985
1737429363199 0.7896866798400879 986
1737429363518 0.8621892929077148 987
1737429363837 0.8815956115722656 988
1737429364157 0.8308770060539246 989
1737429364475 0.8357957005500793 990
1737429364792 0.829437255859375 991
1737429365109 0.8783008456230164 992
1737429365426 0.8660879135131836 993
1737429365745 0.9128769040107727 994
1737429366062 0.9129207730293274 995
1737429366381 0.9438690543174744 996
1737429366698 0.8721611499786377 997
1737429367015 0.8115942478179932 998
1737429367332 0.9031184315681458 999
1737429367650 0.9123930335044861 1000
1737429367970 0.8650452494621277 1001
1737429368287 0.8273542523384094 1002
1737429368605 0.8583976626396179 1003
1737429368925 0.843781054019928 1004
1737429369245 0.8459646701812744 1005
1737429369562 0.8581147789955139 1006
1737429369880 0.8419806361198425 1007
1737429370198 0.8770563006401062 1008
1737429370517 0.9008708000183105 1009
1737429370834 0.85203617811203 1010
1737429371152 0.8848364949226379 1011
1737429371468 0.8469986915588379 1012
1737429371788 0.878866970539093 1013
1737429372104 0.8554222583770752 1014
1737429372421 0.8397283554077148 1015
1737429372738 0.8762752413749695 1016
1737429373056 0.9380225539207458 1017
1737429373408 0.8584842681884766 1018
1737429373728 0.8814191818237305 1019
1737429374046 0.8307245373725891 1020
1737429374366 0.8790206909179688 1021
1737429374682 0.7833633422851562 1022
1737429375001 0.901724636554718 1023
1737429375317 0.8838148713111877 1024
1737429375637 0.9030988216400146 1025
1737429375953 0.912367045879364 1026
1737429376272 0.8136574625968933 1027
1737429376588 0.88946932554245 1028
1737429376905 0.9326149821281433 1029
1737429377229 0.8694005608558655 1030
1737429377552 0.8598398566246033 1031
1737429377868 0.9023078083992004 1032
1737429378184 0.8212060928344727 1033
1737429378504 0.9118266105651855 1034
1737429378821 0.8554339408874512 1035
1737429379139 0.8553430438041687 1036
1737429379458 0.7964362502098083 1037
1737429379773 0.8579351305961609 1038
1737429380091 0.8256965279579163 1039
1737429380410 0.8103703856468201 1040
1737429380729 0.84700608253479 1041
1737429381048 0.8782097697257996 1042
1737429381367 0.9005091786384583 1043
1737429381683 0.8792788982391357 1044
1737429382004 0.8008658289909363 1045
1737429382320 0.8295817971229553 1046
1737429382639 0.9122509360313416 1047
1737429382960 0.8588538765907288 1048
1737429383278 0.8834224343299866 1049
1737429383596 0.833223283290863 1050
1737429383913 0.8548553586006165 1051
1737429384231 0.8047671914100647 1052
1737429384548 0.8789632320404053 1053
1737429384866 0.8364379405975342 1054
1737429385182 0.8254480361938477 1055
1737429385500 0.9012530446052551 1056
1737429385819 0.8673980832099915 1057
1737429386138 0.9016153812408447 1058
1737429386454 0.9058822989463806 1059
1737429386771 0.8704087138175964 1060
1737429387090 0.8220011591911316 1061
1737429387409 0.8938291668891907 1062
1737429387728 0.8024721145629883 1063
1737429388045 0.8378874659538269 1064
1737429388363 0.8811028599739075 1065
1737429388692 0.8455454707145691 1066
1737429389022 0.8999323844909668 1067
1737429389337 0.8754062652587891 1068
1737429389653 0.8492645621299744 1069
1737429389972 0.8660445213317871 1070
1737429390289 0.8647417426109314 1071
1737429390605 0.9092604517936707 1072
1737429390923 0.8745414614677429 1073
1737429391248 0.8222389221191406 1074
1737429391566 0.8634283542633057 1075
1737429391883 0.9233474135398865 1076
1737429392201 0.9037523865699768 1077
1737429392520 0.9030868411064148 1078
1737429392839 0.8530731201171875 1079
1737429393157 0.9196608662605286 1080
1737429393473 0.8897099494934082 1081
1737429393792 0.8787276148796082 1082
1737429394111 0.9007654190063477 1083
1737429394427 0.8139573931694031 1084
1737429394745 0.8576545715332031 1085
1737429395062 0.8749187588691711 1086
1737429395381 0.8898606896400452 1087
1737429395701 0.9028475284576416 1088
1737429396019 0.9425687193870544 1089
1737429396334 0.8492423892021179 1090
1737429396654 0.8717620968818665 1091
1737429396973 0.8448335528373718 1092
1737429397295 0.8572972416877747 1093
1737429397614 0.8375034332275391 1094
1737429397932 0.8796692490577698 1095
1737429398249 0.9459059834480286 1096
1737429398567 0.9119908213615417 1097
1737429398885 0.9463878273963928 1098
1737429399202 0.9561365246772766 1099
1737429399517 0.9124258160591125 1100
1737429399834 0.84797602891922 1101
1737429400151 0.7803738713264465 1102
1737429400467 0.8574457764625549 1103
1737429400782 0.8667978644371033 1104
1737429401101 0.8480623364448547 1105
1737429401417 0.8370653986930847 1106
1737429401737 0.879601001739502 1107
1737429402053 0.8255977630615234 1108
1737429402369 0.8578053116798401 1109
1737429402687 0.9039885997772217 1110
1737429403005 0.8846712112426758 1111
1737429403322 0.8283713459968567 1112
1737429403642 0.8276644349098206 1113
1737429403960 0.8935856223106384 1114
1737429404278 0.9025853276252747 1115
1737429404595 0.847800076007843 1116
1737429404911 0.892255961894989 1117
1737429405230 0.8920617699623108 1118
1737429405547 0.8686992526054382 1119
1737429405867 0.8620831966400146 1120
1737429406184 0.853618323802948 1121
1737429406502 0.8807458877563477 1122
1737429406818 0.9240637421607971 1123
1737429407137 0.8990567326545715 1124
1737429407452 0.9216788411140442 1125
1737429407771 0.9243993163108826 1126
1737429408090 0.8978951573371887 1127
1737429408407 0.8980769515037537 1128
1737429408725 0.8350961208343506 1129
1737429409049 0.8464189171791077 1130
1737429409376 0.9119972586631775 1131
1737429409693 0.8915266394615173 1132
1737429410012 0.8391769528388977 1133
1737429410328 0.8765708804130554 1134
1737429410647 0.819240391254425 1135
1737429410965 0.8867945671081543 1136
1737429411283 0.8679272532463074 1137
1737429411603 0.8337329030036926 1138
1737429411925 0.8511928915977478 1139
1737429412240 0.8869907855987549 1140
1737429412559 0.9225015044212341 1141
1737429412877 0.8557796478271484 1142
1737429413194 0.9067142009735107 1143
1737429413511 0.9225690364837646 1144
1737429413830 0.9240027070045471 1145
1737429414148 0.8832853436470032 1146
1737429414465 0.8274810314178467 1147
1737429414783 0.8521164059638977 1148
1737429415100 0.9442858695983887 1149
1737429415419 0.8585928082466125 1150
1737429415743 0.8853479027748108 1151
1737429416062 0.8981481194496155 1152
1737429416380 0.8914154171943665 1153
1737429416699 0.8413321375846863 1154
1737429417016 0.9456512331962585 1155
1737429417333 0.8694359660148621 1156
1737429417652 0.9071459770202637 1157
1737429417972 0.9072054028511047 1158
1737429418289 0.8909668326377869 1159
1737429418608 0.8284090161323547 1160
1737429418927 0.8849566578865051 1161
1737429419246 0.8875263333320618 1162
1737429419565 0.8987372517585754 1163
1737429419882 0.8390334248542786 1164
1737429420202 0.9334790706634521 1165
1737429420537 0.9236534237861633 1166
1737429420861 0.8270589709281921 1167
1737429421180 0.8445128798484802 1168
1737429421496 0.8502300381660461 1169
1737429421814 0.89755779504776 1170
1737429422131 0.8840729594230652 1171
1737429422450 0.8088235855102539 1172
1737429422770 0.8912391662597656 1173
1737429423096 0.8244743347167969 1174
1737429423413 0.9046518802642822 1175
1737429423734 0.9349992871284485 1176
1737429424052 0.9132813811302185 1177
1737429424369 0.8422589898109436 1178
1737429424689 0.9527543187141418 1179
1737429425008 0.8540319800376892 1180
1737429425327 0.9078974723815918 1181
1737429425647 0.8594089150428772 1182
1737429425966 0.8711366653442383 1183
1737429426285 0.8834041953086853 1184
1737429426602 0.8915925025939941 1185
1737429426923 0.8810462951660156 1186
1737429427240 0.848002016544342 1187
1737429427559 0.9216708540916443 1188
1737429427880 0.8499839305877686 1189
1737429428197 0.8480522036552429 1190
1737429428515 0.866811215877533 1191
1737429428834 0.867143452167511 1192
1737429429152 0.8046887516975403 1193
1737429429469 0.9234827160835266 1194
1737429429787 0.9094839692115784 1195
1737429430106 0.8274409770965576 1196
1737429430425 0.91550213098526 1197
1737429430743 0.8369984030723572 1198
1737429431060 0.8692005276679993 1199
1737429431378 0.8245421051979065 1200
1737429431695 0.8413190245628357 1201
1737429432013 0.8686046600341797 1202
1737429432333 0.934603750705719 1203
1737429432651 0.8920345306396484 1204
1737429432970 0.9047854542732239 1205
1737429433288 0.8677161335945129 1206
1737429433607 0.8265950083732605 1207
1737429433924 0.8711995482444763 1208
1737429434242 0.9558939933776855 1209
1737429434561 0.9245014190673828 1210
1737429434881 0.859471321105957 1211
1737429435199 0.881787121295929 1212
1737429435517 0.8560202717781067 1213
1737429435836 0.8462412357330322 1214
1737429436155 0.9363451600074768 1215
1737429436472 0.8576958775520325 1216
1737429436790 0.7764338850975037 1217
1737429437109 0.8279216885566711 1218
1737429437430 0.9034659266471863 1219
1737429437748 0.924391508102417 1220
1737429438068 0.920828640460968 1221
1737429438387 0.8790975213050842 1222
1737429438703 0.9021072387695312 1223
1737429439025 0.8407625555992126 1224
1737429439342 0.8782460689544678 1225
1737429439658 0.8499162197113037 1226
1737429439975 0.911637008190155 1227
1737429440292 0.7933125495910645 1228
1737429440609 0.8670528531074524 1229
1737429440927 0.8820175528526306 1230
1737429441245 0.8902378678321838 1231
1737429441565 0.8486581444740295 1232
1737429441883 0.8801719546318054 1233
1737429442200 0.8477880954742432 1234
1737429442517 0.8139214515686035 1235
1737429442834 0.8564040064811707 1236
1737429443153 0.8768625259399414 1237
1737429443473 0.8910579085350037 1238
1737429443788 0.7912499308586121 1239
1737429444106 0.8041634559631348 1240
1737429444425 0.8821509480476379 1241
1737429444742 0.7932203412055969 1242
1737429445059 0.8760476112365723 1243
1737429445379 0.9103148579597473 1244
1737429445696 0.8797407746315002 1245
1737429446018 0.8714497685432434 1246
1737429446334 0.8576096892356873 1247
1737429446652 0.9179894328117371 1248
1737429446972 0.9013593196868896 1249
1737429447293 0.8417853713035583 1250
1737429447609 0.9105820655822754 1251
1737429447926 0.8916768431663513 1252
1737429448244 0.8867477774620056 1253
1737429448563 0.8926900029182434 1254
1737429448881 0.8698742985725403 1255
1737429449197 0.814985990524292 1256
1737429449514 0.8255857825279236 1257
1737429449833 0.9222118258476257 1258
1737429450152 0.8948650360107422 1259
1737429450469 0.8885533809661865 1260
1737429450786 0.8293309211730957 1261
1737429451104 0.8299223780632019 1262
1737429451420 0.8213086128234863 1263
1737429451740 0.9345755577087402 1264
1737429452057 0.9314644932746887 1265
1737429452376 0.9036195278167725 1266
1737429452697 0.8362019062042236 1267
1737429453015 0.9022640585899353 1268
1737429453332 0.860694169998169 1269
1737429453650 0.8270589709281921 1270
1737429453968 0.8573134541511536 1271
1737429454286 0.8648911118507385 1272
1737429454604 0.8879666328430176 1273
1737429454922 0.8297410607337952 1274
1737429455240 0.7959792017936707 1275
1737429455560 0.838824987411499 1276
1737429455879 0.8697838187217712 1277
1737429456194 0.8671936988830566 1278
1737429456515 0.8988944888114929 1279
1737429456833 0.8816738724708557 1280
1737429457151 0.8884381651878357 1281
1737429457471 0.896003782749176 1282
1737429457788 0.8748164176940918 1283
1737429458106 0.8687500357627869 1284
1737429458423 0.9140875339508057 1285
1737429458741 0.8285694122314453 1286
1737429459059 0.8582337498664856 1287
1737429459379 0.8490821719169617 1288
1737429459697 0.8908151984214783 1289
1737429460018 0.916900098323822 1290
1737429460335 0.8997080326080322 1291
1737429460653 0.9424901008605957 1292
1737429460973 0.8639922142028809 1293
1737429461292 0.858123242855072 1294
1737429461611 0.8794822692871094 1295
1737429461928 0.8696797490119934 1296
1737429462245 0.9772401452064514 1297
1737429462564 0.850548505783081 1298
1737429462884 0.9248006343841553 1299
1737429463201 0.8918225169181824 1300
1737429463518 0.8600902557373047 1301
1737429463838 0.9536550641059875 1302
1737429464158 0.8897435665130615 1303
1737429464476 0.8199576735496521 1304
1737429464797 0.9206528067588806 1305
1737429465114 0.9029927253723145 1306
1737429465431 0.8409672379493713 1307
1737429465750 0.8175904750823975 1308
1737429466066 0.8502047061920166 1309
1737429466384 0.8712704181671143 1310
1737429466702 0.8356594443321228 1311
1737429467022 0.8820037841796875 1312
1737429467341 0.8694005608558655 1313
1737429467659 0.8810518383979797 1314
1737429467975 0.8306878209114075 1315
1737429468296 0.8634775280952454 1316
1737429468614 0.837174117565155 1317
1737429468931 0.8596162796020508 1318
1737429469247 0.9102904796600342 1319
1737429469566 0.9118640422821045 1320
1737429469885 0.8815407156944275 1321
1737429470205 0.9254729151725769 1322
1737429470522 0.8780774474143982 1323
1737429470841 0.8174999356269836 1324
1737429471160 0.8670404553413391 1325
1737429471480 0.8739943504333496 1326
1737429471802 0.8627877235412598 1327
1737429472120 0.8203696608543396 1328
1737429472436 0.928297221660614 1329
1737429472755 0.852611243724823 1330
1737429473071 0.8498335480690002 1331
1737429473390 0.8141257166862488 1332
1737429473709 0.8504137992858887 1333
1737429474027 0.8986411690711975 1334
1737429474346 0.9469435811042786 1335
1737429474661 0.8923482894897461 1336
1737429474980 0.9198033809661865 1337
1737429475300 0.9237303733825684 1338
1737429475617 0.8691756129264832 1339
1737429475934 0.8437285423278809 1340
1737429476252 0.8671355843544006 1341
1737429476570 0.9223073124885559 1342
1737429476887 0.8977363109588623 1343
1737429477207 0.8535929322242737 1344
1737429477522 0.8692753911018372 1345
1737429477840 0.7992610931396484 1346
1737429478159 0.8938649296760559 1347
1737429478476 0.8546373844146729 1348
1737429478795 0.8292437195777893 1349
1737429479113 0.882159411907196 1350
1737429479430 0.8836648464202881 1351
1737429479748 0.8558638691902161 1352
1737429480065 0.8314693570137024 1353
1737429480383 0.8607166409492493 1354
1737429480700 0.8673989772796631 1355
1737429481016 0.821139395236969 1356
1737429481336 0.8693668842315674 1357
1737429481655 0.9015538692474365 1358
1737429481974 0.824333131313324 1359
1737429482293 0.8233766555786133 1360
1737429482614 0.8245212435722351 1361
1737429482932 0.920189380645752 1362
1737429483250 0.84490966796875 1363
1737429483568 0.9125633239746094 1364
1737429483888 0.8471178412437439 1365
1737429484208 0.8752834796905518 1366
1737429484528 0.8149873614311218 1367
1737429484847 0.8154192566871643 1368
1737429485166 0.847217321395874 1369
1737429485485 0.82576984167099 1370
1737429485801 0.8747879862785339 1371
1737429486121 0.8913967609405518 1372
1737429486441 0.783068835735321 1373
1737429486762 0.8551896214485168 1374
1737429487079 0.8840362429618835 1375
1737429487396 0.846154510974884 1376
1737429487717 0.9455695748329163 1377
1737429488036 0.8850529789924622 1378
1737429488355 0.9014039039611816 1379
1737429488671 0.9077948927879333 1380
1737429488990 0.8917993903160095 1381
1737429489309 0.8491525650024414 1382
1737429489626 0.9240143299102783 1383
1737429489943 0.9568452835083008 1384
1737429490260 0.8660356402397156 1385
1737429490578 0.8804089426994324 1386
1737429490897 0.9338375926017761 1387
1737429491216 0.8879969716072083 1388
1737429491534 0.9439931511878967 1389
1737429491852 0.8439152836799622 1390
1737429492171 0.8568592071533203 1391
1737429492491 0.9036124348640442 1392
1737429492808 0.9555744528770447 1393
1737429493128 0.8989171981811523 1394
1737429493446 0.8909212946891785 1395
1737429493765 0.8593085408210754 1396
1737429494084 0.9107597470283508 1397
1737429494402 0.9333367943763733 1398
1737429494722 0.8911213278770447 1399
1737429495038 0.8894457817077637 1400
1737429495358 0.9376440048217773 1401
1737429495675 0.8632491230964661 1402
1737429495994 0.8833821415901184 1403
1737429496313 0.8820366263389587 1404
1737429496631 0.8843206763267517 1405
1737429496948 0.9034314155578613 1406
1737429497269 0.8792807459831238 1407
1737429497588 0.8778613209724426 1408
1737429497905 0.870198667049408 1409
1737429498224 0.9107974171638489 1410
1737429498544 0.9005725383758545 1411
1737429498864 0.9138379693031311 1412
1737429499181 0.9353097081184387 1413
1737429499502 0.9046247601509094 1414
1737429499821 0.8354246616363525 1415
1737429500139 0.8548731207847595 1416
1737429500459 0.8888095021247864 1417
1737429500776 0.8785247206687927 1418
1737429501094 0.8701884150505066 1419
1737429501412 0.8493556380271912 1420
1737429501729 0.9110919833183289 1421
1737429502047 0.8169283270835876 1422
1737429502367 0.8159090876579285 1423
1737429502686 0.8338711857795715 1424
1737429503007 0.8711622357368469 1425
1737429503326 0.8649029731750488 1426
1737429503643 0.8708925247192383 1427
1737429503961 0.8614827990531921 1428
1737429504277 0.8658597469329834 1429
1737429504595 0.8937229514122009 1430
1737429504914 0.8922519683837891 1431
1737429505232 0.8362019062042236 1432
1737429505548 0.8790366649627686 1433
1737429505867 0.9129336476325989 1434
1737429506184 0.8771957755088806 1435
1737429506506 0.8377976417541504 1436
1737429506822 0.8590278029441833 1437
1737429507141 0.9113903641700745 1438
1737429507461 0.8887057304382324 1439
1737429507778 0.854564905166626 1440
1737429508097 0.8815813660621643 1441
1737429508414 0.8813324570655823 1442
1737429508730 0.9257495403289795 1443
1737429509047 0.9024775624275208 1444
1737429509369 0.912142276763916 1445
1737429509684 0.9239200949668884 1446
1737429510003 0.8494529724121094 1447
1737429510321 0.9080243706703186 1448
1737429510640 0.9074074625968933 1449
1737429510958 0.9026376605033875 1450
1737429511278 0.9255734086036682 1451
1737429511595 0.8980879783630371 1452
1737429511913 0.8507817387580872 1453
1737429512231 0.9340123534202576 1454
1737429512550 0.8497797846794128 1455
1737429512866 0.8412081599235535 1456
1737429513183 0.923267662525177 1457
1737429513502 0.8706293106079102 1458
1737429513820 0.8382583260536194 1459
1737429514137 0.913712203502655 1460
1737429514454 0.8792016506195068 1461
1737429514771 0.8793993592262268 1462
1737429515088 0.8944818377494812 1463
1737429515406 0.8740474581718445 1464
1737429515724 0.8908151984214783 1465
1737429516041 0.9109351634979248 1466
1737429516361 0.8804519772529602 1467
1737429516678 0.9087150692939758 1468
1737429516995 0.8811390995979309 1469
1737429517313 0.9112078547477722 1470
1737429517629 0.8796512484550476 1471
1737429517947 0.8996188044548035 1472
1737429518265 0.8756260275840759 1473
1737429518583 0.8304937481880188 1474
1737429518902 0.8675056099891663 1475
1737429519221 0.8989801406860352 1476
1737429519537 0.9022594094276428 1477
1737429519856 0.8583440184593201 1478
1737429520177 0.8612926006317139 1479
1737429520497 0.8026097416877747 1480
1737429520813 0.9156846404075623 1481
1737429521131 0.8879711031913757 1482
1737429521449 0.892716109752655 1483
1737429521768 0.8477188944816589 1484
1737429522086 0.8387413024902344 1485
1737429522404 0.8781604766845703 1486
1737429522720 0.9238423705101013 1487
1737429523038 0.9450895190238953 1488
1737429523357 0.9243578314781189 1489
1737429523674 0.9138307571411133 1490
1737429523991 0.8670649528503418 1491
1737429524309 0.8266163468360901 1492
1737429524626 0.8457996249198914 1493
1737429524943 0.9224537014961243 1494
1737429525262 0.9354042410850525 1495
1737429525580 0.8696050047874451 1496
1737429525899 0.9126905798912048 1497
1737429526218 0.9006105065345764 1498
1737429526535 0.9572938084602356 1499
1737429526854 0.9128891825675964 1500
1737429527172 0.8391301035881042 1501
1737429527492 0.9012670516967773 1502
1737429527809 0.8534080386161804 1503
1737429528127 0.8909721970558167 1504
1737429528446 0.9319941997528076 1505
1737429528766 0.867470920085907 1506
1737429529084 0.8781008124351501 1507
1737429529402 0.8905099034309387 1508
1737429529720 0.8452441692352295 1509
1737429530037 0.9146707653999329 1510
1737429530356 0.8913977742195129 1511
1737429530673 0.8199689984321594 1512
1737429530992 0.8799486756324768 1513
1737429531312 0.9080662131309509 1514
1737429531632 0.868091344833374 1515
1737429531953 0.9014735221862793 1516
1737429532270 0.8698620200157166 1517
1737429532588 0.870539665222168 1518
1737429532905 0.8370653986930847 1519
1737429533225 0.8364145159721375 1520
1737429533543 0.8990697264671326 1521
1737429533859 0.8345382213592529 1522
1737429534178 0.8373175263404846 1523
1737429534495 0.8545603156089783 1524
1737429534812 0.8268280029296875 1525
1737429535131 0.8882670998573303 1526
1737429535448 0.9028379321098328 1527
1737429535766 0.8457217812538147 1528
1737429536084 0.8852878212928772 1529
1737429536401 0.8693546652793884 1530
1737429536720 0.868817150592804 1531
1737429537038 0.8564745783805847 1532
1737429537357 0.870184600353241 1533
1737429537674 0.8788051009178162 1534
1737429537994 0.8455150723457336 1535
1737429538313 0.9184755682945251 1536
1737429538631 0.8660972714424133 1537
1737429538950 0.9134199023246765 1538
1737429539267 0.853363037109375 1539
1737429539585 0.8990285396575928 1540
1737429539904 0.7730295062065125 1541
1737429540223 0.8987621665000916 1542
1737429540541 0.8903622031211853 1543
1737429540859 0.8690927028656006 1544
1737429541176 0.8875730633735657 1545
1737429541496 0.9102795720100403 1546
1737429541815 0.8141923546791077 1547
1737429542132 0.8560171723365784 1548
1737429542452 0.8655872941017151 1549
1737429542771 0.9007470011711121 1550
1737429543088 0.8786069750785828 1551
1737429543407 0.8480260372161865 1552
1737429543725 0.8808708786964417 1553
1737429544045 0.8840406537055969 1554
1737429544363 0.9532416462898254 1555
1737429544682 0.9129031300544739 1556
1737429545003 0.8898962140083313 1557
1737429545320 0.9137556552886963 1558
1737429545639 0.874920666217804 1559
1737429545956 0.8224992156028748 1560
1737429546273 0.8565428853034973 1561
1737429546592 0.8726999759674072 1562
1737429546911 0.8712232112884521 1563
1737429547232 0.8569073677062988 1564
1737429547550 0.8803102374076843 1565
1737429547868 0.8801152110099792 1566
1737429548188 0.912487804889679 1567
1737429548507 0.8781468272209167 1568
1737429548824 0.8729420304298401 1569
1737429549141 0.9037254452705383 1570
1737429549458 0.8145878314971924 1571
1737429549775 0.954637348651886 1572
1737429550096 0.8988437652587891 1573
1737429550412 0.8590994477272034 1574
1737429550731 0.8715894222259521 1575
1737429551048 0.8857870697975159 1576
1737429551364 0.8587612509727478 1577
1737429551684 0.9018027782440186 1578
1737429552001 0.8670995235443115 1579
1737429552322 0.9215734601020813 1580
1737429552638 0.8794465065002441 1581
1737429552956 0.8972002863883972 1582
1737429553273 0.8760560154914856 1583
1737429553592 0.9036815762519836 1584
1737429553909 0.9004279971122742 1585
1737429554228 0.8795194625854492 1586
1737429554546 0.8320105671882629 1587
1737429554864 0.8908031582832336 1588
1737429555184 0.8577939867973328 1589
1737429555502 0.9461670517921448 1590
1737429555818 0.8831169009208679 1591
1737429556136 0.8466293215751648 1592
1737429556456 0.8899126052856445 1593
1737429556776 0.8760545253753662 1594
1737429557095 0.9307554364204407 1595
1737429557411 0.809999942779541 1596
1737429557730 0.8605008125305176 1597
1737429558049 0.8922411799430847 1598
1737429558367 0.9111013412475586 1599
1737429558684 0.8699501156806946 1600
1737429559003 0.8892836570739746 1601
1737429559328 0.8902291655540466 1602
1737429559651 0.9019601941108704 1603
1737429559972 0.8703023791313171 1604
1737429560289 0.8797188401222229 1605
1737429560607 0.876316249370575 1606
1737429560925 0.8705105781555176 1607
1737429561243 0.9118266105651855 1608
1737429561560 0.8899638056755066 1609
1737429561877 0.8104478716850281 1610
1737429562196 0.9150180220603943 1611
1737429562515 0.8574499487876892 1612
1737429562834 0.8745098114013672 1613
1737429563151 0.8682038187980652 1614
1737429563468 0.8565165400505066 1615
1737429563787 0.8921329379081726 1616
1737429564106 0.9137919545173645 1617
1737429564426 0.8843574523925781 1618
1737429564744 0.8802380561828613 1619
1737429565064 0.9569197297096252 1620
1737429565382 0.911014974117279 1621
1737429565700 0.9074074625968933 1622
1737429566018 0.8839848637580872 1623
1737429566337 0.9210536479949951 1624
1737429566655 0.9349293112754822 1625
1737429566975 0.8746832013130188 1626
1737429567293 0.9119412899017334 1627
1737429567613 0.8806970715522766 1628
1737429567931 0.8887045979499817 1629
1737429568250 0.8165355324745178 1630
1737429568570 0.9011651873588562 1631
1737429568887 0.8545648455619812 1632
1737429569207 0.8789352774620056 1633
1737429569527 0.8885059356689453 1634
1737429569842 0.8872644901275635 1635
1737429570161 0.8919937610626221 1636
1737429570480 0.8886964917182922 1637
1737429570801 0.88179612159729 1638
1737429571121 0.8975532054901123 1639
1737429571439 0.859926700592041 1640
1737429571759 0.8908736705780029 1641
1737429572080 0.8133187294006348 1642
1737429572399 0.9328437447547913 1643
1737429572715 0.8399522304534912 1644
1737429573033 0.9048665165901184 1645
1737429573353 0.8556017875671387 1646
1737429573673 0.9114616513252258 1647
1737429573991 0.8953880667686462 1648
1737429574307 0.8138618469238281 1649
1737429574624 0.9567530155181885 1650
1737429574942 0.836859405040741 1651
1737429575260 0.8913211226463318 1652
1737429575579 0.8888066411018372 1653
1737429575896 0.851726233959198 1654
1737429576214 0.8908030390739441 1655
1737429576535 0.8356902599334717 1656
1737429576850 0.9537299275398254 1657
1737429577168 0.8983855247497559 1658
1737429577487 0.9271306395530701 1659
1737429577809 0.9009323716163635 1660
1737429578128 0.8587562441825867 1661
1737429578447 0.9006348252296448 1662
1737429578767 0.8739009499549866 1663
1737429579084 0.913134753704071 1664
1737429579402 0.9370351433753967 1665
1737429579718 0.8260869383811951 1666
1737429580036 0.8624961376190186 1667
1737429580354 0.903834879398346 1668
1737429580675 0.8504018783569336 1669
1737429580995 0.9247511029243469 1670
1737429581313 0.9231891632080078 1671
1737429581632 0.9154630303382874 1672
1737429581949 0.8472980856895447 1673
1737429582268 0.8500728607177734 1674
1737429582587 0.8943310379981995 1675
1737429582904 0.9001786112785339 1676
1737429583223 0.9013881683349609 1677
1737429583542 0.8830419182777405 1678
1737429583859 0.9021680951118469 1679
1737429584177 0.9137120842933655 1680
1737429584496 0.8894486427307129 1681
1737429584812 0.9119157195091248 1682
1737429585129 0.9306281208992004 1683
1737429585447 0.8895118236541748 1684
1737429585766 0.8761735558509827 1685
1737429586083 0.8396093845367432 1686
1737429586401 0.9002525806427002 1687
1737429586720 0.865595817565918 1688
1737429587037 0.9243820309638977 1689
1737429587356 0.922705352306366 1690
1737429587674 0.9044549465179443 1691
1737429587991 0.8708768486976624 1692
1737429588309 0.880562961101532 1693
1737429588628 0.8540305495262146 1694
1737429588947 0.9347620010375977 1695
1737429589266 0.8676311373710632 1696
1737429589583 0.8451566696166992 1697
1737429589902 0.9640362858772278 1698
1737429590221 0.9255976676940918 1699
1737429590541 0.9436545968055725 1700
1737429590858 0.8580622673034668 1701
1737429591177 0.8781076073646545 1702
1737429591499 0.8541064262390137 1703
1737429591821 0.902205765247345 1704
1737429592140 0.8974656462669373 1705
1737429592458 0.9267919659614563 1706
1737429592777 0.9131789803504944 1707
1737429593095 0.8810948729515076 1708
1737429593414 0.8160853385925293 1709
1737429593733 0.8996736407279968 1710
1737429594051 0.9139588475227356 1711
1737429594370 0.9009315967559814 1712
1737429594688 0.8332133889198303 1713
1737429595009 0.8544192314147949 1714
1737429595325 0.8773095607757568 1715
1737429595644 0.8864281177520752 1716
1737429595962 0.8860200047492981 1717
1737429596281 0.9032740592956543 1718
1737429596596 0.8601102828979492 1719
1737429596918 0.8815226554870605 1720
1737429597238 0.9468954205513 1721
1737429597555 0.8809647560119629 1722
1737429597871 0.8892031311988831 1723
1737429598077 0.9311876893043518 1724
1737429614276 0.8879711031913757 1725
1737429614594 0.901785671710968 1726
1737429614911 0.8638737797737122 1727
1737429615226 0.8211782574653625 1728
1737429615544 0.8367484211921692 1729
1737429615864 0.8814805150032043 1730
1737429616181 0.9230334162712097 1731
1737429616498 0.95521479845047 1732
1737429616815 0.8750044703483582 1733
1737429617132 0.881304919719696 1734
1737429617448 0.9025139212608337 1735
1737429617767 0.9316536784172058 1736
1737429618085 0.8331546187400818 1737
1737429618403 0.9328661561012268 1738
1737429618719 0.8987179398536682 1739
1737429619038 0.9178842902183533 1740
1737429619355 0.9365324974060059 1741
1737429619671 0.8909088969230652 1742
1737429619988 0.924684464931488 1743
1737429620306 0.9088602662086487 1744
1737429620628 0.8927609324455261 1745
1737429620945 0.9233202338218689 1746
1737429621262 0.8683145046234131 1747
1737429621578 0.8902861475944519 1748
1737429621894 0.9131997227668762 1749
1737429622212 0.8915343284606934 1750
1737429622531 0.8664743304252625 1751
1737429622850 0.8375940322875977 1752
1737429623166 0.923789918422699 1753
1737429623485 0.9581379890441895 1754
1737429623802 0.8683340549468994 1755
1737429624120 0.8890788555145264 1756
1737429624437 0.8260365128517151 1757
1737429624757 0.9137557148933411 1758
1737429625074 0.8569603562355042 1759
1737429625390 0.901409924030304 1760
1737429625708 0.8578090667724609 1761
1737429626027 0.923279345035553 1762
1737429626345 0.9126530289649963 1763
1737429626663 0.8403701186180115 1764
1737429626984 0.86640864610672 1765
1737429627301 0.8719441890716553 1766
1737429627622 0.8366987109184265 1767
1737429627940 0.8194016814231873 1768
1737429628259 0.828906238079071 1769
1737429628576 0.8218954205513 1770
1737429628893 0.8534292578697205 1771
1737429629211 0.9010581970214844 1772
1737429629530 0.8801023364067078 1773
1737429629849 0.8665690422058105 1774
1737429630167 0.8869902491569519 1775
1737429630484 0.9046395421028137 1776
1737429630802 0.8991403579711914 1777
1737429631121 0.9244992136955261 1778
1737429631442 0.8875263333320618 1779
1737429631763 0.8465220332145691 1780
1737429632081 0.8841158747673035 1781
1737429632398 0.946438729763031 1782
1737429632717 0.90016108751297 1783
1737429633034 0.8602636456489563 1784
1737429633353 0.8841979503631592 1785
1737429633669 0.9447159171104431 1786
1737429633990 0.8893916606903076 1787
1737429634307 0.8995621800422668 1788
1737429634625 0.8544540405273438 1789
1737429634943 0.8803086280822754 1790
1737429635261 0.8904861807823181 1791
1737429635579 0.9037525057792664 1792
1737429635899 0.9447861313819885 1793
1737429636217 0.8919395804405212 1794
1737429636533 0.8566411137580872 1795
1737429636850 0.8671092391014099 1796
1737429637169 0.8781204223632812 1797
1737429637486 0.8908491134643555 1798
1737429637804 0.8926833271980286 1799
1737429638123 0.9579639434814453 1800
1737429638441 0.9440489411354065 1801
1737429638761 0.8483673930168152 1802
1737429639079 0.9092369079589844 1803
1737429639397 0.9138171076774597 1804
1737429639715 0.8804041743278503 1805
1737429640033 0.9080445766448975 1806
1737429640353 0.9349316954612732 1807
1737429640670 0.8345149159431458 1808
1737429640988 0.9193121790885925 1809
1737429641305 0.9111739993095398 1810
1737429641625 0.8870851397514343 1811
1737429641942 0.8694799542427063 1812
1737429642261 0.8695104718208313 1813
1737429642580 0.8876035809516907 1814
1737429642898 0.9020110964775085 1815
1737429643219 0.8810462355613708 1816
1737429643542 0.8142334818840027 1817
1737429643866 0.8259527683258057 1818
1737429644183 0.8910109400749207 1819
1737429644500 0.8949460983276367 1820
1737429644819 0.8743066787719727 1821
1737429645138 0.8897547125816345 1822
1737429645456 0.9032959938049316 1823
1737429645774 0.9102044105529785 1824
1737429646091 0.9339549541473389 1825
1737429646409 0.9013888835906982 1826
1737429646725 0.9342503547668457 1827
1737429647044 0.8584092259407043 1828
1737429647362 0.9035137295722961 1829
1737429647676 0.9456724524497986 1830
1737429648004 0.9102188944816589 1831
1737429648320 0.9227189421653748 1832
1737429648639 0.8881433010101318 1833
1737429648956 0.9313576817512512 1834
1737429649274 0.8700764179229736 1835
1737429649592 0.8865036964416504 1836
1737429649910 0.9002976417541504 1837
1737429650231 0.9567276835441589 1838
1737429650548 0.8652556538581848 1839
1737429650865 0.8487637042999268 1840
1737429651181 0.9678311347961426 1841
1737429651501 0.9545979499816895 1842
1737429651827 0.9234427809715271 1843
1737429652146 0.8778975605964661 1844
1737429652464 0.9428613781929016 1845
1737429652781 0.9238181710243225 1846
1737429653101 0.9128835201263428 1847
1737429653418 0.8808640837669373 1848
1737429653736 0.9131803512573242 1849
1737429654056 0.9347734451293945 1850
1737429654375 0.8944489359855652 1851
1737429654693 0.9234712719917297 1852
1737429655012 0.8765262961387634 1853
1737429655331 0.9014244675636292 1854
1737429655650 0.9201850891113281 1855
1737429655971 0.957023561000824 1856
1737429656286 0.9240480065345764 1857
1737429656604 0.944674015045166 1858
1737429656920 0.9101178050041199 1859
1737429657239 0.8486382961273193 1860
1737429657558 0.9379294514656067 1861
1737429657877 0.9242472052574158 1862
1737429658198 0.8889327049255371 1863
1737429658515 0.892041027545929 1864
1737429658833 0.9018669724464417 1865
1737429659152 0.9111014008522034 1866
1737429659471 0.9009168148040771 1867
1737429659788 0.9028967022895813 1868
1737429660105 0.9211297035217285 1869
1737429660421 0.9026541709899902 1870
1737429660740 0.933305025100708 1871
1737429661059 0.9430766701698303 1872
1737429661378 0.9388835430145264 1873
1737429661696 0.9073308110237122 1874
1737429662014 0.9004572033882141 1875
1737429662332 0.9319941997528076 1876
1737429662650 0.9341619610786438 1877
1737429662968 0.9111989140510559 1878
1737429663285 0.9174725413322449 1879
1737429663604 0.9516501426696777 1880
1737429663924 0.9321839213371277 1881
1737429664242 0.8745098114013672 1882
1737429664560 0.9131944179534912 1883
1737429664878 0.8684547543525696 1884
1737429665198 0.923117458820343 1885
1737429665515 0.953717052936554 1886
1737429665833 0.934283971786499 1887
1737429666151 0.926349937915802 1888
1737429666468 0.8915644288063049 1889
1737429666785 0.9347222447395325 1890
1737429667103 0.9206345081329346 1891
1737429667421 0.9024094939231873 1892
1737429667741 0.9240944385528564 1893
1737429668060 0.9245791435241699 1894
1737429668380 0.881473958492279 1895
1737429668696 0.9334790110588074 1896
1737429669016 0.8810480237007141 1897
1737429669333 0.9203062057495117 1898
1737429669650 0.8569492697715759 1899
1737429669970 0.9456002712249756 1900
1737429670287 0.9000911712646484 1901
1737429670605 0.87900310754776 1902
1737429670923 0.8721742033958435 1903
1737429671244 0.902033805847168 1904
1737429671563 0.9586212635040283 1905
1737429671881 0.9132205843925476 1906
1737429672199 0.9346024394035339 1907
1737429672518 0.8788545727729797 1908
1737429672836 0.9440363049507141 1909
1737429673151 0.9448716640472412 1910
1737429673470 0.9340987205505371 1911
1737429673790 0.8845965266227722 1912
1737429674108 0.8986411094665527 1913
1737429674425 0.8819432854652405 1914
1737429674743 0.9346728324890137 1915
1737429675063 0.9532416462898254 1916
1737429675382 0.9031327366828918 1917
1737429675699 0.933770477771759 1918
1737429676018 0.8908154964447021 1919
1737429676336 0.9451257586479187 1920
1737429676655 0.9660117626190186 1921
1737429676974 0.8936781883239746 1922
1737429677291 0.9095606803894043 1923
1737429677609 0.931224524974823 1924
1737429677928 0.9327247738838196 1925
1737429678247 0.914595365524292 1926
1737429678565 0.9129026532173157 1927
1737429678882 0.9121502041816711 1928
1737429679198 0.9566311836242676 1929
1737429679517 0.9353812336921692 1930
1737429679835 0.9019332528114319 1931
1737429680152 0.9174174666404724 1932
1737429680471 0.8993352055549622 1933
1737429680789 0.9321937561035156 1934
1737429681107 0.8892114758491516 1935
1737429681426 0.8769230842590332 1936
1737429681744 0.9144715666770935 1937
1737429682063 0.9365398287773132 1938
1737429682382 0.9146707653999329 1939
1737429682701 0.9360119700431824 1940
1737429683020 0.9229590892791748 1941
1737429683336 0.9623740315437317 1942
1737429683655 0.9043970108032227 1943
1737429683972 0.9568137526512146 1944
1737429684290 0.9238539338111877 1945
1737429684608 0.8978601098060608 1946
1737429684926 0.9032888412475586 1947
1737429685245 0.9526823163032532 1948
1737429685563 0.9406402707099915 1949
1737429685882 0.9243245124816895 1950
1737429686202 0.9778783917427063 1951
1737429686519 0.8931731581687927 1952
1737429686835 0.9454801678657532 1953
1737429687152 0.9276881814002991 1954
1737429687473 0.8727381229400635 1955
1737429687794 0.8487716317176819 1956
1737429688111 0.9341413974761963 1957
1737429688431 0.9782913327217102 1958
1737429688749 0.9132418036460876 1959
1737429689068 0.9679653644561768 1960
1737429689387 0.918816089630127 1961
1737429689708 0.9566206932067871 1962
1737429690029 0.9124278426170349 1963
1737429690349 0.8877370357513428 1964
1737429690668 0.9111089706420898 1965
1737429690986 0.900653064250946 1966
1737429691303 0.8996188044548035 1967
1737429691621 0.883817195892334 1968
1737429691941 0.9359315037727356 1969
1737429692257 0.9049561023712158 1970
1737429692575 0.8920759558677673 1971
1737429692893 0.9351724982261658 1972
1737429693212 0.9530143737792969 1973
1737429693531 0.8518518805503845 1974
1737429693850 0.904036819934845 1975
1737429694169 0.9353299736976624 1976
1737429694486 0.9222426414489746 1977
1737429694806 0.8827537894248962 1978
1737429695123 0.9354372024536133 1979
1737429695443 0.9334642887115479 1980
1737429695761 0.9151473641395569 1981
1737429696078 0.9218618869781494 1982
1737429696398 0.9718086123466492 1983
1737429696717 0.9390749335289001 1984
1737429697035 0.9354074001312256 1985
1737429697353 0.923032820224762 1986
1737429697672 0.943375825881958 1987
1737429697989 0.9780657887458801 1988
1737429698306 0.9533929228782654 1989
1737429698623 0.9565678238868713 1990
1737429698943 0.9015405774116516 1991
1737429699261 0.9343367218971252 1992
1737429699579 0.9444892406463623 1993
1737429699899 0.9563450217247009 1994
1737429700218 0.9041749835014343 1995
1737429700536 0.910088837146759 1996
1737429700856 0.8844189643859863 1997
1737429701173 0.9344813823699951 1998
1737429701491 0.8547506928443909 1999
1737429701810 0.926993191242218 2000
1737429702128 0.9353130459785461 2001
1737429702446 0.9550105929374695 2002
1737429702766 0.9786984324455261 2003
1737429703087 0.9161958694458008 2004
1737429703403 0.9535202980041504 2005
1737429703722 0.9419386982917786 2006
1737429704040 0.9452621936798096 2007
1737429704357 0.9565837383270264 2008
1737429704675 0.9360365867614746 2009
1737429704994 0.891897976398468 2010
1737429705316 0.9787402749061584 2011
1737429705634 0.9134399890899658 2012
1737429705953 0.9303696155548096 2013
1737429706272 0.9218176007270813 2014
1737429706591 0.9458333849906921 2015
1737429706911 0.9443240165710449 2016
1737429707230 0.9670977592468262 2017
1737429707547 0.9567434191703796 2018
1737429707867 0.9425652027130127 2019
1737429708185 0.9519841074943542 2020
1737429708503 0.9122541546821594 2021
1737429708822 0.8929995894432068 2022
1737429709140 0.967947781085968 2023
1737429709457 0.9003593325614929 2024
1737429709775 0.8746562004089355 2025
1737429710095 0.922814667224884 2026
1737429710411 0.9550922513008118 2027
1737429710731 0.922468900680542 2028
1737429711048 0.9224727749824524 2029
1737429711368 0.9231820106506348 2030
1737429711693 0.9385891556739807 2031
1737429712012 0.9666547179222107 2032
1737429712330 0.9088407158851624 2033
1737429712649 0.9031588435173035 2034
